122.135495 70.466831 0 0
122.088517 70.763609 0 0
122.041539 71.060388 0 0
121.994560 71.357166 0 0
121.947582 71.653944 0 0
121.900604 71.950723 0 0
121.853626 72.247501 0 0
121.806648 72.544279 0 0
121.759670 72.841058 0 0
121.712692 73.137836 0 0
121.665713 73.434614 0 0
121.618735 73.731392 0 0
121.571757 74.028171 0 0
121.524779 74.324949 0 0
121.477801 74.621727 0 0
121.430823 74.918506 0 0
121.383845 75.215284 0 0
121.336867 75.512062 0 0
121.289888 75.808841 0 0
121.242910 76.105619 0 0
121.195932 76.402397 0 0
121.148954 76.699175 0 0
121.101976 76.995954 0 0
121.054998 77.292732 0 0
121.008020 77.589511 0 0
120.961041 77.886289 0 0
120.914063 78.183067 0 0
120.867085 78.479845 0 0
120.820107 78.776624 0 0
120.773129 79.073402 0 0
120.726151 79.370180 0 0
120.679173 79.666959 0 0
120.632194 79.963737 0 0
120.585216 80.260515 0 0
120.538238 80.557293 0 0
120.491260 80.854072 0 0
120.444282 81.150850 0 0
120.397304 81.447628 0 0
120.350326 81.744407 0 0
120.303347 82.041185 0 0
120.256369 82.337963 0 0
120.209391 82.634742 0 0
120.162413 82.931520 0 0
120.115435 83.228298 0 0
120.068457 83.525077 0 0
120.021479 83.821855 0 0
119.974500 84.118633 0 0
119.927522 84.415411 0 0
119.880544 84.712190 0 0
119.833566 85.008968 0 0
119.786588 85.305746 0 0
119.739610 85.602525 0 0
119.692632 85.899303 0 0
119.645654 86.196081 0 0
119.598675 86.492860 0 0
119.551697 86.789638 0 0
119.504719 87.086416 0 0
119.457741 87.383195 0 0
119.410763 87.679973 0 0
119.363785 87.976751 0 0
119.316807 88.273529 0 0
119.269828 88.570308 0 0
119.222850 88.867086 0 0
119.175872 89.163864 0 0
119.128894 89.460643 0 0
119.081916 89.757421 0 0
119.034938 90.054199 0 0
118.987960 90.350978 0 0
118.940981 90.647756 0 0
118.894003 90.944534 0 0
118.847025 91.241312 0 0
118.800047 91.538091 0 0
118.753069 91.834869 0 0
118.706091 92.131648 0 0
118.659113 92.428426 0 0
118.612135 92.725204 0 0
118.565156 93.021982 0 0
118.518178 93.318761 0 0
118.471200 93.615539 0 0
118.424222 93.912317 0 0
118.377244 94.209096 0 0
118.330266 94.505874 0 0
118.283288 94.802652 0 0
118.236309 95.099431 0 0
118.189331 95.396209 0 0
118.142353 95.692987 0 0
118.095375 95.989765 0 0
118.048397 96.286544 0 0
118.001419 96.583322 0 0
117.954441 96.880100 0 0
117.907462 97.176879 0 0
117.860484 97.473657 0 0
117.813506 97.770435 0 0
117.766528 98.067214 0 0
117.719550 98.363992 0 0
117.672572 98.660770 0 0
117.625594 98.957548 0 0
117.578615 99.254327 0 0
117.531637 99.551105 0 0
117.484659 99.847884 0 0
117.437681 100.144662 0 0
117.390703 100.441440 0 0
117.343725 100.738218 0 0
117.296747 101.034997 0 0
117.249769 101.331775 0 0
117.202790 101.628553 0 0
117.155812 101.925332 0 0
117.108834 102.222110 0 0
117.061856 102.518888 0 0
117.014878 102.815667 0 0
116.967900 103.112445 0 0
116.920922 103.409223 0 0
116.873943 103.706001 0 0
116.826965 104.002780 0 0
116.779987 104.299558 0 0
116.733009 104.596336 0 0
116.686031 104.893115 0 0
116.639053 105.189893 0 0
116.592075 105.486671 0 0
116.545096 105.783450 0 0
116.498118 106.080228 0 0
116.451140 106.377006 0 0
116.404162 106.673785 0 0
116.357184 106.970563 0 0
116.310206 107.267341 0 0
116.263228 107.564119 0 0
116.216249 107.860898 0 0
116.169271 108.157676 0 0
116.122293 108.454454 0 0
116.075315 108.751233 0 0
116.028337 109.048011 0 0
115.981359 109.344789 0 0
115.934381 109.641568 0 0
115.887403 109.938346 0 0
115.840424 110.235124 0 0
115.793446 110.531902 0 0
115.746468 110.828681 0 0
115.699490 111.125459 0 0
115.652512 111.422237 0 0
115.605534 111.719016 0 0
115.558556 112.015794 0 0
115.511577 112.312572 0 0
115.464599 112.609351 0 0
115.417621 112.906129 0 0
115.370643 113.202907 0 0
115.323665 113.499686 0 0
115.276687 113.796464 0 0
115.229709 114.093242 0 0
115.182730 114.390021 0 0
115.135752 114.686799 0 0
115.088774 114.983577 0 0
115.041796 115.280355 0 0
114.994818 115.577134 0 0
114.947840 115.873912 0 0
114.900862 116.170690 0 0
114.853883 116.467469 0 0
114.806905 116.764247 0 0
114.759927 117.061025 0 0
114.712949 117.357804 0 0
114.665971 117.654582 0 0
114.618993 117.951360 0 0
114.572015 118.248138 0 0
114.525037 118.544917 0 0
114.478058 118.841695 0 0
114.431080 119.138474 0 0
114.384102 119.435252 0 0
114.337124 119.732030 0 0
114.290146 120.028808 0 0
114.243168 120.325587 0 0
114.196190 120.622365 0 0
114.149211 120.919143 0 0
114.102233 121.215922 0 0
114.055255 121.512700 0 0
114.008277 121.809478 0 0
113.961299 122.106256 0 0
113.914321 122.403035 0 0
113.867343 122.699813 0 0
113.820364 122.996591 0 0
113.773386 123.293370 0 0
113.726408 123.590148 0 0
113.679430 123.886926 0 0
113.632452 124.183705 0 0
113.585474 124.480483 0 0
113.538496 124.777261 0 0
113.491517 125.074039 0 0
113.444539 125.370818 0 0
113.397561 125.667596 0 0
113.350583 125.964375 0 0
113.303605 126.261153 0 0
113.256627 126.557931 0 0
113.209649 126.854709 0 0
113.162670 127.151488 0 0
113.115692 127.448266 0 0
113.068714 127.745044 0 0
113.021736 128.041823 0 0
112.974758 128.338601 0 0
112.927780 128.635379 0 0
112.880802 128.932158 0 0
112.833824 129.228936 0 0
112.786845 129.525714 0 0
112.739867 129.822492 0 0
112.692889 130.119271 0 0
112.645911 130.416049 0 0
112.598933 130.712828 0 0
112.551955 131.009606 0 0
112.504977 131.306384 0 0
112.457998 131.603162 0 0
112.411020 131.899941 0 0
112.364042 132.196719 0 0
112.317064 132.493497 0 0
112.270086 132.790275 0 0
112.223108 133.087054 0 0
112.176130 133.383832 0 0
112.129151 133.680611 0 0
112.082169 133.977388 0 0
112.035101 134.274152 0 0
111.998302 134.507879 0 0
111.933832 134.719465 0 0
111.848985 134.993725 0 0
111.759431 135.283627 0 0
111.677014 135.532862 0 0
111.586661 135.761598 0 0
111.483736 135.984959 0 0
111.368557 136.202255 0 0
111.241480 136.412813 0 0
111.102897 136.615985 0 0
110.953238 136.811140 0 0
110.792964 136.997677 0 0
110.622571 137.175018 0 0
110.442585 137.342615 0 0
110.253564 137.499951 0 0
110.056091 137.646539 0 0
109.850776 137.781926 0 0
109.638255 137.905693 0 0
109.419184 138.017458 0 0
109.251575 138.095442 0 0
108.918992 138.184105 0 0
108.671353 138.233834 0 0
108.395148 138.284508 0 0
108.118012 138.329816 0 0
107.840050 138.369742 0 0
107.561366 138.404270 0 0
107.282065 138.433388 0 0
107.002252 138.457084 0 0
106.722031 138.475350 0 0
106.441509 138.488178 0 0
106.160791 138.495564 0 0
105.879983 138.497506 0 0
105.599190 138.494002 0 0
105.318518 138.485053 0 0
105.038072 138.470664 0 0
104.757957 138.450839 0 0
104.478280 138.425586 0 0
104.199145 138.394915 0 0
103.920657 138.358836 0 0
103.619563 138.317448 0 0
103.183509 138.258919 0 0
102.911506 138.211037 0 0
102.611462 138.158464 0 0
102.311420 138.105882 0 0
102.011378 138.053300 0 0
101.711336 138.000718 0 0
101.411295 137.948135 0 0
101.111253 137.895553 0 0
100.811211 137.842971 0 0
100.511169 137.790388 0 0
100.211127 137.737806 0 0
99.911085 137.685224 0 0
99.611044 137.632642 0 0
99.311002 137.580059 0 0
99.010960 137.527477 0 0
98.710918 137.474895 0 0
98.410876 137.422312 0 0
98.110834 137.369730 0 0
97.810793 137.317148 0 0
97.510751 137.264565 0 0
97.210709 137.211983 0 0
96.910667 137.159401 0 0
96.610625 137.106818 0 0
96.310583 137.054236 0 0
96.010541 137.001654 0 0
95.710500 136.949071 0 0
95.410458 136.896489 0 0
95.110416 136.843907 0 0
94.810374 136.791325 0 0
94.510332 136.738742 0 0
94.210290 136.686160 0 0
93.910249 136.633578 0 0
93.610207 136.580995 0 0
93.310165 136.528413 0 0
93.010123 136.475831 0 0
92.710081 136.423248 0 0
92.410039 136.370666 0 0
92.109997 136.318084 0 0
91.809955 136.265501 0 0
91.509914 136.212919 0 0
91.209872 136.160337 0 0
90.909830 136.107754 0 0
90.609788 136.055172 0 0
90.309746 136.002590 0 0
90.009704 135.950007 0 0
89.709663 135.897425 0 0
89.409623 135.844831 0 0
89.137261 135.797257 0 0
88.913940 135.747397 0 0
88.602368 135.670377 0 0
88.269405 135.592138 0 0
87.996367 135.524781 0 0
87.723574 135.457185 0 0
87.451693 135.386115 0 0
87.181279 135.309653 0 0
86.912439 135.227830 0 0
86.645278 135.140678 0 0
86.379904 135.048232 0 0
86.116419 134.950527 0 0
85.854930 134.847603 0 0
85.595538 134.739501 0 0
85.338347 134.626263 0 0
85.083458 134.507933 0 0
84.830973 134.384559 0 0
84.580990 134.256190 0 0
84.333608 134.122875 0 0
84.088927 133.984669 0 0
83.847041 133.841625 0 0
83.608047 133.693800 0 0
83.372040 133.541253 0 0
83.139113 133.384043 0 0
82.909356 133.222234 0 0
82.682863 133.055888 0 0
82.459722 132.885072 0 0
82.240021 132.709854 0 0
82.023847 132.530301 0 0
81.809727 132.348253 0 0
81.595562 132.165952 0 0
81.381091 131.983360 0 0
81.166157 131.800325 0 0
80.950608 131.616678 0 0
80.734302 131.432249 0 0
80.517104 131.246859 0 0
80.299041 131.060510 0 0
80.078275 130.870846 0 0
79.855989 130.679588 0 0
79.633576 130.488082 0 0
79.409890 130.294927 0 0
79.184851 130.099957 0 0
78.958386 129.902999 0 0
78.730445 129.703866 0 0
78.498100 129.497194 0 0
78.279213 129.312406 0 0
78.047688 129.108000 0 0
77.815334 128.902491 0 0
77.582667 128.696511 0 0
77.349685 128.490052 0 0
77.116387 128.283107 0 0
76.882770 128.075668 0 0
76.648833 127.867728 0 0
76.414573 127.659279 0 0
76.179987 127.450314 0 0
75.945074 127.240827 0 0
75.709454 127.030230 0 0
75.477182 126.824523 0 0
75.247361 126.623520 0 0
75.016220 126.420219 0 0
74.785532 126.217617 0 0
74.555288 126.015703 0 0
74.325485 125.814462 0 0
74.096118 125.613881 0 0
73.867182 125.413946 0 0
73.638673 125.214642 0 0
73.410585 125.015957 0 0
73.182915 124.817877 0 0
72.955659 124.620386 0 0
72.737001 124.434754 0 0
72.607215 124.372895 0 0
72.378820 124.178778 0 0
72.158310 123.995383 0 0
71.938612 123.813044 0 0
71.719702 123.631702 0 0
71.501549 123.451296 0 0
71.284123 123.271769 0 0
71.067393 123.093066 0 0
70.851325 122.915130 0 0
70.635886 122.737906 0 0
70.421039 122.561342 0 0
70.202489 122.380868 0 0
70.005787 122.223033 0 0
69.819657 122.076961 0 0
69.617897 121.915350 0 0
69.416638 121.754226 0 0
69.215782 121.593467 0 0
69.015217 121.432963 0 0
68.814823 121.272616 0 0
68.614359 121.112484 0 0
68.411253 120.955719 0 0
68.205450 120.802512 0 0
67.968144 120.630258 0 0
67.895411 120.576962 0 0
67.688830 120.433960 0 0
67.476143 120.292305 0 0
67.260926 120.154525 0 0
67.043249 120.020664 0 0
66.823185 119.890766 0 0
66.600804 119.764875 0 0
66.376181 119.643030 0 0
66.149388 119.525272 0 0
65.920500 119.411640 0 0
65.689592 119.302171 0 0
65.456741 119.196900 0 0
65.222021 119.095863 0 0
64.985510 118.999093 0 0
64.747286 118.906620 0 0
64.507427 118.818476 0 0
64.266011 118.734690 0 0
64.023117 118.655288 0 0
63.778826 118.580297 0 0
63.533218 118.509742 0 0
63.286371 118.443645 0 0
63.038369 118.382029 0 0
62.789291 118.324913 0 0
62.539220 118.272316 0 0
62.288238 118.224256 0 0
62.036427 118.180747 0 0
61.783869 118.141806 0 0
61.530648 118.107443 0 0
61.276846 118.077671 0 0
61.022546 118.052500 0 0
60.767833 118.031937 0 0
60.508197 118.015739 0 0
60.260666 118.003969 0 0
59.997546 117.994812 0 0
59.740391 117.990397 0 0
59.483198 117.990472 0 0
59.226044 117.995035 0 0
58.969010 118.004085 0 0
58.712173 118.017620 0 0
58.455611 118.035636 0 0
58.199403 118.058126 0 0
57.943627 118.085084 0 0
57.688359 118.116502 0 0
57.433679 118.152370 0 0
57.179664 118.192677 0 0
56.926391 118.237412 0 0
56.673937 118.286560 0 0
56.422379 118.340107 0 0
56.171794 118.398035 0 0
55.922258 118.460328 0 0
55.673848 118.526966 0 0
55.426638 118.597930 0 0
55.180705 118.673198 0 0
54.936122 118.752746 0 0
54.692965 118.836550 0 0
54.450024 118.921155 0 0
54.206905 119.005871 0 0
53.963451 119.090720 0 0
53.719517 119.175769 0 0
53.474964 119.261087 0 0
53.229654 119.346752 0 0
52.983469 119.432879 0 0
52.667046 119.555033 0 0
52.413715 119.643431 0 0
52.268982 119.679428 0 0
52.003424 119.787310 0 0
51.737316 119.895740 0 0
51.470545 120.004599 0 0
51.203080 120.113906 0 0
50.934899 120.223684 0 0
50.665975 120.333956 0 0
50.396283 120.444749 0 0
50.125800 120.556088 0 0
49.854501 120.667999 0 0
49.582364 120.780507 0 0
49.309364 120.893641 0 0
49.035478 121.007426 0 0
48.760685 121.121891 0 0
48.484961 121.237064 0 0
48.208284 121.352974 0 0
47.930633 121.469649 0 0
47.651986 121.587118 0 0
47.372323 121.705412 0 0
47.091622 121.824560 0 0
46.809863 121.944594 0 0
46.527027 122.065544 0 0
46.243094 122.187443 0 0
45.958044 122.310321 0 0
45.671865 122.434220 0 0
45.384683 122.559326 0 0
45.071970 122.711705 0 0
44.715442 122.885459 0 0
44.452062 123.001519 0 0
44.165825 123.134300 0 0
43.881187 123.265574 0 0
43.598147 123.395474 0 0
43.316652 123.524082 0 0
43.036650 123.651474 0 0
42.758084 123.777726 0 0
42.480896 123.902910 0 0
42.205029 124.027097 0 0
41.930421 124.150357 0 0
41.657012 124.272758 0 0
41.384739 124.394365 0 0
41.113538 124.515243 0 0
40.843344 124.635453 0 0
40.574090 124.755058 0 0
40.305709 124.874114 0 0
40.038133 124.992679 0 0
39.771291 125.110809 0 0
39.505113 125.228555 0 0
39.239526 125.345969 0 0
38.974458 125.463101 0 0
38.709834 125.579998 0 0
38.445580 125.696705 0 0
38.181619 125.813266 0 0
37.917874 125.929723 0 0
37.654265 126.046109 0 0
37.390665 126.162354 0 0
37.126053 126.276257 0 0
36.860215 126.387276 0 0
36.671640 126.466864 0 0
36.404497 126.523403 0 0
36.134956 126.572494 0 0
35.850720 126.620922 0 0
35.565921 126.665912 0 0
35.280599 126.707457 0 0
34.994795 126.745553 0 0
34.708552 126.780192 0 0
34.421912 126.811370 0 0
34.134915 126.839082 0 0
33.847605 126.863325 0 0
33.560022 126.884094 0 0
33.272210 126.901387 0 0
32.984210 126.915201 0 0
32.696064 126.925534 0 0
32.407814 126.932385 0 0
32.119503 126.935753 0 0
31.831172 126.935637 0 0
31.542863 126.932037 0 0
31.254618 126.924953 0 0
30.966481 126.914388 0 0
30.678492 126.900341 0 0
30.390694 126.882816 0 0
30.103128 126.861815 0 0
29.815838 126.837341 0 0
29.528864 126.809398 0 0
29.242249 126.777988 0 0
28.956034 126.743119 0 0
28.669826 126.707891 0 0
28.383513 126.672581 0 0
28.065059 126.631497 0 0
27.765312 126.595125 0 0
27.446847 126.553196 0 0
27.113322 126.513845 0 0
26.853478 126.476793 0 0
26.553823 126.435002 0 0
26.254168 126.393211 0 0
25.954512 126.351421 0 0
25.654857 126.309630 0 0
25.355201 126.267839 0 0
25.055546 126.226048 0 0
24.755890 126.184257 0 0
24.456235 126.142466 0 0
24.156579 126.100675 0 0
23.856924 126.058884 0 0
23.557268 126.017093 0 0
23.257613 125.975303 0 0
22.957957 125.933512 0 0
22.658302 125.891721 0 0
22.358646 125.849930 0 0
22.058991 125.808139 0 0
21.759335 125.766348 0 0
21.459680 125.724557 0 0
21.160024 125.682766 0 0
20.860369 125.640975 0 0
20.560713 125.599185 0 0
20.261058 125.557394 0 0
19.961402 125.515603 0 0
19.661747 125.473812 0 0
19.362091 125.432021 0 0
19.062436 125.390230 0 0
18.762781 125.348436 0 0
18.491024 125.310878 0 0
18.214018 125.261821 0 0
17.913281 125.210479 0 0
17.608795 125.156312 0 0
17.307507 125.104857 0 0
17.047199 125.056996 0 0
16.788778 124.999821 0 0
16.532575 124.933406 0 0
16.278922 124.857838 0 0
16.028144 124.773213 0 0
15.780566 124.679641 0 0
15.536507 124.577242 0 0
15.296280 124.466148 0 0
15.060196 124.346503 0 0
14.828559 124.218460 0 0
14.601667 124.082185 0 0
14.379814 123.937853 0 0
14.163284 123.785650 0 0
13.952358 123.625773 0 0
13.747306 123.458427 0 0
13.548394 123.283829 0 0
13.355877 123.102203 0 0
13.170004 122.913784 0 0
12.991015 122.718813 0 0
12.819139 122.517544 0 0
12.654599 122.310234 0 0
12.497607 122.097152 0 0
12.348364 121.878571 0 0
12.207064 121.654775 0 0
12.073889 121.426050 0 0
11.994381 121.294999 0 0
11.908169 121.006016 0 0
11.809965 120.690832 0 0
11.731993 120.430554 0 0
11.657333 120.169413 0 0
11.590300 119.906211 0 0
11.530950 119.641171 0 0
11.479334 119.374517 0 0
11.435495 119.106475 0 0
11.399471 118.837270 0 0
11.371292 118.567132 0 0
11.350982 118.296289 0 0
11.338557 118.024969 0 0
11.334030 117.753403 0 0
11.337402 117.481820 0 0
11.348672 117.210450 0 0
11.367813 116.921644 0 0
11.383522 116.680132 0 0
11.397077 116.472631 0 0
11.426764 116.219729 0 0
11.470729 115.942957 0 0
11.517863 115.646041 0 0
11.565006 115.349127 0 0
11.612149 115.052213 0 0
11.659292 114.755300 0 0
11.706436 114.458386 0 0
11.753579 114.161472 0 0
11.800722 113.864558 0 0
11.847865 113.567644 0 0
11.895008 113.270730 0 0
11.942152 112.973816 0 0
11.989295 112.676902 0 0
12.036438 112.379988 0 0
12.083581 112.083074 0 0
12.130724 111.786160 0 0
12.177867 111.489246 0 0
12.225011 111.192332 0 0
12.272154 110.895419 0 0
12.319297 110.598505 0 0
12.366440 110.301591 0 0
12.413583 110.004677 0 0
12.460727 109.707763 0 0
12.507870 109.410849 0 0
12.555013 109.113935 0 0
12.602156 108.817021 0 0
12.649299 108.520107 0 0
12.696443 108.223193 0 0
12.743586 107.926279 0 0
12.790729 107.629365 0 0
12.837872 107.332451 0 0
12.885015 107.035537 0 0
12.932158 106.738623 0 0
12.979302 106.441709 0 0
13.026445 106.144796 0 0
13.073588 105.847882 0 0
13.120731 105.550968 0 0
13.167874 105.254054 0 0
13.215018 104.957140 0 0
13.262161 104.660226 0 0
13.309304 104.363312 0 0
13.356447 104.066398 0 0
13.403590 103.769484 0 0
13.450734 103.472570 0 0
13.497877 103.175656 0 0
13.545020 102.878742 0 0
13.592163 102.581828 0 0
13.639306 102.284915 0 0
13.686450 101.988001 0 0
13.733593 101.691087 0 0
13.780736 101.394173 0 0
13.827879 101.097259 0 0
13.875022 100.800345 0 0
13.922165 100.503431 0 0
13.969309 100.206517 0 0
14.016452 99.909603 0 0
14.063595 99.612689 0 0
14.110738 99.315775 0 0
14.157881 99.018861 0 0
14.205025 98.721947 0 0
14.252168 98.425033 0 0
14.299311 98.128119 0 0
14.346454 97.831205 0 0
14.393597 97.534292 0 0
14.440741 97.237378 0 0
14.487884 96.940464 0 0
14.535027 96.643550 0 0
14.582170 96.346636 0 0
14.629313 96.049722 0 0
14.676456 95.752808 0 0
14.723600 95.455894 0 0
14.770743 95.158980 0 0
14.817886 94.862066 0 0
14.865029 94.565152 0 0
14.912172 94.268238 0 0
14.959316 93.971324 0 0
15.006459 93.674410 0 0
15.053602 93.377497 0 0
15.100745 93.080583 0 0
15.147888 92.783669 0 0
15.195032 92.486755 0 0
15.242175 92.189841 0 0
15.289318 91.892927 0 0
15.336461 91.596013 0 0
15.383604 91.299099 0 0
15.430748 91.002185 0 0
15.477891 90.705271 0 0
15.525034 90.408357 0 0
15.572177 90.111443 0 0
15.619320 89.814529 0 0
15.666463 89.517615 0 0
15.713607 89.220701 0 0
15.760750 88.923788 0 0
15.807893 88.626874 0 0
15.855036 88.329960 0 0
15.902179 88.033046 0 0
15.949323 87.736132 0 0
15.996466 87.439218 0 0
16.043609 87.142304 0 0
16.090752 86.845390 0 0
16.137895 86.548476 0 0
16.185039 86.251562 0 0
16.232182 85.954648 0 0
16.279325 85.657734 0 0
16.326468 85.360820 0 0
16.373611 85.063906 0 0
16.420754 84.766993 0 0
16.467898 84.470079 0 0
16.515041 84.173165 0 0
16.562184 83.876251 0 0
16.609327 83.579337 0 0
16.656470 83.282423 0 0
16.703614 82.985509 0 0
16.750757 82.688595 0 0
16.797900 82.391681 0 0
16.845043 82.094767 0 0
16.892186 81.797853 0 0
16.939330 81.500939 0 0
16.986473 81.204025 0 0
17.033616 80.907111 0 0
17.080759 80.610197 0 0
17.127902 80.313284 0 0
17.175046 80.016370 0 0
17.222189 79.719456 0 0
17.269332 79.422542 0 0
17.316475 79.125628 0 0
17.363618 78.828714 0 0
17.410761 78.531800 0 0
17.457905 78.234886 0 0
17.505048 77.937972 0 0
17.552191 77.641058 0 0
17.599334 77.344144 0 0
17.646477 77.047230 0 0
17.693621 76.750316 0 0
17.740764 76.453402 0 0
17.787907 76.156488 0 0
17.835050 75.859575 0 0
17.882193 75.562661 0 0
17.929337 75.265747 0 0
17.976480 74.968833 0 0
18.023623 74.671919 0 0
18.070766 74.375005 0 0
18.117909 74.078091 0 0
18.165052 73.781177 0 0
18.212196 73.484263 0 0
18.259339 73.187349 0 0
18.306482 72.890435 0 0
18.353625 72.593521 0 0
18.400768 72.296607 0 0
18.447912 71.999693 0 0
18.495055 71.702780 0 0
18.542198 71.405866 0 0
18.589341 71.108952 0 0
18.636484 70.812038 0 0
18.683628 70.515124 0 0
18.730771 70.218210 0 0
18.777914 69.921296 0 0
18.825057 69.624382 0 0
18.872200 69.327468 0 0
18.919343 69.030554 0 0
18.966487 68.733640 0 0
19.013630 68.436726 0 0
19.060773 68.139812 0 0
19.107916 67.842898 0 0
19.155059 67.545984 0 0
19.202203 67.249071 0 0
19.249346 66.952157 0 0
19.296489 66.655243 0 0
19.343632 66.358329 0 0
19.390775 66.061415 0 0
19.437919 65.764501 0 0
19.485062 65.467587 0 0
19.532205 65.170673 0 0
19.579348 64.873759 0 0
19.626491 64.576845 0 0
19.673635 64.279931 0 0
19.720778 63.983017 0 0
19.767921 63.686103 0 0
19.815064 63.389189 0 0
19.862207 63.092276 0 0
19.909350 62.795362 0 0
19.956494 62.498448 0 0
20.003637 62.201534 0 0
20.050780 61.904620 0 0
20.097923 61.607706 0 0
20.145066 61.310792 0 0
20.192210 61.013878 0 0
20.239353 60.716964 0 0
20.286496 60.420050 0 0
20.333639 60.123136 0 0
20.380782 59.826222 0 0
20.427926 59.529308 0 0
20.475069 59.232394 0 0
20.522212 58.935480 0 0
20.569355 58.638567 0 0
20.616498 58.341653 0 0
20.663641 58.044739 0 0
20.710785 57.747825 0 0
20.757928 57.450911 0 0
20.805071 57.153997 0 0
20.852214 56.857083 0 0
20.899357 56.560169 0 0
20.946501 56.263255 0 0
20.993644 55.966341 0 0
21.040787 55.669427 0 0
21.087930 55.372513 0 0
21.135074 55.075599 0 0
21.182230 54.778688 0 0
21.223564 54.516132 0 0
21.274507 54.274275 0 0
21.341297 53.966071 0 0
21.411672 53.640870 0 0
21.475358 53.343860 0 0
21.534052 53.078508 0 0
21.597869 52.814396 0 0
21.669413 52.552271 0 0
21.748621 52.292359 0 0
21.835424 52.034885 0 0
21.929749 51.780070 0 0
22.031514 51.528133 0 0
22.140631 51.279293 0 0
22.257006 51.033764 0 0
22.380538 50.791756 0 0
22.511122 50.553479 0 0
22.648644 50.319139 0 0
22.792987 50.088936 0 0
22.944025 49.863071 0 0
23.101629 49.641736 0 0
23.265663 49.425124 0 0
23.435984 49.213420 0 0
23.612448 49.006808 0 0
23.794900 48.805465 0 0
23.983185 48.609565 0 0
24.177139 48.419277 0 0
24.376596 48.234765 0 0
24.581384 48.056187 0 0
24.791326 47.883698 0 0
25.006241 47.717447 0 0
25.225944 47.557577 0 0
25.450245 47.404225 0 0
25.602860 47.300286 0 0
25.818274 47.218014 0 0
26.062438 47.138033 0 0
26.329158 47.056582 0 0
26.597609 46.981030 0 0
26.867660 46.911414 0 0
27.139180 46.847769 0 0
27.412037 46.790124 0 0
27.686098 46.738508 0 0
27.961231 46.692947 0 0
28.237301 46.653461 0 0
28.514174 46.620071 0 0
28.791717 46.592793 0 0
29.069793 46.571640 0 0
29.348268 46.556622 0 0
29.627006 46.547746 0 0
29.905872 46.545017 0 0
30.184731 46.548436 0 0
30.463447 46.558002 0 0
30.742120 46.570205 0 0
31.021070 46.582578 0 0
31.325005 46.597862 0 0
31.608678 46.609491 0 0
31.907163 46.625463 0 0
32.291457 46.646735 0 0
32.550440 46.656425 0 0
32.853814 46.672289 0 0
33.157190 46.688141 0 0
33.460565 46.703994 0 0
33.763941 46.719846 0 0
34.067317 46.735698 0 0
34.370693 46.751550 0 0
34.674069 46.767402 0 0
34.977445 46.783254 0 0
35.280820 46.799106 0 0
35.584196 46.814958 0 0
35.887572 46.830810 0 0
36.190948 46.846662 0 0
36.494324 46.862514 0 0
36.797700 46.878366 0 0
37.101076 46.894219 0 0
37.404451 46.910071 0 0
37.707827 46.925923 0 0
38.011203 46.941775 0 0
38.314579 46.957627 0 0
38.617955 46.973479 0 0
38.921331 46.989331 0 0
39.224707 47.005183 0 0
39.528082 47.021035 0 0
39.831458 47.036887 0 0
40.134834 47.052739 0 0
40.438210 47.068591 0 0
40.741586 47.084444 0 0
41.044962 47.100296 0 0
41.348337 47.116148 0 0
41.651713 47.132000 0 0
41.955089 47.147852 0 0
42.258465 47.163704 0 0
42.561841 47.179556 0 0
42.865217 47.195408 0 0
43.168593 47.211260 0 0
43.471968 47.227112 0 0
43.775344 47.242964 0 0
44.078720 47.258816 0 0
44.382096 47.274668 0 0
44.685472 47.290521 0 0
44.988848 47.306373 0 0
45.292223 47.322225 0 0
45.595599 47.338077 0 0
45.898975 47.353929 0 0
46.202351 47.369781 0 0
46.505727 47.385633 0 0
46.809103 47.401485 0 0
47.112479 47.417337 0 0
47.415854 47.433189 0 0
47.719230 47.449041 0 0
48.022606 47.464893 0 0
48.325982 47.480746 0 0
48.629358 47.496598 0 0
48.932734 47.512450 0 0
49.236110 47.528302 0 0
49.539485 47.544154 0 0
49.842861 47.560006 0 0
50.146237 47.575858 0 0
50.449613 47.591710 0 0
50.752989 47.607562 0 0
51.056365 47.623414 0 0
51.359740 47.639266 0 0
51.663116 47.655118 0 0
51.966492 47.670970 0 0
52.269868 47.686823 0 0
52.573244 47.702675 0 0
52.876620 47.718527 0 0
53.179996 47.734379 0 0
53.483371 47.750231 0 0
53.786747 47.766083 0 0
54.090123 47.781935 0 0
54.393499 47.797787 0 0
54.696875 47.813639 0 0
55.000251 47.829491 0 0
55.303626 47.845343 0 0
55.607002 47.861195 0 0
55.910378 47.877048 0 0
56.213754 47.892900 0 0
56.517130 47.908752 0 0
56.820506 47.924604 0 0
57.123882 47.940456 0 0
57.427257 47.956308 0 0
57.730633 47.972160 0 0
58.034009 47.988012 0 0
58.337385 48.003864 0 0
58.640761 48.019716 0 0
58.944137 48.035568 0 0
59.247512 48.051420 0 0
59.550888 48.067272 0 0
59.854264 48.083124 0 0
60.157640 48.098975 0 0
60.461021 48.114796 0 0
60.798340 48.135981 0 0
61.089509 48.149797 0 0
61.254809 48.140500 0 0
61.424714 48.130344 0 0
61.673977 48.126493 0 0
61.922582 48.122505 0 0
62.170744 48.118493 0 0
62.418685 48.114353 0 0
62.666527 48.107611 0 0
62.914169 48.095611 0 0
63.161502 48.078357 0 0
63.408412 48.055857 0 0
63.654789 48.028121 0 0
63.900521 47.995163 0 0
64.145499 47.956996 0 0
64.389612 47.913637 0 0
64.632749 47.865108 0 0
64.874801 47.811428 0 0
65.115660 47.752623 0 0
65.355216 47.688718 0 0
65.593362 47.619744 0 0
65.829990 47.545730 0 0
66.064994 47.466711 0 0
66.298267 47.382721 0 0
66.529706 47.293799 0 0
66.759204 47.199984 0 0
66.986660 47.101320 0 0
67.211971 46.997849 0 0
67.435034 46.889620 0 0
67.655750 46.776681 0 0
67.874019 46.659082 0 0
68.089743 46.536877 0 0
68.302824 46.410121 0 0
68.513167 46.278870 0 0
68.720677 46.143184 0 0
68.925260 46.003125 0 0
69.126824 45.858754 0 0
69.325279 45.710138 0 0
69.520534 45.557344 0 0
69.712502 45.400439 0 0
69.868028 45.268845 0 0
70.084407 45.067257 0 0
70.310627 44.858234 0 0
70.487904 44.691043 0 0
70.661314 44.519845 0 0
70.830767 44.344730 0 0
70.996176 44.165790 0 0
71.157454 43.983117 0 0
71.314516 43.796808 0 0
71.467280 43.606959 0 0
71.615668 43.413669 0 0
71.759601 43.217040 0 0
71.899004 43.017174 0 0
72.033805 42.814176 0 0
72.163933 42.608150 0 0
72.289319 42.399206 0 0
72.409900 42.187451 0 0
72.525612 41.972997 0 0
72.636394 41.755955 0 0
72.742188 41.536439 0 0
72.842940 41.314564 0 0
72.942726 41.092151 0 0
73.042587 40.869413 0 0
73.142645 40.646125 0 0
73.242759 40.421972 0 0
73.303350 40.320593 0 0
73.379144 40.148288 0 0
73.474846 39.875426 0 0
73.573487 39.586201 0 0
73.672127 39.296977 0 0
73.770766 39.007752 0 0
73.869406 38.718527 0 0
73.968046 38.429302 0 0
74.066685 38.140077 0 0
74.165325 37.850852 0 0
74.263965 37.561627 0 0
74.362604 37.272402 0 0
74.461244 36.983177 0 0
74.559884 36.693952 0 0
74.658523 36.404727 0 0
74.757163 36.115502 0 0
74.855803 35.826277 0 0
74.954442 35.537052 0 0
75.053082 35.247827 0 0
75.151722 34.958602 0 0
75.250361 34.669377 0 0
75.349001 34.380152 0 0
75.447641 34.090927 0 0
75.546280 33.801702 0 0
75.644920 33.512477 0 0
75.743560 33.223252 0 0
75.842200 32.934027 0 0
75.940839 32.644802 0 0
76.039479 32.355577 0 0
76.138119 32.066352 0 0
76.236758 31.777127 0 0
76.335398 31.487902 0 0
76.434038 31.198678 0 0
76.532677 30.909453 0 0
76.631317 30.620228 0 0
76.729957 30.331003 0 0
76.828596 30.041778 0 0
76.927236 29.752553 0 0
77.025876 29.463328 0 0
77.124515 29.174103 0 0
77.223155 28.884878 0 0
77.321795 28.595653 0 0
77.420434 28.306428 0 0
77.519074 28.017203 0 0
77.617714 27.727978 0 0
77.716353 27.438753 0 0
77.814993 27.149528 0 0
77.913633 26.860303 0 0
78.012272 26.571078 0 0
78.110912 26.281853 0 0
78.209552 25.992628 0 0
78.308191 25.703403 0 0
78.406831 25.414178 0 0
78.505471 25.124953 0 0
78.604110 24.835728 0 0
78.702750 24.546503 0 0
78.801390 24.257278 0 0
78.900029 23.968053 0 0
78.998669 23.678828 0 0
79.097309 23.389603 0 0
79.195948 23.100379 0 0
79.294588 22.811154 0 0
79.393228 22.521929 0 0
79.491867 22.232704 0 0
79.590507 21.943479 0 0
79.689147 21.654254 0 0
79.787786 21.365029 0 0
79.886425 21.075804 0 0
79.985043 20.786575 0 0
80.078374 20.522246 0 0
80.179624 20.234813 0 0
80.281502 19.925621 0 0
80.376320 19.665848 0 0
80.470692 19.408569 0 0
80.564601 19.153235 0 0
80.658125 18.899314 0 0
80.751388 18.646289 0 0
80.844799 18.393746 0 0
80.943813 18.143401 0 0
81.050642 17.896290 0 0
81.165181 17.652656 0 0
81.287315 17.412739 0 0
81.416926 17.176778 0 0
81.553884 16.945004 0 0
81.698054 16.717647 0 0
81.849295 16.494930 0 0
82.007457 16.277074 0 0
82.172385 16.064293 0 0
82.343914 15.856798 0 0
82.521876 15.654793 0 0
82.706096 15.458478 0 0
82.896391 15.268046 0 0
83.092573 15.083685 0 0
83.294450 14.905577 0 0
83.501822 14.733899 0 0
83.714484 14.568818 0 0
83.932226 14.410500 0 0
84.154834 14.259098 0 0
84.382088 14.114764 0 0
84.613763 13.977639 0 0
84.849631 13.847859 0 0
85.087327 13.721205 0 0
85.384442 13.567565 0 0
85.658378 13.421515 0 0
85.840301 13.361127 0 0
86.109235 13.269177 0 0
86.379593 13.181507 0 0
86.651346 13.098261 0 0
86.924422 13.019461 0 0
87.198747 12.945127 0 0
87.474249 12.875281 0 0
87.750854 12.809940 0 0
88.028488 12.749121 0 0
88.307078 12.692841 0 0
88.586549 12.641115 0 0
88.866827 12.593957 0 0
89.147837 12.551379 0 0
89.429505 12.513393 0 0
89.711755 12.480008 0 0
89.994513 12.451234 0 0
90.277702 12.427077 0 0
90.561248 12.407546 0 0
90.845074 12.392645 0 0
91.129107 12.382377 0 0
91.413269 12.376746 0 0
91.697485 12.375753 0 0
91.981679 12.379398 0 0
92.265776 12.387680 0 0
92.549700 12.400598 0 0
92.833375 12.418147 0 0
93.116726 12.440324 0 0
93.399828 12.465669 0 0
93.700110 12.493423 0 0
94.008464 12.521307 0 0
94.318617 12.549848 0 0
94.620389 12.576639 0 0
94.868627 12.617975 0 0
95.166492 12.666957 0 0
95.464351 12.715974 0 0
95.762210 12.764994 0 0
96.060069 12.814013 0 0
96.357927 12.863032 0 0
96.655786 12.912052 0 0
96.953645 12.961071 0 0
97.251504 13.010091 0 0
97.549362 13.059110 0 0
97.847221 13.108130 0 0
98.145080 13.157149 0 0
98.442939 13.206169 0 0
98.740798 13.255188 0 0
99.038656 13.304208 0 0
99.336515 13.353227 0 0
99.634374 13.402247 0 0
99.932233 13.451266 0 0
100.230092 13.500286 0 0
100.527950 13.549305 0 0
100.825809 13.598324 0 0
101.123668 13.647344 0 0
101.421527 13.696363 0 0
101.719385 13.745383 0 0
102.017244 13.794402 0 0
102.315103 13.843422 0 0
102.612962 13.892441 0 0
102.910821 13.941461 0 0
103.208679 13.990480 0 0
103.506538 14.039500 0 0
103.804397 14.088519 0 0
104.102256 14.137539 0 0
104.400114 14.186558 0 0
104.697973 14.235577 0 0
104.995832 14.284597 0 0
105.293691 14.333616 0 0
105.591550 14.382636 0 0
105.889408 14.431655 0 0
106.187267 14.480675 0 0
106.485126 14.529694 0 0
106.782985 14.578714 0 0
107.080843 14.627733 0 0
107.378702 14.676753 0 0
107.676561 14.725772 0 0
107.974420 14.774792 0 0
108.272279 14.823811 0 0
108.570137 14.872831 0 0
108.867996 14.921850 0 0
109.165855 14.970869 0 0
109.463714 15.019889 0 0
109.761573 15.068908 0 0
110.059431 15.117928 0 0
110.357290 15.166947 0 0
110.655149 15.215967 0 0
110.953008 15.264986 0 0
111.250866 15.314006 0 0
111.548725 15.363025 0 0
111.846584 15.412045 0 0
112.144443 15.461064 0 0
112.442302 15.510084 0 0
112.740160 15.559103 0 0
113.038019 15.608122 0 0
113.335878 15.657142 0 0
113.633737 15.706161 0 0
113.931595 15.755181 0 0
114.229454 15.804200 0 0
114.527313 15.853220 0 0
114.825172 15.902239 0 0
115.123031 15.951259 0 0
115.420889 16.000278 0 0
115.718748 16.049298 0 0
116.016607 16.098317 0 0
116.314466 16.147337 0 0
116.612325 16.196356 0 0
116.910183 16.245376 0 0
117.208042 16.294395 0 0
117.505901 16.343414 0 0
117.803760 16.392434 0 0
118.101618 16.441453 0 0
118.399477 16.490473 0 0
118.697336 16.539492 0 0
118.995195 16.588512 0 0
119.293054 16.637531 0 0
119.590912 16.686551 0 0
119.888771 16.735570 0 0
120.186630 16.784590 0 0
120.484489 16.833609 0 0
120.782347 16.882629 0 0
121.080206 16.931648 0 0
121.378065 16.980668 0 0
121.675924 17.029687 0 0
121.973783 17.078707 0 0
122.257012 17.125213 0 0
122.533419 17.177496 0 0
122.835418 17.234114 0 0
123.124277 17.288539 0 0
123.395759 17.342345 0 0
123.653716 17.403141 0 0
123.909366 17.473002 0 0
124.162392 17.551842 0 0
124.412477 17.639563 0 0
124.659311 17.736055 0 0
124.902586 17.841198 0 0
125.141999 17.954861 0 0
125.377251 18.076902 0 0
125.608049 18.207170 0 0
125.834107 18.345502 0 0
126.055142 18.491725 0 0
126.270878 18.645658 0 0
126.481048 18.807109 0 0
126.685389 18.975877 0 0
126.883646 19.151751 0 0
127.075574 19.334512 0 0
127.260931 19.523932 0 0
127.439489 19.719776 0 0
127.566407 19.863039 0 0
127.749096 20.165861 0 0
127.883193 20.398851 0 0
128.009543 20.635550 0 0
128.128282 20.876159 0 0
128.239287 21.120431 0 0
128.342446 21.368118 0 0
128.437654 21.618970 0 0
128.524814 21.872730 0 0
128.603838 22.129140 0 0
128.674645 22.387940 0 0
128.737163 22.648867 0 0
128.791329 22.911654 0 0
128.837087 23.176034 0 0
128.874390 23.441740 0 0
128.903202 23.708500 0 0
128.923493 23.976043 0 0
128.935242 24.244097 0 0
128.938436 24.512390 0 0
128.933074 24.780648 0 0
128.919160 25.048598 0 0
128.899080 25.316206 0 0
128.873101 25.627535 0 0
128.842368 26.016108 0 0
128.815306 26.343126 0 0
128.776746 26.594909 0 0
128.731593 26.893408 0 0
128.686409 27.191902 0 0
128.641223 27.490396 0 0
128.596037 27.788889 0 0
128.550851 28.087383 0 0
128.505666 28.385877 0 0
128.460480 28.684371 0 0
128.415294 28.982864 0 0
128.370108 29.281358 0 0
128.324922 29.579852 0 0
128.279736 29.878346 0 0
128.234551 30.176840 0 0
128.189365 30.475333 0 0
128.144179 30.773827 0 0
128.098993 31.072321 0 0
128.053807 31.370814 0 0
128.008621 31.669308 0 0
127.963436 31.967802 0 0
127.918250 32.266296 0 0
127.873064 32.564789 0 0
127.827878 32.863283 0 0
127.782692 33.161777 0 0
127.737506 33.460271 0 0
127.692321 33.758764 0 0
127.647135 34.057258 0 0
127.601949 34.355752 0 0
127.556763 34.654246 0 0
127.511577 34.952739 0 0
127.466391 35.251233 0 0
127.421206 35.549727 0 0
127.376020 35.848221 0 0
127.330834 36.146715 0 0
127.285648 36.445208 0 0
127.240462 36.743702 0 0
127.195276 37.042196 0 0
127.150091 37.340689 0 0
127.104905 37.639183 0 0
127.059719 37.937677 0 0
127.014533 38.236171 0 0
126.969347 38.534665 0 0
126.924161 38.833158 0 0
126.878976 39.131652 0 0
126.833790 39.430146 0 0
126.788604 39.728639 0 0
126.743418 40.027133 0 0
126.698232 40.325627 0 0
126.653046 40.624121 0 0
126.607861 40.922614 0 0
126.562675 41.221108 0 0
126.517489 41.519602 0 0
126.472303 41.818096 0 0
126.427117 42.116589 0 0
126.381931 42.415083 0 0
126.336746 42.713577 0 0
126.291560 43.012071 0 0
126.246374 43.310564 0 0
126.201188 43.609058 0 0
126.156002 43.907552 0 0
126.110816 44.206046 0 0
126.065630 44.504540 0 0
126.020445 44.803033 0 0
125.975259 45.101527 0 0
125.930073 45.400021 0 0
125.884887 45.698514 0 0
125.839701 45.997008 0 0
125.794516 46.295502 0 0
125.749330 46.593996 0 0
125.704144 46.892490 0 0
125.658958 47.190983 0 0
125.613772 47.489477 0 0
125.568586 47.787971 0 0
125.523400 48.086464 0 0
125.478215 48.384958 0 0
125.433029 48.683452 0 0
125.387843 48.981946 0 0
125.342657 49.280439 0 0
125.297471 49.578933 0 0
125.252285 49.877427 0 0
125.207100 50.175921 0 0
125.161914 50.474414 0 0
125.116728 50.772908 0 0
125.071542 51.071402 0 0
125.026356 51.369896 0 0
124.981170 51.668389 0 0
124.935985 51.966883 0 0
124.890799 52.265377 0 0
124.845613 52.563871 0 0
124.800427 52.862364 0 0
124.755241 53.160858 0 0
124.710055 53.459352 0 0
124.664870 53.757846 0 0
124.619684 54.056339 0 0
124.574498 54.354833 0 0
124.529312 54.653327 0 0
124.484126 54.951821 0 0
124.438940 55.250315 0 0
124.393755 55.548808 0 0
124.348569 55.847302 0 0
124.303383 56.145796 0 0
124.258197 56.444289 0 0
124.213011 56.742783 0 0
124.167825 57.041277 0 0
124.122640 57.339771 0 0
124.077454 57.638264 0 0
124.032268 57.936758 0 0
123.987082 58.235252 0 0
123.941896 58.533746 0 0
123.896710 58.832239 0 0
123.851525 59.130733 0 0
123.806339 59.429227 0 0
123.761153 59.727721 0 0
123.715967 60.026214 0 0
123.670781 60.324708 0 0
123.625595 60.623202 0 0
123.580410 60.921696 0 0
123.535224 61.220189 0 0
123.490038 61.518683 0 0
123.444852 61.817177 0 0
123.399666 62.115671 0 0
123.354480 62.414164 0 0
123.309295 62.712658 0 0
123.264109 63.011152 0 0
123.218923 63.309646 0 0
123.173737 63.608140 0 0
123.128551 63.906633 0 0
123.083365 64.205127 0 0
123.038180 64.503621 0 0
122.992994 64.802114 0 0
122.947808 65.100608 0 0
122.902622 65.399102 0 0
122.857436 65.697596 0 0
122.812250 65.996089 0 0
122.767065 66.294583 0 0
122.721879 66.593077 0 0
122.676693 66.891571 0 0
122.631507 67.190064 0 0
122.586321 67.488558 0 0
122.541135 67.787052 0 0
122.495950 68.085546 0 0
122.450764 68.384039 0 0
122.405578 68.682533 0 0
122.360392 68.981027 0 0
122.315206 69.279521 0 0
122.270020 69.578014 0 0
122.224835 69.876508 0 0
122.179649 70.175002 0 0
122.134463 70.473496 0 0
