122.939323 70.594081 0 0
122.892347113414 70.8903802846422 0 0
122.845372047654 71.1866796994186 0 0
122.798396981896 71.4829791141952 0 0
122.751422070789 71.7792785534902 0 0
122.704447005031 72.075577968267 0 0
122.657472093924 72.3718774075619 0 0
122.610497028166 72.6681768223387 0 0
122.56352211706 72.9644762616336 0 0
122.516547051302 73.2607756764104 0 0
122.469571985543 73.5570750911871 0 0
122.422597074437 73.8533745304821 0 0
122.375622008679 74.1496739452588 0 0
122.328647097572 74.4459733845538 0 0
122.281672031814 74.7422727993305 0 0
122.234697120707 75.0385722386255 0 0
122.187722054949 75.3348716534022 0 0
122.140746989191 75.6311710681789 0 0
122.093772078084 75.9274705074739 0 0
122.046797012326 76.2237699222506 0 0
121.99982210122 76.5200693615456 0 0
121.952847035462 76.8163687763223 0 0
121.905872124355 77.1126682156173 0 0
121.858897058597 77.408967630394 0 0
121.811921992839 77.7052670451707 0 0
121.764947081732 78.0015664844657 0 0
121.717972015974 78.2978658992424 0 0
121.670996129389 78.5941651838846 0 0
121.624021063628 78.890464598661 0 0
121.577046152521 79.1867640379559 0 0
121.530071086763 79.4830634527327 0 0
121.483096021005 79.7793628675093 0 0
121.436121109898 80.0756623068043 0 0
121.38914604414 80.3719617215811 0 0
121.342171133034 80.668261160876 0 0
121.295196067276 80.9645605756528 0 0
121.248221156169 81.2608600149477 0 0
121.201246090411 81.5571594297245 0 0
121.154271024653 81.8534588445011 0 0
121.107296113546 82.1497582837961 0 0
121.060321047788 82.4460576985729 0 0
121.013346136681 82.7423571378678 0 0
120.966371070923 83.0386565526446 0 0
120.919396159817 83.3349559919395 0 0
120.872421094059 83.6312554067163 0 0
120.8254460283 83.927554821493 0 0
120.778471117194 84.2238542607879 0 0
120.731496051436 84.5201536755647 0 0
120.684521140329 84.8164531148596 0 0
120.637546074571 85.1127525296364 0 0
120.590571163464 85.4090519689313 0 0
120.543596097706 85.7053513837081 0 0
120.496620056468 86.0016506438313 0 0
120.44964514536 86.2979500831261 0 0
120.402670079602 86.5942494979028 0 0
120.355695168495 86.8905489371978 0 0
120.308720102737 87.1868483519745 0 0
120.26174519163 87.4831477912695 0 0
120.214770125873 87.7794472060462 0 0
120.167795060114 88.0757466208229 0 0
120.120820149008 88.3720460601179 0 0
120.07384508325 88.6683454748946 0 0
120.026870172143 88.9646449141896 0 0
119.979895106385 89.2609443289663 0 0
119.932920195278 89.5572437682613 0 0
119.88594512952 89.8535431830381 0 0
119.838970063762 90.1498425978147 0 0
119.791995152655 90.4461420371097 0 0
119.745020086897 90.7424414518864 0 0
119.698045175791 91.0387408911814 0 0
119.651070110033 91.3350403059582 0 0
119.604095198926 91.6313397452531 0 0
119.557120133168 91.9276391600299 0 0
119.51014506741 92.2239385748065 0 0
119.463170156303 92.5202380141015 0 0
119.416195090545 92.8165374288782 0 0
119.369220179438 93.1128368681732 0 0
119.322244138202 93.4091361282968 0 0
119.275269072441 93.705435543073 0 0
119.228294161334 94.0017349823679 0 0
119.181319095576 94.2980343971447 0 0
119.134344184469 94.5943338364396 0 0
119.087369118712 94.8906332512164 0 0
119.040394207605 95.1869326905113 0 0
118.993419141847 95.4832321052881 0 0
118.946444076089 95.7795315200648 0 0
118.899469164982 96.0758309593597 0 0
118.852494099224 96.3721303741365 0 0
118.805519188117 96.6684298134314 0 0
118.758544122359 96.9647292282082 0 0
118.711569211252 97.2610286675031 0 0
118.664594145495 97.5573280822799 0 0
118.617619079736 97.8536274970566 0 0
118.570644168629 98.1499269363515 0 0
118.523669102872 98.4462263511283 0 0
118.476694191765 98.7425257904232 0 0
118.429719126007 99.0388252052 0 0
118.3827442149 99.3351246444949 0 0
118.335769149142 99.6314240592717 0 0
118.288794083384 99.9277234740484 0 0
118.241819172277 100.224022913343 0 0
118.194844106519 100.52032232812 0 0
118.147868219935 100.816621612763 0 0
118.100893154173 101.112921027539 0 0
118.053918243066 101.409220466834 0 0
118.006943177309 101.70551988161 0 0
117.95996811155 102.001819296387 0 0
117.912993200443 102.298118735682 0 0
117.866018134686 102.594418150459 0 0
117.819043223579 102.890717589754 0 0
117.772068157821 103.18701700453 0 0
117.725093246714 103.483316443825 0 0
117.678118180956 103.779615858602 0 0
117.631143115198 104.075915273379 0 0
117.584168204091 104.372214712674 0 0
117.537193138333 104.668514127451 0 0
117.490218227226 104.964813566746 0 0
117.443243161469 105.261112981522 0 0
117.396268250362 105.557412420817 0 0
117.349293184604 105.853711835594 0 0
117.302318118846 106.150011250371 0 0
117.255343207739 106.446310689666 0 0
117.208368141981 106.742610104442 0 0
117.161393230874 107.038909543737 0 0
117.114418165116 107.335208958514 0 0
117.067443254009 107.631508397809 0 0
117.020468188252 107.927807812586 0 0
116.973492147015 108.224107072709 0 0
116.926517235905 108.520406512004 0 0
116.879542170147 108.816705926781 0 0
116.83256725904 109.113005366075 0 0
116.785592193283 109.409304780852 0 0
116.738617282175 109.705604220147 0 0
116.691642216418 110.001903634924 0 0
116.64466715066 110.298203049701 0 0
116.597692239553 110.594502488996 0 0
116.550717173795 110.890801903772 0 0
116.503742262688 111.187101343067 0 0
116.45676719693 111.483400757844 0 0
116.409792285823 111.779700197139 0 0
116.362817220066 112.075999611916 0 0
116.315842154307 112.372299026692 0 0
116.2688672432 112.668598465987 0 0
116.221892177443 112.964897880764 0 0
116.174917266336 113.261197320059 0 0
116.127942200578 113.557496734836 0 0
116.080967289471 113.853796174131 0 0
116.033992223713 114.150095588908 0 0
115.987017157955 114.446395003684 0 0
115.940042246848 114.742694442979 0 0
115.89306718109 115.038993857756 0 0
115.846092269983 115.335293297051 0 0
115.799116228749 115.631592557175 0 0
115.752141162986 115.927891971951 0 0
115.705166251879 116.224191411246 0 0
115.658191186121 116.520490826022 0 0
115.611216275014 116.816790265317 0 0
115.564241209257 117.113089680094 0 0
115.51726629815 117.409389119389 0 0
115.470291232392 117.705688534166 0 0
115.423316166634 118.001987948943 0 0
115.376341255527 118.298287388237 0 0
115.329366189769 118.594586803014 0 0
115.282391278662 118.890886242309 0 0
115.235416212904 119.187185657086 0 0
115.188441301797 119.483485096381 0 0
115.14146623604 119.779784511158 0 0
115.094491170281 120.076083925934 0 0
115.047516259174 120.372383365229 0 0
115.000541193417 120.668682780006 0 0
114.95356628231 120.964982219301 0 0
114.906591216552 121.261281634078 0 0
114.859616305445 121.557581073373 0 0
114.812641239688 121.85388048815 0 0
114.765666173929 122.150179902926 0 0
114.718691262822 122.446479342221 0 0
114.671716197065 122.742778756998 0 0
114.624740310482 123.039078041641 0 0
114.577765244718 123.335377456416 0 0
114.530790333611 123.631676895711 0 0
114.483815267854 123.927976310488 0 0
114.436840202095 124.224275725265 0 0
114.389865290988 124.52057516456 0 0
114.342890225231 124.816874579337 0 0
114.295915314123 125.113174018631 0 0
114.248940248366 125.409473433408 0 0
114.201965337259 125.705772872703 0 0
114.154990271502 126.00207228748 0 0
114.108015205743 126.298371702257 0 0
114.061040294636 126.594671141552 0 0
114.014065228879 126.890970556328 0 0
113.967090317771 127.187269995623 0 0
113.920115252014 127.4835694104 0 0
113.873140340906 127.779868849695 0 0
113.826165275149 128.076168264472 0 0
113.779190209391 128.372467679249 0 0
113.732215298284 128.668767118543 0 0
113.685240232526 128.96506653332 0 0
113.638265321419 129.261365972615 0 0
113.591290255662 129.557665387392 0 0
113.544315344554 129.853964826687 0 0
113.497340278797 130.150264241464 0 0
113.450364237562 130.446563501587 0 0
113.40338932645 130.742862940882 0 0
113.356414260693 131.039162355658 0 0
113.309439349585 131.335461794953 0 0
113.262464283828 131.63176120973 0 0
113.21548937272 131.928060649025 0 0
113.168514306963 132.224360063802 0 0
113.121539241205 132.520659478578 0 0
113.074564330098 132.816958917873 0 0
113.02758926434 133.11325833265 0 0
112.980614353233 133.409557771945 0 0
112.933639287476 133.705857186722 0 0
112.886663814282 134.002156536898 0 0
112.839712868891 134.298459774648 1 0
112.791807398192 134.594568261054 1 0
112.718817101926 134.885526839589 1 0
112.630902627527 135.172356081797 1 0
112.542021741959 135.458884713007 1 0
112.4481276351 135.743777518509 1 0
112.340963791291 136.023918052851 1 0
112.217910094407 136.297441157319 1 0
112.079361086476 136.563440412372 1 0
111.925785510356 136.821046343688 1 0
111.757693070834 137.069414613307 1 0
111.575638091024 137.307729916952 1 0
111.380218715803 137.535208625683 1 0
111.172077430506 137.751102986563 1 0
110.951899237883 137.954703983092 1 0
110.720407908636 138.14534227022 1 0
110.478364588226 138.322391390498 1 0
110.226574667507 138.485285159712 1 0
109.965871155006 138.633504278628 1 0
109.697112160319 138.766573930361 1 0
109.416951039127 138.87273326957 1 0
109.128282784561 138.953849717592 1 0
108.834941668594 139.016296972766 1 0
108.539906768371 139.07060827098 1 0
108.243869138053 139.119159440634 1 0
107.946935249762 139.161891608363 1 0
107.649219604776 139.198789751183 1 0
107.350836461176 139.229836491447 1 0
107.051900853471 139.255020643905 1 0
106.752527900839 139.27433182627 1 0
106.452832985082 139.287763304435 1 0
106.152931554988 139.295309839758 1 0
105.857936420114 139.242743930429 1 0
105.563304000577 139.186248542612 1 0
105.268732105509 139.12943839126 0 0
104.974208716516 139.072377279152 0 0
104.679722796919 139.015123091451 0 0
104.385258935373 138.957755557286 0 0
104.090775198825 138.900490133232 0 0
103.79628019408 138.843282685844 0 0
103.501795098351 138.786024251376 0 0
103.207302736535 138.728803201779 0 0
102.91279937426 138.67163879331 0 0
102.618297853775 138.614464897022 0 0
102.323792998663 138.557308182392 0 0
102.029279000912 138.500198593946 0 0
101.734761956211 138.443104720539 0 0
101.440244879786 138.38601101078 0 0
101.14572780336 138.328917301021 0 0
100.851210731407 138.271823568197 0 0
100.556693686729 138.214729694669 0 0
100.262176610304 138.157635984911 0 0
99.967659533879 138.100542275152 0 0
99.6731424619017 138.043448542449 0 0
99.3786254172477 137.9863546688 0 0
99.0841083408226 137.929260959041 0 0
98.7895912688277 137.872167226429 0 0
98.4950742241913 137.81507335269 0 0
98.2005571477662 137.757979642931 0 0
97.9060400713411 137.700885933172 0 0
97.6115229993228 137.643792200681 0 0
97.3170059547098 137.58669832682 0 0
97.022488900957 137.529604500108 0 0
96.7279719930846 137.47250992088 0 0
96.4334549484891 137.415416046929 0 0
96.138937872064 137.35832233717 0 0
95.844420795639 137.301228627411 0 0
95.5499037235796 137.244134895132 0 0
95.2553866790077 137.187041021059 0 0
94.9608696025826 137.129947311301 0 0
94.6663525305057 137.072853579112 0 0
94.3718354859513 137.015759704949 0 0
94.0773184095262 136.95866599519 0 0
93.7828013331011 136.901572285431 0 0
93.4882842610008 136.844478553363 0 0
93.1937672164698 136.78738467908 0 0
92.8992501400447 136.730290969321 0 0
92.6047330679268 136.673197237343 0 0
92.3102160234134 136.616103362969 0 0
92.0156989469883 136.55900965321 0 0
91.7211818705632 136.501915943451 0 0
91.4266647984219 136.444822211595 0 0
91.1321477539319 136.3877283371 0 0
90.8376306775068 136.330634627341 0 0
90.5431136230888 136.27354080406 0 0
90.2485967157526 136.216446222066 0 0
89.9540813317122 136.159343787833 0 0
89.6595816519774 136.102160427556 0 0
89.3651038711065 136.044864384352 0 0
89.0710738361467 135.985454074196 0 0
88.7788434425815 135.917636693376 0 0
88.4872224831543 135.847229193853 0 0
88.1955994395496 135.776830327119 0 0
87.9039764664659 135.706431168288 0 0
87.6127335604747 135.634513805557 0 0
87.3228959041366 135.557144878534 0 0
87.034738372376 135.473738255589 1 0
86.7483846539766 135.384336119512 1 0
86.4639593200763 135.288976781911 1 0
86.1815857611474 135.187702328673 1 0
85.9013869151508 135.080556093345 1 0
85.6234843496941 134.967585112878 1 0
85.347999089824 134.848837858055 1 0
85.0750506720938 134.724366315341 1 0
84.8047579190269 134.594224126117 1 0
84.5372380828434 134.458468249772 1 0
84.2726071781429 134.317158092115 1 0
84.0111233497496 134.17010570892 1 0
83.7527819321855 134.01760488302 1 0
83.4976819052729 133.859746165766 1 0
83.2459333715073 133.696599373446 1 0
82.9976463009174 133.528234497507 1 0
82.7520935225827 133.35588765925 1 0
82.5070823658935 133.182770551251 1 0
82.2620799002015 133.009641143956 1 0
82.0170987234621 132.836481615109 0 0
81.7721579239312 132.663264979244 0 0
81.5272818976346 132.489956792036 0 0
81.2825007021216 132.316514702184 0 0
81.0378484550752 132.142890784012 0 0
80.7933645766731 131.969029884813 0 0
80.5490904700324 131.794874406409 0 0
80.3050905651356 131.620335029127 0 0
80.0614265054296 131.445327163146 0 0
79.8181253359201 131.269815167715 0 0
79.5752116288132 131.093767347764 0 0
79.3327135677211 130.917147488269 0 0
79.0906536868206 130.739927626055 0 0
78.8490696765843 130.562059722671 0 0
78.6079699728014 130.383535893122 0 0
78.3672573170195 130.204490259113 0 0
78.1268064560362 130.025093076686 0 0
77.8865053289667 129.845495291647 0 0
77.646217549634 129.665879654609 0 0
77.4058954198187 129.486309984954 0 0
77.165723022852 129.306540199696 0 0
76.9258170457315 129.126414915169 0 0
76.686017854762 128.946147487535 0 0
76.4463465619014 128.765710043033 0 0
76.2068220896645 128.585077748618 0 0
75.9674379989115 128.404259466286 0 0
75.7281957100563 128.223253617254 0 0
75.4891334923142 128.042010043479 0 0
75.2499702883666 127.860899786713 0 0
75.0103168918733 127.680439547165 0 0
74.7700236154585 127.500832101689 0 0
74.5290703919496 127.322111218508 0 0
74.2873277345809 127.144460217954 0 0
74.0448509966996 126.967811071258 0 0
73.8021307262881 126.791496394996 0 0
73.5594259410539 126.615160437557 0 0
73.3165433089468 126.439069545829 0 0
73.0734531880581 126.263265192152 0 0
72.8301586429668 126.087743841469 0 0
72.5866636122113 125.912500717935 0 0
72.3427716523024 125.737812698446 0 0
72.0974405640511 125.565152361069 0 0
71.8506603809647 125.394567302504 0 0
71.6030112568848 125.225247545044 0 0
71.354162658244 125.057696196614 0 0
71.1045811591254 124.891235853782 0 0
70.8552410288138 124.724414260241 0 0
70.605687940803 124.55791233807 0 0
70.3556256649661 124.392175252929 0 0
70.1052353367798 124.226934146311 0 0
69.8545367438713 124.062161049271 0 0
69.6036532370012 123.897669531788 0 0
69.3521026772096 123.734203061982 0 0
69.0984293101109 123.574055598791 0 0
68.8427288483476 123.417160986396 0 0
68.5854799864657 123.262818810744 0 0
68.3269926022367 123.110556255625 0 0
68.0689403363037 122.957556833365 0 0
67.8110795208539 122.804234377137 0 0
67.5530863389969 122.651134903666 0 0
67.2955479468778 122.497271553518 0 0
67.0380285278115 122.343376496947 0 0
66.780308819067 122.189816920429 0 0
66.5224311790023 122.036522891832 0 0
66.2642526566729 121.883736021452 0 0
66.0060312191204 121.731021620747 0 0
65.7469163991036 121.579849080381 0 0
65.4844271139008 121.434616904163 0 0
65.2182992958527 121.296168138211 0 0
64.9487755892032 121.164449435393 0 0
64.6762989072206 121.038949618951 0 0
64.400513857588 120.92089965445 0 0
64.1220187135899 120.8093957669 0 0
63.8409494963579 120.704547903958 0 0
63.5571506773068 120.607327144536 0 0
63.2711969024653 120.516644581062 0 0
62.9830421210646 120.433224701188 0 0
62.6928530454397 120.357177018732 0 0
62.4009942285646 120.287808725644 0 0
62.1073823028428 120.226287972191 0 0
61.8123795334689 120.17182663615 0 0
61.5161808899609 120.124289133011 0 0
61.2187915296497 120.084875455947 0 0
60.9205768951078 120.052305665145 0 0
60.6216481388552 120.027126195902 0 0
60.3221809706518 120.009379147905 0 0
60.0224477489883 119.996880456158 0 0
59.7225219754883 119.990710251171 0 0
59.4225350841729 119.992041953901 0 0
59.1226508721402 119.999970950786 0 0
58.8230431075383 120.015073887879 0 0
58.5238944040269 120.037516428277 0 0
58.2253102387305 120.06651952463 0 0
57.9275346034613 120.10288760197 0 0
57.6307056659833 120.146315016621 0 0
57.3349002947297 120.19624749445 0 0
57.0404634140551 120.253696302526 0 0
56.7473952067882 120.317766269208 0 0
56.4548944167341 120.384424260608 0 0
56.1623965349435 120.451095011769 0 0
55.8699066731275 120.517800936183 0 0
55.5774324927327 120.584575578293 0 0
55.2849908707205 120.651492648489 0 0
54.9925911442043 120.718592516222 0 0
54.7002494071085 120.785944567159 0 0
54.4079995566253 120.853694135692 0 0
54.1164279009355 120.924252553465 0 0
53.8255140004561 120.997526706938 0 0
53.5329491051477 121.063802206276 0 0
53.2398949236668 121.127959332971 0 0
52.9468804566913 121.192292794972 0 0
52.6548789048153 121.260915330004 0 0
52.3666937560619 121.344257429256 0 0
52.0795538533864 121.431151906748 0 0
51.7925273327281 121.518420140056 0 0
51.5056197665385 121.606078631771 0 0
51.2188365014193 121.694142909249 0 0
50.9321828199945 121.782628052283 0 0
50.6456644655222 121.871550388936 0 0
50.3592870502916 121.960925564205 0 0
50.073056121452 122.050768749057 0 0
49.786977346428 122.141095233284 0 0
49.5010562974507 122.2319197341 0 0
49.2152986513284 122.323257023726 0 0
48.9297102851946 122.41512221899 0 0
48.6442969101738 122.507529633974 0 0
48.3590642710795 122.600493399956 0 0
48.0740178416828 122.694026539883 0 0
47.789163483563 122.78814297432 0 0
47.5045069074209 122.882855885615 0 0
47.2200538011718 122.978178100002 0 0
46.9358097822708 123.074121959748 0 0
46.6531690721178 123.174604604292 0 0
46.3727499195253 123.281170021072 0 0
46.0930268377988 123.389563733021 0 0
45.8116326554356 123.4935570301 0 0
45.5289977794978 123.594141872467 0 0
45.2468199124881 123.696001854928 0 0
44.9635978947233 123.794922472867 0 0
44.6794702910656 123.891210031055 0 0
44.3970048401476 123.992264428793 0 0
44.1155413790866 124.096078610199 0 0
43.8339754649462 124.199618578101 0 0
43.5521655514588 124.302492521119 0 0
43.2701231295308 124.404727287004 0 0
42.9878601890007 124.506351678794 0 0
42.7053888036456 124.607395304274 0 0
42.4227209254627 124.707888008926 0 0
42.1398685501839 124.807860313413 0 0
41.8568435332635 124.907342882133 0 0
41.5736578037191 125.006367102787 0 0
41.2903231211383 125.104964371 0 0
41.0068509979745 125.203165833003 0 0
40.72325279349 125.301002618244 0 0
40.4395395394459 125.398505297469 0 0
40.1557218656082 125.495703625263 0 0
39.8718105760911 125.592628180607 0 0
39.5878155134516 125.689307011378 0 0
39.303746214451 125.78576750654 0 0
39.0196122701076 125.882037423071 0 0
38.7354223132376 125.978141869412 0 0
38.4511842384285 126.074103914352 0 0
38.1669062262251 126.169947587636 0 0
37.8825950189252 126.265692749347 0 0
37.5982239933151 126.361259901586 0 0
37.3136412071927 126.456193431675 0 0
37.0287395750008 126.550166591387 0 0
36.7437085328437 126.643747063422 0 0
36.4531646775084 126.716813158457 1 0
36.1581914764393 126.771350262027 1 0
35.8624008377686 126.821422061245 1 0
35.5660354335263 126.867973666607 1 0
35.2690999543604 126.910739365437 1 0
34.9716523244936 126.949780260385 1 0
34.6737421280017 126.985113534831 1 0
34.375415619415 127.016734505354 1 0
34.0767188247357 127.044636372283 1 0
33.7776982567882 127.068817126817 1 0
33.4784000849844 127.089271069347 1 0
33.1788707522147 127.105995721301 1 0
32.8791566696329 127.118988372711 1 0
32.5793043185151 127.128247926186 1 0
32.2793601488461 127.133772549939 1 0
31.9793706205887 127.135560530274 1 0
31.6793822409515 127.133612114587 1 0
31.3794414929528 127.127927579519 1 0
31.0795948389796 127.11850862908 1 0
30.7798887702615 127.105355844573 1 0
30.4803697474174 127.088470921028 1 0
30.1810841561713 127.067857109848 1 0
29.881937455166 127.04524920655 1 0
29.5828130934046 127.022344704829 1 0
29.283689085807 126.999435578434 0 0
28.9845666304333 126.97650619675 0 0
28.6854596457648 126.953376176808 0 0
28.3863671766483 126.930059010953 0 0
28.0872938029606 126.906498390923 0 0
27.7882311277747 126.88280208936 0 0
27.4891605486844 126.859205853547 0 0
27.19007894385 126.835749718309 0 0
26.890993609146 126.812341118953 0 0
26.5919007792589 126.789028553608 0 0
26.2928050960675 126.765752551026 0 0
25.9937269935468 126.742252100462 0 0
25.6946552913306 126.718669968956 0 0
25.3955836502447 126.695087062054 0 0
25.0965119872832 126.671504432569 0 0
24.7974403865383 126.64792101408 0 0
24.4983687459069 126.624338101412 0 0
24.1992971403335 126.600754744155 0 0
23.9002254983511 126.577171848621 0 0
23.6011538398926 126.55358916203 0 0
23.3020822355741 126.530005788857 0 0
23.0030105940131 126.506422887979 0 0
22.7039389355214 126.482840201809 0 0
22.4048673308147 126.459256833559 0 0
22.1057956896752 126.435673927337 0 0
21.8067240829778 126.412090584333 0 0
21.5076524465447 126.388507618423 0 0
21.2085807853372 126.364924966695 0 0
20.9095091782184 126.341341629035 0 0
20.6104375421735 126.317758658203 0 0
20.3113658809992 126.294176006053 0 0
20.012294273459 126.270592673737 0 0
19.7132226334434 126.247009753262 0 0
19.4141510299703 126.22342636937 0 0
19.1150765865788 126.199879039416 0 0
18.8173734934067 126.163749012844 0 0
18.5202472272025 126.122324600578 0 0
18.224223890107 126.073850498275 0 0
17.928643023452 126.022547951895 0 0
17.6330620940312 125.971245767121 0 0
17.3374808750043 125.919945250971 0 0
17.0419132530626 125.868566475932 0 0
16.7478705293426 125.809264016909 0 0
16.456190268424 125.739252818445 0 0
16.1672718990378 125.658589045482 1 0
15.8815049912319 125.567378189995 1 0
15.5992742321157 125.465742959484 1 0
15.3209592084545 125.353820717742 1 0
15.0469344615659 125.231762015158 1 0
14.7775694174366 125.099729667365 1 0
14.5132256515353 124.957903151002 1 0
14.2542602243509 124.806470856058 1 0
14.0010278513898 124.645627316396 1 0
13.7540060348943 124.475399856953 1 0
13.5133998831067 124.29622598111 1 0
13.2795315930478 124.108348942591 1 0
13.052717191824 123.912019917213 1 0
12.8332606053748 123.707504653102 1 0
12.6214577425213 123.495077726145 1 0
12.4175930027038 123.275025644041 1 0
12.2219403597358 123.047644862445 1 0
12.034763643082 122.813240890884 1 0
11.8563141561734 122.572129683197 1 0
11.68681728635 122.324645187734 1 0
11.5264796036568 122.071132024952 1 0
11.3754722771884 121.811956356775 1 0
11.2489161988783 121.541186120777 1 0
11.1549330813131 121.256302118434 1 0
11.0641515614306 120.970367309916 1 0
10.9750821540083 120.683901043365 1 0
10.8920262391425 120.39566041022 1 0
10.8175204485856 120.10509221608 1 0
10.7516495018896 119.812445500056 1 0
10.6944644765262 119.517978121669 1 0
10.6460153708156 119.221947723571 1 0
10.6063448596837 118.924613300704 1 0
10.5754876118146 118.626235014461 1 0
10.5534700387088 118.327073994963 1 0
10.5403114894424 118.027391974348 1 0
10.5360271318993 117.727451121128 1 0
10.5406217254093 117.427514165098 1 0
10.5540757720415 117.127843264552 1 0
10.5725866461235 116.828418785045 1 0
10.5920875262379 116.529053263192 1 0
10.6338806171194 116.232285044988 1 0
10.6837390848825 115.936457167427 1 0
10.7335849918606 115.640627173228 1 0
10.7834017430879 115.34479226805 1 0
10.8332031719672 115.048954782829 0 0
10.8830012725661 114.75311673731 0 0
10.9327990997127 114.457278645761 0 0
10.9825961733313 114.161440427373 0 0
11.0323939083923 113.865602320324 0 0
11.0821917723957 113.569764234979 0 0
11.1319895995423 113.27392614343 0 0
11.1817866733269 112.97808792507 0 0
11.2315842813889 112.682249796643 0 0
11.2813821085355 112.386411705094 0 0
11.3311799356821 112.090573613545 0 0
11.3809770096359 111.794735395213 0 0
11.4307746175286 111.498897266758 0 0
11.4805724446752 111.203059175209 0 0
11.5303702718218 110.907221083659 0 0
11.5801673459448 110.611382865356 0 0
11.6299649536684 110.315544736873 0 0
11.679762907556 110.019706666657 0 0
11.7295607716515 109.723868581328 0 0
11.7793578459405 109.428030363053 0 0
11.8291554534981 109.132192234541 0 0
11.8789532806447 108.836354142992 0 0
11.9287511077913 108.540516051443 0 0
11.9785481822494 108.244677833196 0 0
12.0283457896378 107.948839704656 0 0
12.0781436167844 107.653001613107 0 0
12.127941443931 107.357163521558 0 0
12.1777385185583 107.06132530334 0 0
12.2275361257776 106.765487174771 0 0
12.2773339529242 106.469649083222 0 0
12.3271319067198 106.173811012991 0 0
12.376929018554 105.877972801036 0 0
12.4267266256072 105.582134672439 0 0
12.4765244527538 105.28629658089 0 0
12.5263222799004 104.990458489341 0 0
12.5761193548629 104.694620271179 0 0
12.625916961747 104.398782142554 0 0
12.6757147888936 104.102944051005 0 0
12.7255126160402 103.807105959456 0 0
12.7753096911718 103.511267741323 0 0
12.8251072978867 103.215429612669 0 0
12.8749051250333 102.91959152112 0 0
12.9247029521799 102.62375342957 0 0
12.9745001540354 102.327915232768 0 0
13.0242977977165 102.032077110337 0 0
13.0740956248631 101.736239018788 0 0
13.1238934520097 101.440400927238 0 0
13.1736905274765 101.144562709162 0 0
13.2234881338563 100.848724580452 0 0
13.2732859610029 100.552886488902 0 0
13.3230837881495 100.257048397353 0 0
13.3728816152961 99.9612103058041 0 0
13.4226786909745 99.665372087763 0 0
13.4724762971426 99.3695339590173 0 0
13.5222741242892 99.0736958674681 0 0
13.5720719514358 98.7778577759189 0 0
13.621869153746 98.4820195791931 0 0
13.6716667969724 98.1861814566852 0 0
13.721464624119 97.890343365136 0 0
13.7712624512656 97.5945052735868 0 0
13.8210595272792 97.2986670556022 0 0
13.8708571331121 97.0028289268001 0 0
13.9206549602587 96.7069908352509 0 0
13.9704527874053 96.4111527437017 0 0
14.0202498635881 96.1153145257455 0 0
14.0700474692519 95.8194763969149 0 0
14.1198452963985 95.5236383053657 0 0
14.1696431235451 95.2278002138165 0 0
14.219440199897 94.9319619958888 0 0
14.2692378053916 94.6361238670298 0 0
14.3190357589041 94.3402857967515 0 0
14.3688336233748 94.044447711485 0 0
14.4186306998927 93.7486094935852 0 0
14.4684283052213 93.4527713646982 0 0
14.5182261323679 93.156933273149 0 0
14.5680239595145 92.8610951815998 0 0
14.6178210362016 92.5652569637286 0 0
14.6676186413611 92.2694188348131 0 0
14.7174164685077 91.9735807432639 0 0
14.7672142956543 91.6777426517147 0 0
14.8170113725105 91.3819044338719 0 0
14.8668089775008 91.0860663049279 0 0
14.9166068046474 90.7902282133787 0 0
14.9664047580678 90.4943901430849 0 0
15.0162018725062 90.1985519315683 0 0
15.0659994773305 89.9027138025964 0 0
15.1157973044771 89.6068757110472 0 0
15.1655951316237 89.311037619498 0 0
15.2153922088151 89.0151994017116 0 0
15.2651898134702 88.7193612727112 0 0
15.3149876406168 88.423523181162 0 0
15.3647854677634 88.1276850896128 0 0
15.4145825451241 87.8318468718549 0 0
15.46438014961 87.536008742826 0 0
15.5141779767566 87.2401706512769 0 0
15.5639758039032 86.9443325597276 0 0
15.6137730076124 86.6484943632374 0 0
15.6635706494397 86.352656240494 0 0
15.7133684765864 86.0568181489448 0 0
15.763166303733 85.7609800573956 0 0
15.8129633814287 85.4651418396941 0 0
15.8627609855795 85.1693037106088 0 0
15.9125588127261 84.8734656190596 0 0
15.9623566398727 84.5776275275104 0 0
16.0121537177377 84.2817893098374 0 0
16.0619513217192 83.9859511807237 0 0
16.1117491488658 83.6901130891745 0 0
16.1615469760125 83.3942749976253 0 0
16.2113448031591 83.0984369060761 0 0
16.2611420073231 82.8025987096623 0 0
16.3109396486956 82.5067605868424 0 0
16.3607374758422 82.2109224952932 0 0
16.4105353029888 81.915084403744 0 0
16.4603323812314 81.6192461861346 0 0
16.5101299848354 81.3234080569573 0 0
16.559927811982 81.027569965408 0 0
16.6097256391286 80.7317318738589 0 0
16.6595227175403 80.4358936562779 0 0
16.7093203209751 80.1400555270721 0 0
16.7591181481217 79.8442174355229 0 0
16.8089159752683 79.5483793439737 0 0
16.8587130538492 79.2525411264212 0 0
16.9085107831127 78.9567030183959 0 0
16.9583086479514 78.6608649331913 0 0
17.008106475098 78.3650268416422 0 0
17.0579035538449 78.0691886241176 0 0
17.1077011569445 77.7733504948554 0 0
17.1574989840912 77.4775124033062 0 0
17.2072968112378 77.181674311757 0 0
17.2570938901538 76.8858360942609 0 0
17.3068914930843 76.5899979649702 0 0
17.3566893202309 76.2941598734211 0 0
17.4064871473775 75.9983217818718 0 0
17.4562842264628 75.7024835644042 0 0
17.506081829224 75.4066454350851 0 0
17.5558797822764 75.1108073647294 0 0
17.6056776472072 74.8149692795403 0 0
17.6554747264584 74.5191310621007 0 0
17.7052723290537 74.2232929327536 0 0
17.7550701562003 73.9274548412044 0 0
17.8048679833469 73.6316167496551 0 0
17.8546650627673 73.335778532244 0 0
17.9044626651935 73.0399404028684 0 0
17.9542604923401 72.7441023113192 0 0
18.0040583194867 72.44826421977 0 0
18.0538553990763 72.1524260023873 0 0
18.1036530013332 71.8565878729832 0 0
18.1534508284798 71.560749781434 0 0
18.2032487814402 71.2649117110628 0 0
18.2530458990719 70.9690735000837 0 0
18.3028435011629 70.6732353706517 0 0
18.3526413283095 70.3773972791025 0 0
18.4024391554561 70.0815591875533 0 0
18.4522362353809 69.785720970227 0 0
18.5020338373027 69.4898828407665 0 0
18.5518316644493 69.1940447492173 0 0
18.6016294915959 68.8982066576681 0 0
18.6514265716898 68.6023684403703 0 0
18.7012241734424 68.3065303108814 0 0
18.751022000589 68.0106922193322 0 0
18.8008198277356 67.714854127783 0 0
18.8506170337181 67.4190159316753 0 0
18.9004146732722 67.1231778085493 0 0
18.9502125004188 66.8273397170001 0 0
19.0000103275654 66.5315016254509 0 0
19.049808154712 66.2356635339017 0 0
19.0996052351835 65.9398253166675 0 0
19.1494028365585 65.6439871871149 0 0
19.1992006637051 65.3481490955657 0 0
19.2489984908517 65.0523110040165 0 0
19.2987955714924 64.7564727868107 0 0
19.3485931726983 64.4606346572298 0 0
19.3983909998449 64.1647965656806 0 0
19.4481888269915 63.8689584741314 0 0
19.4979860334287 63.5731202781003 0 0
19.547783672528 63.2772821548977 0 0
19.5975814996746 62.9814440633485 0 0
19.6473793268213 62.6856059717993 0 0
19.6971764077971 62.38976775465 0 0
19.7469740086678 62.0939296250125 0 0
19.7967718358144 61.7980915334633 0 0
19.846569662961 61.5022534419141 0 0
19.8963667441061 61.2064152247933 0 0
19.9461643448075 60.9105770951274 0 0
19.9959621719541 60.6147390035782 0 0
20.0457599991008 60.318900912029 0 0
20.095557080415 60.0230626949366 0 0
20.145354806485 59.7272245863738 0 0
20.1951526717838 59.4313865012467 0 0
20.2449504989304 59.1355484096974 0 0
20.2947475804106 58.839710192633 0 0
20.344545180777 58.5438720629107 0 0
20.3943430079236 58.2480339713615 0 0
20.4441408350702 57.9521958798123 0 0
20.4939379167196 57.6563576627763 0 0
20.5437355169167 57.3605195330255 0 0
20.5935333440633 57.0646814414763 0 0
20.6433311712099 56.7688433499271 0 0
20.6931282530285 56.4730051329196 0 0
20.7429258530565 56.1771670031404 0 0
20.7927238056487 55.8813289327072 0 0
20.8425216710396 55.5854908475956 0 0
20.8923349118197 55.289655351131 0 0
20.942183517395 54.9938258119712 0 0
20.9920318065994 54.697996219061 0 0
21.046535406661 54.4029961021882 0 0
21.1085977750783 54.1094977139473 0 0
21.1716578652769 53.8162002113662 0 0
21.234714692308 53.5229020072052 0 0
21.2977664540801 53.2296027141011 0 0
21.3627662416616 52.9367294136873 0 0
21.4367944722815 52.6460154640798 0 0
21.5201434499096 52.3578412927303 0 0
21.6125373870176 52.0724454969107 1 0
21.7138835425568 51.7901100743921 1 0
21.8240812237629 51.5111142372982 1 0
21.9430220521939 51.2357343345023 1 0
22.0705881444728 50.9642427757391 1 0
22.206652976424 50.6969081143177 1 0
22.3510818812603 50.4339948411977 1 0
22.503732389371 50.1757633781186 1 0
22.6644537135724 49.9224694072727 1 0
22.8330870755206 49.6743637417404 1 0
23.0099235941446 49.4320353685764 1 0
23.1943997286922 49.1954786202383 1 0
23.3862401149655 48.9648620926511 1 0
23.5852545793538 48.7404136924887 1 0
23.7912454415734 48.5223548489851 1 0
24.0040093566256 48.3109017547273 1 0
24.2233359959422 48.1062638953189 1 0
24.4490081087598 47.908643525788 1 0
24.680802353401 47.718236185177 1 0
24.918456832195 47.5351874099549 1 0
25.1615130351932 47.3593589881679 1 0
25.4111948338351 47.1932833031056 1 0
25.6784447248732 47.0588678711486 1 0
25.9617594227132 46.9605432333457 1 0
26.2485999920136 46.872694935769 1 0
26.5372467544159 46.7909849227703 1 0
26.8277015614446 46.7159485435459 1 0
27.1198251841886 46.6476835981622 1 0
27.413491625524 46.5863853299674 1 0
27.708545372688 46.5321635378954 1 0
28.0047772561556 46.4848200718339 1 0
28.3020278013137 46.4443828437471 1 0
28.6001362923243 46.4108716285049 1 0
28.898941909316 46.3843048941252 1 0
29.1982834303808 46.3646972006877 1 0
29.4979992749682 46.3520586929553 1 0
29.7979277270389 46.3463968293707 1 0
30.0979236721574 46.3452451564083 1 0
30.3979236100523 46.3450522848547 1 0
30.6979235900529 46.3450059929582 1 0
30.9979235698916 46.3451049113369 1 0
31.2979233546324 46.3454430035859 1 0
31.5979227842751 46.3460207293401 1 0
31.8979224524743 46.3464555066673 0 0
32.1979222935554 46.3467621342977 0 0
32.4979216279568 46.3473779578699 0 0
32.7979203451012 46.3482516977258 0 0
33.0979180180965 46.3494287546228 0 0
33.3979119642191 46.3513181881357 0 0
33.6979044350541 46.3534428967311 0 0
33.9978967524895 46.3555898666147 0 0
34.297889074833 46.3577361505643 0 0
34.5978813924085 46.3598831008578 0 0
34.897873714602 46.3620294057782 0 0
35.1978660323708 46.3641763290502 0 0
35.4978583543395 46.3663226653844 0 0
35.7978506723213 46.3684695588991 0 0
36.0978429941184 46.3706159192176 0 0
36.3978353122443 46.3727627925918 0 0
36.6978276338834 46.3749091749819 0 0
36.9978199522065 46.3770560207841 0 0
37.2978122736249 46.3792024340377 0 0
37.5978045921531 46.3813492511836 0 0
37.8977969134038 46.383495687871 0 0
38.19778923208 46.3856424843257 0 0
38.4977815531648 46.3877889441855 0 0
38.7977738720423 46.3899357125181 0 0
39.0977661929102 46.3920822026911 0 0
39.3977585119849 46.3942289434681 0 0
39.697750832689 46.3963754565243 0 0
39.9977431519157 46.3985221760597 0 0
40.2977354724462 46.4006687133891 0 0
40.597727791878 46.402815404252 0 0
40.8977201121956 46.4049619713444 0 0
41.1977124318167 46.4071086357525 0 0
41.4977047482183 46.4092557500934 0 0
41.7976970682606 46.4114023556455 0 0
42.097689388155 46.4135489818692 0 0
42.3976817080395 46.4156956094787 0 0
42.6976740280917 46.417842213635 0 0
42.9976663477907 46.4199888671689 0 0
43.297658668054 46.4221354418273 0 0
43.5976509875459 46.4242821242988 0 0
43.8976433079868 46.4264286741536 0 0
44.1976356273248 46.4285753781321 0 0
44.4976279479275 46.4307219053689 0 0
44.7976202670721 46.4328686363725 0 0
45.0976125878898 46.4350151335612 0 0
45.3976049068313 46.4371618929522 0 0
45.6975972278186 46.4393083664381 0 0
45.9975895466101 46.4414551467854 0 0
46.2975818677632 46.4436015971028 0 0
46.5975741863535 46.4457484055762 0 0
46.8975665077256 46.4478948252952 0 0
47.1975588261166 46.4500416616055 0 0
47.4975511476366 46.4521880606444 0 0
47.7975434658573 46.4543349207631 0 0
48.097535787599 46.4564812888368 0 0
48.3975281056231 46.4586281764256 0 0
48.6975204275211 46.4607745226312 0 0
48.9975127454019 46.4629214302589 0 0
49.2975050674724 46.4650677523784 0 0
49.5974973851388 46.4672146899667 0 0
49.8974897074347 46.4693609805707 0 0
50.1974820249084 46.4715079450789 0 0
50.497474347353 46.4736542149156 0 0
50.7974666646873 46.4758011989122 0 0
51.0974589873081 46.4779474441123 0 0
51.3974513044202 46.4800944591703 0 0
51.6974436272704 46.4822406723046 0 0
51.9974359441937 46.4843877137323 0 0
52.2974282671848 46.4865339072001 0 0
52.5974205839726 46.4886809675655 0 0
52.8974129071439 46.4908271358462 0 0
53.1974052237015 46.4929742283739 0 0
53.4973975471062 46.4951203640386 0 0
53.7973898634841 46.4972674816876 0 0
54.0973821869206 46.4994136129046 0 0
54.3973745034451 46.5015607100685 0 0
54.6973668266994 46.5037068667379 0 0
54.9973591433575 46.5058539452292 0 0
55.2973514664749 46.5080001210347 0 0
55.5973437833199 46.5101471734215 0 0
55.8973361062059 46.512293381558 0 0
56.1973284232769 46.5144404023529 0 0
56.4973207459848 46.5165866353912 0 0
56.7973130631933 46.5187336369631 0 0
57.0973053796152 46.5208807484696 0 0
57.3972977020499 46.5230270196923 0 0
57.6972900195335 46.5251739828045 0 0
57.9972823418194 46.5273202748145 0 0
58.2972746594959 46.5294672109968 0 0
58.5972669815563 46.5316135345124 0 0
58.897259299447 46.533760440754 0 0
59.1972516213351 46.5359067883456 0 0
59.4972439393693 46.5380536745384 0 0
59.7972362611008 46.5402000440182 0 0
60.0972266041931 46.5426023225432 0 0
60.3972060940831 46.5460582393379 0 0
60.697192078996 46.5488678499046 0 0
60.9971456847721 46.5455484514074 0 0
61.2967826573086 46.5314283421606 0 0
61.5956635428359 46.5059275178064 0 0
61.893978405256 46.4743192718352 0 0
62.1929403260454 46.4494321249114 1 0
62.491998746848 46.425682177927 1 0
62.7910530685245 46.4018806529292 1 0
63.0900721627583 46.3776747022613 1 0
63.3884714720013 46.3468796224122 1 0
63.6859154155888 46.307914045799 1 0
63.9819030803241 46.2591103781995 1 0
64.2764100045106 46.2020509339856 1 0
64.5690171000142 46.1359511751098 1 0
64.8594893307599 46.0610119104012 1 0
65.1477123655156 45.9778424448471 1 0
65.4330669992647 45.8853025271985 1 0
65.7157763811279 45.7849724235683 1 0
65.9950902662162 45.6755513037852 1 0
66.2711430023665 45.5581423997595 1 0
66.5435482104058 45.4325096563667 1 0
66.8119153751661 45.2984601691631 1 0
67.0764771226811 45.1570451156066 1 0
67.3361582371168 45.0068547136177 1 0
67.5916218791945 44.8496011545223 1 0
67.8419961423664 44.6843705622657 1 0
68.0873782138558 44.5118087588749 1 0
68.3276270459739 44.3321717882456 1 0
68.5620840663746 44.1450330015865 1 0
68.7906699707022 43.9507724474476 1 0
69.0102107753044 43.7463182127326 1 0
69.2293628132263 43.5414472856146 1 0
69.4444966779254 43.3323857913012 1 0
69.6519062960786 43.1156616262743 1 0
69.852551747115 42.8926588099302 1 0
70.0451173325806 42.662647985418 1 0
70.2302917081592 42.4266417111123 1 0
70.4071693797389 42.1843614281399 1 0
70.5760332666146 41.9364232801115 1 0
70.7364437607683 41.6829404091026 1 0
70.888943731087 41.4246049212571 1 0
71.0391411186714 41.1649113620417 1 0
71.189300979821 40.9051961035834 1 0
71.3393626428368 40.645424100692 1 0
71.4892017914614 40.3855237015244 1 0
71.6457228557419 40.1296914980719 1 0
71.8115053331622 39.879729011551 1 0
71.9614252270639 39.6199310028915 1 0
72.0887596866191 39.3483951030594 1 0
72.203189316087 39.071076552497 1 0
72.3161495018868 38.7931557123733 1 0
72.4289397950151 38.5151658748324 1 0
72.54172978121 38.237175912758 1 0
72.6545200950636 37.959186083626 1 0
72.7673104089173 37.6811962544941 1 0
72.8800998880932 37.4032060867054 1 0
72.9928901779757 37.1252162478476 1 0
73.1056804918293 36.8472264187156 0 0
73.2184704898638 36.5692364614449 0 0
73.3312600115272 36.2912463108947 0 0
73.4440502263573 36.0132564415857 0 0
73.556840540211 35.7352666124538 0 0
73.6696308540646 35.4572767833218 0 0
73.782420890163 35.179286841495 0 0
73.8952104675776 34.9012967135649 0 0
74.0080005885926 34.6233068061919 0 0
74.1207909024462 34.3453169770599 0 0
74.2335812162999 34.067327147928 0 0
74.3463712904622 33.789337221545 0 0
74.4591609236279 33.511347116235 0 0
74.5719509508279 33.2333571707981 0 0
74.6847412646815 32.9553673416661 0 0
74.7975315785351 32.6773775125342 0 0
74.9103216907614 32.399387601595 0 0
75.0231113796783 32.1213975189051 0 0
75.1359013130631 31.8434075354042 0 0
75.2486916269168 31.5654177062723 0 0
75.3614819407704 31.2874278771404 0 0
75.4742720910606 31.0094379816451 0 0
75.5870618357286 30.7314479215752 0 0
75.6998516752984 30.4534579000104 0 0
75.812641989152 30.1754680708785 0 0
75.9254323030056 29.8974782417466 0 0
76.0382221820453 29.6194882361963 0 0
76.1510117236796 29.3414980937495 0 0
76.2638020375332 29.0635082646177 0 0
76.3765923513868 28.7855184354857 0 0
76.4893826652405 28.5075286063538 0 0
76.6021726761589 28.2295386543111 0 0
76.7149620859144 27.9515484583568 0 0
76.827752399768 27.6735586292249 0 0
76.9405427136217 27.395568800093 0 0
77.0533330274753 27.117578970961 0 0
77.1661231702726 26.8395890724259 0 0
77.2789124481493 26.561598822964 0 0
77.3917027620029 26.2836089938321 0 0
77.5044930758565 26.0056191647002 0 0
77.6172833897101 25.7276293355683 0 0
77.7300736643863 25.4496394905407 0 0
77.8428628103841 25.1716491875712 0 0
77.9556531242377 24.8936593584394 0 0
78.0684434380914 24.6156695293074 0 0
78.181233751945 24.3376797001755 0 0
78.2940240657986 24.0596898710436 0 0
78.4068132916977 23.7816996004927 0 0
78.5196034864725 23.5037097230466 0 0
78.6323938003262 23.2257198939147 0 0
78.7451841141798 22.9477300647827 0 0
78.8579737291439 22.6697399520878 0 0
78.9707636072876 22.3917499461734 0 0
79.0835538487078 22.1137600876528 0 0
79.1963441625614 21.8357702585208 0 0
79.3091344764151 21.5577804293889 0 0
79.4220116106265 21.2798258482702 0 0
79.5351218296717 21.001966066178 0 0
79.6482533360689 20.7241149188776 0 0
79.7613440802003 20.4462471742252 0 0
79.8748543676799 20.1685507547744 0 0
79.9889547246748 19.891096210058 0 0
80.1035845547072 19.6138599692883 0 0
80.2192482603733 19.337054129481 0 0
80.3361333578964 19.0607615908425 0 0
80.453553681189 18.7846955608928 0 0
80.5711618839899 18.5087094976675 0 0
80.6888557327861 18.2327599414733 0 0
80.8069394498678 17.9569800703482 0 0
80.9303697321782 17.6835710023294 0 0
81.0630127234472 17.4145187606691 0 0
81.2047163862835 17.1501320731338 0 0
81.3553165698243 16.8907134345797 0 0
81.5146417229793 16.6365611547817 0 0
81.6825085958293 16.3879665263906 0 0
81.8587242953077 16.1452145454501 0 0
82.0430878646415 15.9085846065315 0 0
82.2353872479522 15.678347754724 0 0
82.435447402952 15.4548103465377 0 0
82.6435080643317 15.2387004181999 1 0
82.858783025309 15.0297889925247 1 0
83.0810247173962 14.828315134242 1 0
83.3099780094518 14.6345098151419 1 0
83.5453801256331 14.4485952287043 1 0
83.7869605459097 14.2707841068434 1 0
84.0344427731753 14.1012813433596 1 0
84.2875426259119 13.9402810366427 1 0
84.5459863519798 13.7879965981407 1 0
84.8094639582458 13.6445845567549 1 0
85.0749991292305 13.5049778766477 1 0
85.3406734024029 13.3656323349704 1 0
85.6083948412843 13.2309693550916 1 0
85.8915270580786 13.1318088458909 1 0
86.1762381204311 13.0372785319309 1 0
86.4623868355226 12.9472025888202 1 0
86.7499889154867 12.8618845964535 1 0
87.0389997079555 12.7814681947579 1 0
87.3293355376358 12.7059754557725 1 0
87.6209127430975 12.6354284878116 1 0
87.9136473826162 12.5698482940801 1 0
88.2074549263491 12.509253428109 1 0
88.5022505746407 12.453661111041 1 0
88.7979492461947 12.4030870511322 1 0
89.0944658260027 12.3575469089497 1 0
89.3917146525023 12.3170529120161 1 0
89.6896100807946 12.2816174672674 1 0
89.9880662123857 12.2512511294891 1 0
90.286998155808 12.2259788732364 1 0
90.5863294352834 12.2059860590614 1 0
90.8859558314923 12.1910845212027 1 0
91.1857908766046 12.181277686427 1 0
91.485748104652 12.1765687364793 1 0
91.7857410011589 12.1769592768575 1 0
92.0856830262571 12.1824487155912 1 0
92.3854876590029 12.1930362667267 1 0
92.6850684365436 12.2087178277828 1 0
92.984338404759 12.2294960029591 1 0
93.2832734847191 12.2546945349817 1 0
93.5820428386149 12.2818399429256 1 0
93.8808123662936 12.3089834380644 1 0
94.1795835114041 12.3361091186379 1 0
94.4783571257257 12.3632075929372 0 0
94.7762853202896 12.3976943020529 0 0
95.0734581899575 12.4387830539136 0 0
95.3706235320054 12.4799261905928 0 0
95.6677678990302 12.5212204654855 0 0
95.9649020857427 12.5625880259849 0 0
96.2620358293016 12.6039587697359 0 0
96.5591695401309 12.6453297485567 0 0
96.8563031963968 12.6867011192625 0 0
97.1534368579338 12.7280724521111 0 0
97.450570526344 12.769443735595 0 0
97.7477041826273 12.8108151061753 0 0
98.0448378441467 12.8521864391494 0 0
98.3419715995687 12.8935570976969 0 0
98.6391053054429 12.9349281121055 0 0
98.9362389669449 12.976299445205 0 0
99.2333726232573 13.0176708155764 0 0
99.5305062847476 13.0590421487593 0 0
99.8276399531578 13.1004134322432 0 0
100.124773696249 13.1417841793525 0 0
100.421907407546 13.183155154815 0 0
100.719041063888 13.2245265249776 0 0
101.016174725349 13.2658978583694 0 0
101.313308393759 13.3072691418532 0 0
101.610442050118 13.3486405118903 0 0
101.907575798072 13.3900112240714 0 0
102.204709516557 13.4313821479088 0 0
102.501843172934 13.4727535178205 0 0
102.79897683436 13.5141248514632 0 0
103.096110490748 13.5554962212914 0 0
103.393244152163 13.5968675550176 0 0
103.690377906833 13.638238218967 0 0
103.987511613564 13.6796092272216 0 0
104.284645274961 13.7209805610732 0 0
104.581778931378 13.7623519306925 0 0
104.878912592764 13.8037232646276 0 0
105.176046261174 13.8450945481114 0 0
105.473180003618 13.8864652998705 0 0
105.770313715562 13.9278362706832 0 0
106.067447383972 13.9692075541671 0 0
106.364581040425 14.0105789235356 0 0
106.661714701775 14.0519502577215 0 0
106.958848358239 14.0933216270064 0 0
107.255982105336 14.1346923453415 0 0
107.553115824573 14.1760632637771 0 0
107.850249481055 14.2174346329367 0 0
108.147383142376 14.2588059673315 0 0
108.444516798869 14.3001773364075 0 0
108.741650460179 14.3415486708858 0 0
109.038784128589 14.3829199543697 0 0
109.335917870566 14.4242907094872 0 0
109.633051582978 14.4656616769415 0 0
109.930185239499 14.5070330458087 0 0
110.22731890078 14.5484043804959 0 0
110.524452569191 14.5897756639797 0 0
110.82158622573 14.6311470327215 0 0
111.118719972208 14.6725177555014 0 0
111.415853691989 14.7138886700353 0 0
111.712987348545 14.7552600386517 0 0
112.010121009791 14.7966313735897 0 0
112.30725466636 14.8380027421226 0 0
112.604388327594 14.8793740771441 0 0
112.901522080969 14.9207447503969 0 0
113.198655789175 14.9621157480528 0 0
113.495789450392 15.0034870831997 0 0
113.79292310699 15.0448584515237 0 0
114.090056768195 15.0862297867541 0 0
114.387190436605 15.1276010702379 0 0
114.684324177934 15.1689718300052 0 0
114.981457890994 15.2103427928098 0 0
115.278591559404 15.2517140762936 0 0
115.575725216036 15.2930854443667 0 0
115.872858877207 15.334456779848 0 0
116.169992533851 15.3758281478376 0 0
116.467126279472 15.4171988767715 0 0
116.764260000005 15.4585697859036 0 0
117.061393656666 15.4999411537678 0 0
117.358527317807 15.541312489458 0 0
117.655660974481 15.5826838572387 0 0
117.95279463561 15.6240551930124 0 0
118.249928304021 15.6654264764962 0 0
118.547062044882 15.7067972396218 0 0
118.844195758409 15.748168199068 0 0
119.141329426819 15.7895394825519 0 0
119.438463083527 15.8309108500817 0 0
119.735596744622 15.8722821861063 0 0
120.032730401342 15.9136535535526 0 0
120.329864146344 15.9550242869313 0 0
120.62699786742 15.9963951921618 0 0
120.924131524157 16.0377665594828 0 0
121.221265185223 16.0791378957162 0 0
121.51839918249 16.1205068171955 0 0
121.815533987375 16.1618699374156 0 0
122.112669253509 16.2032297442194 0 0
122.409804386112 16.2445905103132 0 0
122.705537462061 16.2945397380935 0 0
123.000399894347 16.3498221586847 0 0
123.295142480696 16.4057377789499 0 0
123.589040355161 16.465862959288 0 0
123.88096378652 16.5348174905495 0 0
124.170244035177 16.6141352660125 0 0
124.45651134979 16.7037222308051 0 0
124.739401052745 16.8034652063274 0 0
125.018553282194 16.9132365403509 0 0
125.29361257285 17.0328968780914 0 0
125.5642291496 17.1622932268854 0 0
125.830058137177 17.3012617503301 0 0
126.09076153016 17.4496249665444 0 0
126.346007020006 17.6071948272894 0 0
126.595470141397 17.7737701457341 0 0
126.838833408517 17.9491388806978 1 0
127.075786675468 18.1330783837083 1 0
127.306028289647 18.3253546006821 1 0
127.52926540145 18.5257225677501 1 0
127.745218601533 18.7339224428816 1 0
127.953629089163 18.949674892321 1 0
128.154246987497 19.1726948926488 1 0
128.337894941467 19.4097739289818 1 0
128.497055354346 19.6638876342502 1 0
128.647723726629 19.9232992692226 1 0
128.790259796091 20.187262718249 1 0
128.924226025125 20.4556784340731 1 0
129.049480292036 20.728269937423 1 0
129.165890677882 21.0047554647443 1 0
129.273336807774 21.2848480226135 1 0
129.371706636106 21.5682572596436 1 0
129.460897966623 21.8546891945706 1 0
129.540791486099 22.1438535998197 1 0
129.611258518236 22.4354580834712 1 0
129.672297038273 22.7291792763359 1 0
129.723843775058 23.0247124515258 1 0
129.76584619092 23.321750872794 1 0
129.798259541203 23.6199865609263 1 0
129.821050306947 23.9191100775136 1 0
129.834195560182 24.2188110378535 1 0
129.837681687882 24.5187785317394 1 0
129.831504438739 24.818701324629 1 0
129.815684704807 25.118269317375 1 0
129.789049337882 25.4170139217339 1 0
129.744172781479 25.7136384226335 1 0
129.699259893309 26.0102574247862 1 0
129.654326485041 26.3068733190353 1 0
129.609362304252 26.6034845499923 1 0
129.564371818041 26.900091792208 1 0
129.51939210443 27.1967006682687 0 0
129.474418137746 27.4933104157832 0 0
129.429445153444 27.7899203122516 0 0
129.384472024798 28.0865301868337 0 0
129.339498185427 28.3831399536522 0 0
129.294525074795 28.679749830966 0 0
129.249551946147 28.9763597055479 0 0
129.204578128664 29.2729694756851 0 0
129.159605144362 29.5695793721534 0 0
129.114632015715 29.8661892467356 0 0
129.069658176345 30.1627990135541 0 0
129.024685065713 30.4594088908679 0 0
128.979711937064 30.7560187654497 0 0
128.934738119581 31.052628535587 0 0
128.889765135279 31.3492384320553 0 0
128.844792150977 31.6458483285237 0 0
128.799819022331 31.9424582031058 0 0
128.75484518296 32.2390679699244 0 0
128.709872072328 32.5356778472381 0 0
128.66489894368 32.83228772182 0 0
128.619925126197 33.1288974919572 0 0
128.574952141895 33.4255073884256 0 0
128.529979013248 33.7221172630077 0 0
128.485005195763 34.0187270331447 0 0
128.440032189575 34.3153369262946 0 0
128.395058934597 34.6119467817219 0 0
128.350085117114 34.9085565518591 0 0
128.305112132812 35.2051664483275 0 0
128.260139004165 35.5017763229095 0 0
128.215165186681 35.7983860930466 0 0
128.170192202379 36.094995989515 0 0
128.125219196191 36.3916058826649 0 0
128.080245941212 36.6882157380921 0 0
128.035272123729 36.9848255082293 0 0
127.990299139427 37.2814354046977 0 0
127.945326010781 37.5780452792798 0 0
127.900352193296 37.8746550494169 0 0
127.855379208994 38.1712649458852 0 0
127.810406058463 38.467874817149 0 0
127.765432114647 38.7644845681308 0 0
127.720459130345 39.0610944645992 0 0
127.675486001698 39.3577043391813 0 0
127.630512184214 39.6543141093184 0 0
127.585539199912 39.9509240057867 0 0
127.540566071266 40.247533880369 0 0
127.495592231895 40.5441436471874 0 0
127.450619121262 40.8407535245011 0 0
127.40564613696 41.1373634209695 0 0
127.360673008313 41.4339732955516 0 0
127.315699190829 41.7305830656886 0 0
127.270726206527 42.027192962157 0 0
127.225753077882 42.3238028367393 0 0
127.18077923851 42.6204126035578 0 0
127.135806127878 42.9170224808714 0 0
127.090832999231 43.2136323554535 0 0
127.045859181746 43.5102421255906 0 0
127.000886197444 43.8068520220589 0 0
126.955913068799 44.1034618966412 0 0
126.910939251313 44.400071666778 0 0
126.865966245125 44.696681559928 0 0
126.820992990148 44.9932914153554 0 0
126.776019172664 45.2899011854925 0 0
126.731046188362 45.5865110819608 0 0
126.686073059716 45.8831209565431 0 0
126.641099242231 46.1797307266799 0 0
126.596126236043 46.4763406198299 0 0
126.55115312541 46.7729504971436 0 0
126.506179996763 47.0695603717257 0 0
126.461206179279 47.3661701418627 0 0
126.416233194977 47.662780038331 0 0
126.371260066332 47.9593899129133 0 0
126.326286248846 48.2559996830502 0 0
126.281313242658 48.5526095762002 0 0
126.236339987681 48.8492194316275 0 0
126.191366170197 49.1458292017646 0 0
126.146393185895 49.442439098233 0 0
126.101420057249 49.7390489728153 0 0
126.056446239763 50.0356587429522 0 0
126.011473255461 50.3322686394205 0 0
125.966500104931 50.6288785106844 0 0
125.921526161114 50.9254882616661 0 0
125.876553176812 51.2220981581345 0 0
125.83158019251 51.5187080546028 0 0
125.786607063864 51.8153179291851 0 0
125.741633246379 52.1119276993219 0 0
125.696660262077 52.4085375957903 0 0
125.651687111547 52.7051474670543 0 0
125.60671316773 53.0017572180359 0 0
125.561740183427 53.2983671145042 0 0
125.516767054782 53.5949769890865 0 0
125.471793237296 53.8915867592234 0 0
125.426820252994 54.1881966556917 0 0
125.38184712435 54.4848065302742 0 0
125.336873284977 54.7814162970925 0 0
125.291900174345 55.0780261744061 0 0
125.246927045699 55.3746360489884 0 0
125.201953228214 55.6712458191253 0 0
125.156980243912 55.9678557155936 0 0
125.112007115267 56.2644655901761 0 0
125.06703329778 56.5610753603128 0 0
125.022060291593 56.8576852534628 0 0
124.97708718096 57.1542951307765 0 0
124.932114052314 57.4509050053587 0 0
124.887140234829 57.7475147754956 0 0
124.842167250527 58.044124671964 0 0
124.797194121883 58.3407345465465 0 0
124.752220304396 58.6373443166831 0 0
124.707247298208 58.9339542098331 0 0
124.662274043232 59.2305640652606 0 0
124.617300225746 59.5271738353975 0 0
124.572327241444 59.8237837318659 0 0
124.5273541128 60.1203936064483 0 0
124.482380295313 60.417003376585 0 0
124.437407289125 60.713613269735 0 0
124.392434034149 61.0102231251625 0 0
124.347460216664 61.3068328952994 0 0
124.302487232362 61.6034427917678 0 0
124.25751424806 61.9000526882361 0 0
124.212541119415 62.1966625628186 0 0
124.167567301928 62.4932723329552 0 0
124.122594295741 62.7898822261052 0 0
124.077621040764 63.0864920815328 0 0
124.032647223279 63.3831018516697 0 0
123.987674238977 63.679711748138 0 0
123.942701110333 63.9763216227205 0 0
123.897727292846 64.2729313928572 0 0
123.852754308544 64.5695412893255 0 0
123.807781158015 64.8661511605897 0 0
123.762807214197 65.1627609115711 0 0
123.717834229895 65.4593708080395 0 0
123.67286110125 65.7559806826219 0 0
123.627887283763 66.0525904527587 0 0
123.582914299461 66.349200349227 0 0
123.537941170818 66.6458102238096 0 0
123.492967331445 66.9424199906278 0 0
123.447994220812 67.2390298679414 0 0
123.40302123651 67.5356397644098 0 0
123.358048107865 67.8322496389922 0 0
123.313074290379 68.1288594091289 0 0
123.268101306077 68.4254693055973 0 0
123.223128177434 68.72207918018 0 0
123.17815433806 69.0186889469981 0 0
123.133181227427 69.3152988243117 0 0
123.088208098783 69.6119086988941 0 0
123.043234281296 69.9085184690309 0 0
122.998261296994 70.2051283654992 0 0