-2.371472	-0.43721	0	0
-2.363914	-0.747142	0	0
-2.353747	-1.056989	0	0
-2.340974	-1.366729	0	0
-2.3256	-1.676341	0	0
-2.307628	-1.985802	0	0
-2.287063	-2.295092	0	0
-2.263908	-2.604189	0	0
-2.238168	-2.91307	0	0
-2.209848	-3.221716	0	0
-2.178951	-3.530104	0	0
-2.145485	-3.838214	0	0
-2.109453	-4.146023	0	0
-2.070861	-4.453513	0	0
-2.029715	-4.76066	0	0
-1.986019	-5.067445	0	0
-1.939781	-5.373846	0	0
-1.891005	-5.679844	0	0
-1.839698	-5.985416	0	0
-1.785866	-6.290545	0	0
-1.729516	-6.595207	0	0
-1.670654	-6.899384	0	0
-1.609287	-7.203054	0	0
-1.545423	-7.506199	0	0
-1.479067	-7.808799	0	0
-1.410228	-8.110832	0	0
-1.338913	-8.412279	0	0
-1.265129	-8.713122	0	0
-1.188884	-9.01334	0	0
-1.110186	-9.312914	0	0
-1.029043	-9.611824	0	0
-0.945464	-9.91005	0	0
-0.859455	-10.207575	0	0
-0.771026	-10.504379	0	0
-0.680186	-10.800445	0	0
-0.586943	-11.09575	0	0
-0.491306	-11.390278	0	0
-0.393284	-11.684011	0	0
-0.292886	-11.976929	0	0
-0.19012	-12.269013	0	0
-0.084998	-12.560248	0	0
0.022472	-12.850615	0	0
0.132279	-13.140092	0	0
0.244415	-13.428665	0	0
0.35887	-13.716316	0	0
0.475632	-14.003027	0	0
0.594693	-14.288779	0	0
0.716042	-14.573557	0	0
0.839668	-14.857343	0	0
0.965561	-15.14012	0	0
1.093709	-15.421867	0	0
1.224104	-15.702574	0	0
1.356733	-15.982221	0	0
1.491585	-16.260788	0	0
1.628651	-16.538265	0	0
1.767917	-16.814631	0	0
1.909373	-17.089872	0	0
2.053007	-17.36397	0	0
2.198808	-17.636911	0	0
2.346765	-17.908676	0	0
2.496864	-18.179255	0	0
2.649095	-18.448626	0	0
2.803447	-18.716778	0	0
2.959904	-18.983692	0	0
3.118458	-19.249355	0	0
3.279095	-19.513752	0	0
3.441802	-19.776869	0	0
3.606567	-20.038689	0	0
3.773378	-20.2992	0	0
3.942222	-20.558384	0	0
4.113087	-20.816229	0	0
4.285958	-21.07272	0	0
4.460824	-21.327841	0	0
4.637672	-21.581583	0	0
4.816488	-21.833927	0	0
4.99726	-22.084862	0	0
5.179973	-22.334375	0	0
5.364615	-22.582453	0	0
5.551172	-22.829079	0	0
5.739632	-23.074242	0	0
5.929978	-23.317928	0	0
6.122201	-23.560125	0	0
6.316284	-23.800821	0	0
6.512213	-24.040005	0	0
6.709977	-24.27766	0	0
6.909559	-24.513775	0	0
7.110948	-24.748341	0	0
7.314126	-24.98134	0	0
7.519083	-25.212767	0	0
7.725801	-25.442606	0	0
7.934269	-25.670845	0	0
8.144472	-25.897476	0	0
8.356394	-26.122484	0	0
8.570022	-26.345858	0	0
8.785341	-26.567591	0	0
9.002337	-26.787666	0	0
9.220994	-27.006077	0	0
9.441299	-27.222813	0	0
9.663237	-27.43786	0	0
9.886793	-27.651209	0	0
10.111952	-27.862852	0	0
10.338698	-28.072779	0	0
10.567019	-28.280975	0	0
10.796898	-28.487436	0	0
11.02832	-28.69215	0	0
11.261271	-28.895107	0	0
11.495735	-29.096296	0	0
11.731698	-29.295713	0	0
11.969144	-29.493345	0	0
12.208057	-29.689184	0	0
12.448424	-29.883219	0	0
12.690228	-30.075443	0	0
12.933455	-30.26585	0	0
13.178089	-30.45443	0	0
13.424114	-30.641171	0	0
13.671515	-30.826069	0	0
13.920279	-31.009113	0	0
14.170385	-31.1903	0	0
14.421822	-31.369616	0	0
14.674575	-31.54706	0	0
14.928626	-31.722618	0	0
15.183962	-31.896286	0	0
15.440565	-32.068054	0	0
15.69842	-32.237923	0	0
15.957513	-32.40588	0	0
16.217827	-32.571915	0	0
16.479345	-32.736031	0	0
16.742054	-32.898212	0	0
17.005939	-33.058453	0	0
17.270981	-33.216755	0	0
17.537165	-33.373104	0	0
17.80448	-33.527496	0	0
18.072903	-33.679928	0	0
18.342426	-33.830395	0	0
18.613026	-33.978886	0	0
18.884693	-34.125397	0	0
19.157406	-34.269928	0	0
19.431156	-34.412468	0	0
19.705921	-34.553017	0	0
19.981688	-34.691566	0	0
20.258442	-34.82811	0	0
20.536167	-34.962646	0	0
20.814846	-35.095169	0	0
21.094463	-35.225677	0	0
21.375006	-35.354156	0	0
21.656454	-35.480621	0	0
21.938795	-35.605049	0	0
22.222013	-35.727448	0	0
22.50609	-35.847805	0	0
22.791012	-35.966125	0	0
23.076763	-36.082401	0	0
23.363329	-36.196632	0	0
23.650692	-36.308804	0	0
23.938839	-36.41893	0	0
24.227751	-36.527	0	0
24.517414	-36.633003	0	0
24.807816	-36.73695	0	0
25.098932	-36.838829	0	0
25.390757	-36.938644	0	0
25.68327	-37.036381	0	0
25.976456	-37.132057	0	0
26.2703	-37.225651	0	0
26.564787	-37.317169	0	0
26.8599	-37.406616	0	0
27.155626	-37.493973	0	0
27.451948	-37.579258	0	0
27.748852	-37.662457	0	0
28.046322	-37.743572	0	0
28.344339	-37.822601	0	0
28.642895	-37.89954	0	0
28.941965	-37.974396	0	0
29.241543	-38.047157	0	0
29.541611	-38.117832	0	0
29.842154	-38.18642	0	0
30.143154	-38.252914	0	0
30.444599	-38.317314	0	0
30.746473	-38.379627	0	0
31.048758	-38.43985	0	0
31.351446	-38.497978	0	0
31.654516	-38.554012	0	0
31.957956	-38.607956	0	0
32.261749	-38.659805	0	0
32.565884	-38.709564	0	0
32.870338	-38.757236	0	0
33.175102	-38.802811	0	0
33.480167	-38.846298	0	0
33.785507	-38.887699	0	0
34.091118	-38.92701	0	0
34.396973	-38.964226	0	0
34.703072	-38.999367	0	0
35.009384	-39.032417	0	0
35.31591	-39.063377	0	0
35.622631	-39.092262	0	0
35.929523	-39.119064	0	0
36.236584	-39.143787	0	0
36.543793	-39.166428	0	0
36.851139	-39.186996	0	0
37.158607	-39.20549	0	0
37.466183	-39.221905	0	0
37.773849	-39.236256	0	0
38.081596	-39.248535	0	0
38.389412	-39.258747	0	0
38.697277	-39.266895	0	0
39.005177	-39.272984	0	0
39.313103	-39.277016	0	0
39.621037	-39.278984	0	0
39.92897	-39.2789	0	0
40.237453	-39.276741	0	0
40.546387	-39.272366	0	0
40.855274	-39.265659	0	0
41.164104	-39.256626	0	0
41.472858	-39.245274	0	0
41.781525	-39.23159	0	0
42.09008	-39.215584	0	0
42.398495	-39.19725	0	0
42.706776	-39.176598	0	0
43.014885	-39.153622	0	0
43.322819	-39.128319	0	0
43.630547	-39.1007	0	0
43.938068	-39.070759	0	0
44.24535	-39.038502	0	0
44.55238	-39.003929	0	0
44.859142	-38.967045	0	0
45.165623	-38.927845	0	0
45.471794	-38.886333	0	0
45.777645	-38.842518	0	0
46.083157	-38.796394	0	0
46.388313	-38.747971	0	0
46.6931	-38.697243	0	0
46.997494	-38.644215	0	0
47.301476	-38.588894	0	0
47.605038	-38.531277	0	0
47.908157	-38.471382	0	0
48.210815	-38.409191	0	0
48.512997	-38.344719	0	0
48.814678	-38.277973	0	0
49.115852	-38.208942	0	0
49.416496	-38.137646	0	0
49.716595	-38.064083	0	0
50.016132	-37.988251	0	0
50.315086	-37.910164	0	0
50.613441	-37.829823	0	0
50.91119	-37.747227	0	0
51.208302	-37.662384	0	0
51.504761	-37.575294	0	0
51.800556	-37.485977	0	0
52.095673	-37.394424	0	0
52.390087	-37.300644	0	0
52.683788	-37.204639	0	0
52.976753	-37.106419	0	0
53.268967	-37.005985	0	0
53.560417	-36.903351	0	0
53.851082	-36.798512	0	0
54.140945	-36.691483	0	0
54.429996	-36.58226	0	0
54.718212	-36.470856	0	0
55.005581	-36.357277	0	0
55.292076	-36.241531	0	0
55.577694	-36.123615	0	0
55.862411	-36.003551	0	0
56.146214	-35.881332	0	0
56.429081	-35.756969	0	0
56.711006	-35.63047	0	0
56.991959	-35.501842	0	0
57.271938	-35.37109	0	0
57.550915	-35.238224	0	0
57.828884	-35.103252	0	0
58.105824	-34.966183	0	0
58.381714	-34.827019	0	0
58.656551	-34.685764	0	0
58.930309	-34.542442	0	0
59.202972	-34.397045	0	0
59.474533	-34.249592	0	0
59.744961	-34.100082	0	0
60.014259	-33.948536	0	0
60.282402	-33.794949	0	0
60.54937	-33.639336	0	0
60.815151	-33.481709	0	0
61.079735	-33.322067	0	0
61.343105	-33.160427	0	0
61.60524	-32.996799	0	0
61.866127	-32.831188	0	0
62.125751	-32.663605	0	0
62.384106	-32.494057	0	0
62.641167	-32.322559	0	0
62.896915	-32.149117	0	0
63.151348	-31.973738	0	0
63.404446	-31.796438	0	0
63.656189	-31.617226	0	0
63.906574	-31.436106	0	0
64.155571	-31.253096	0	0
64.403175	-31.068203	0	0
64.649376	-30.881435	0	0
64.89415	-30.692806	0	0
65.137482	-30.502327	0	0
65.379372	-30.310005	0	0
65.619797	-30.115856	0	0
65.858734	-29.919884	0	0
66.096191	-29.722109	0	0
66.33213	-29.522537	0	0
66.566551	-29.321178	0	0
66.799438	-29.11805	0	0
67.030777	-28.913155	0	0
67.260559	-28.706512	0	0
67.488762	-28.498131	0	0
67.715385	-28.288023	0	0
67.940399	-28.076199	0	0
68.163803	-27.862675	0	0
68.385574	-27.647459	0	0
68.605705	-27.430563	0	0
68.824196	-27.212006	0	0
69.041016	-26.991791	0	0
69.256149	-26.769938	0	0
69.469597	-26.546453	0	0
69.681335	-26.321358	0	0
69.891373	-26.094658	0	0
70.09967	-25.866367	0	0
70.306229	-25.636501	0	0
70.511047	-25.405073	0	0
70.714088	-25.172092	0	0
70.915359	-24.937574	0	0
71.114845	-24.701534	0	0
71.312523	-24.463984	0	0
71.5084	-24.224937	0	0
71.702454	-23.984409	0	0
71.894661	-23.742409	0	0
72.08503	-23.498959	0	0
72.273544	-23.254063	0	0
72.460197	-23.007744	0	0
72.644966	-22.76001	0	0
72.82785	-22.510878	0	0
73.00882	-22.260361	0	0
73.187897	-22.008476	0	0
73.365044	-21.75523	0	0
73.54026	-21.500648	0	0
73.713539	-21.24474	0	0
73.884857	-20.987518	0	0
74.054222	-20.729	0	0
74.221619	-20.4692	0	0
74.387016	-20.208132	0	0
74.550438	-19.945812	0	0
74.711853	-19.682257	0	0
74.871262	-19.417479	0	0
75.028641	-19.151495	0	0
75.183998	-18.884319	0	0
75.337311	-18.615967	0	0
75.488579	-18.346457	0	0
75.637794	-18.0758	0	0
75.784943	-17.804012	0	0
75.930023	-17.531113	0	0
76.073013	-17.257114	0	0
76.213913	-16.982037	0	0
76.352707	-16.705891	0	0
76.48941	-16.428694	0	0
76.623978	-16.150465	0	0
76.756424	-15.871216	0	0
76.886749	-15.590966	0	0
77.014931	-15.309731	0	0
77.140961	-15.027524	0	0
77.264847	-14.744366	0	0
77.386559	-14.460272	0	0
77.506104	-14.175256	0	0
77.623482	-13.889337	0	0
77.73867	-13.602529	0	0
77.851669	-13.314851	0	0
77.962471	-13.026319	0	0
78.071068	-12.73695	0	0
78.177452	-12.44676	0	0
78.281624	-12.155765	0	0
78.383568	-11.863985	0	0
78.483292	-11.571434	0	0
78.58078	-11.27813	0	0
78.676025	-10.98409	0	0
78.769012	-10.689331	0	0
78.859756	-10.393871	0	0
78.948242	-10.097725	0	0
79.03447	-9.800912	0	0
79.118423	-9.503449	0	0
79.200111	-9.205354	0	0
79.27951	-8.906642	0	0
79.356644	-8.60733	0	0
79.431473	-8.307441	0	0
79.504013	-8.006986	0	0
79.574249	-7.705986	0	0
79.642204	-7.404457	0	0
79.707832	-7.102418	0	0
79.771164	-6.799883	0	0
79.832191	-6.496874	0	0
79.890884	-6.193407	0	0
79.947266	-5.889502	0	0
80.001328	-5.585172	0	0
80.053055	-5.280437	0	0
80.102448	-4.975316	0	0
80.149506	-4.669824	0	0
80.194244	-4.363979	0	0
80.236633	-4.057802	0	0
80.276672	-3.75131	0	0
80.314384	-3.444519	0	0
80.349731	-3.137448	0	0
80.382744	-2.830117	0	0
80.413399	-2.522541	0	0
80.441696	-2.214737	0	0
80.467636	-1.906728	0	0
80.491234	-1.598525	0	0
80.512466	-1.290153	0	0
80.531334	-0.981623	0	0
80.547844	-0.672962	0	0
80.561989	-0.364179	0	0
80.573776	-0.055296	0	0
80.583199	0.253665	0	0
80.590256	0.562694	0	0
80.59494	0.871767	0	0
80.594658	1.81119	0	0
80.59108	2.111169	0	0
80.587502	2.411147	0	0
80.583923	2.711125	0	0
80.580353	3.011103	0	0
80.576775	3.311081	0	0
80.573196	3.611059	0	0
80.569618	3.911037	0	0
80.56604	4.211016	0	0
80.562469	4.510994	0	0
80.558891	4.810972	0	0
80.555313	5.11095	0	0
80.551735	5.410929	0	0
80.548164	5.710907	0	0
80.544586	6.010885	0	0
80.541008	6.310863	0	0
80.537437	6.610841	0	0
80.533859	6.91082	0	0
80.530289	7.210797	0	0
80.526711	7.510776	0	0
80.523132	7.810754	0	0
80.519562	8.110733	0	0
80.515984	8.410711	0	0
80.512413	8.71069	0	0
80.508835	9.010667	0	0
80.505264	9.310646	0	0
80.501686	9.610624	0	0
80.498116	9.910602	0	0
80.494537	10.210581	0	0
80.490967	10.510558	0	0
80.487389	10.810537	0	0
80.483818	11.110515	0	0
80.480247	11.410494	0	0
80.476669	11.710472	0	0
80.473099	12.01045	0	0
80.469521	12.310429	0	0
80.46595	12.610407	0	0
80.462379	12.910385	0	0
80.458801	13.210364	0	0
80.455231	13.510342	0	0
80.45166	13.810321	0	0
80.448082	14.110298	0	0
80.444511	14.410277	0	0
80.440941	14.710256	0	0
80.43737	15.010235	0	0
80.433792	15.310212	0	0
80.430222	15.61019	0	0
80.426651	15.910168	0	0
80.42308	16.210148	0	0
80.41951	16.510126	0	0
80.415932	16.810104	0	0
80.412361	17.110083	0	0
80.408791	17.410061	0	0
80.40522	17.710037	0	0
80.401649	18.010019	0	0
80.398079	18.309996	0	0
80.394508	18.609974	0	0
80.39093	18.909954	0	0
80.38736	19.209932	0	0
80.383789	19.509911	0	0
80.380219	19.809889	0	0
80.376648	20.109867	0	0
80.373077	20.409845	0	0
80.369507	20.709824	0	0
80.365936	21.009802	0	0
80.362366	21.309782	0	0
80.358795	21.609758	0	0
80.355225	21.909739	0	0
80.351654	22.209715	0	0
80.348083	22.509697	0	0
80.344513	22.809673	0	0
80.340942	23.109652	0	0
80.337372	23.40963	0	0
80.333801	23.70961	0	0
80.330231	24.009586	0	0
80.32666	24.309565	0	0
80.32309	24.609543	0	0
80.319519	24.909523	0	0
80.315948	25.209501	0	0
80.312386	25.50948	0	0
80.308815	25.80946	0	0
80.305244	26.109436	0	0
80.301674	26.409416	0	0
80.298103	26.709394	0	0
80.294533	27.009373	0	0
80.290962	27.309351	0	0
80.287392	27.609329	0	0
80.283829	27.909307	0	0
80.280258	28.209288	0	0
80.276688	28.509264	0	0
80.273117	28.809244	0	0
80.269547	29.109222	0	0
80.265984	29.409201	0	0
80.262413	29.709181	0	0
80.258842	30.009159	0	0
80.255272	30.309137	0	0
80.251701	30.609116	0	0
80.248138	30.909094	0	0
80.244568	31.209072	0	0
80.240997	31.509052	0	0
80.237427	31.809031	0	0
80.233864	32.109009	0	0
80.230293	32.408985	0	0
80.226723	32.708965	0	0
80.223152	33.008942	0	0
80.219589	33.308918	0	0
80.216019	33.608902	0	0
80.212448	33.908882	0	0
80.208878	34.208862	0	0
80.205315	34.508839	0	0
80.201744	34.808819	0	0
80.198174	35.108795	0	0
80.194603	35.408772	0	0
80.19104	35.708752	0	0
80.187469	36.008728	0	0
80.183899	36.308708	0	0
80.180336	36.608688	0	0
80.176765	36.908665	0	0
80.173195	37.208645	0	0
80.169632	37.508629	0	0
80.166061	37.808605	0	0
80.162491	38.108585	0	0
80.158928	38.408562	0	0
80.155357	38.708538	0	0
80.151787	39.008518	0	0
80.148224	39.308495	0	0
80.144653	39.608475	0	0
80.141083	39.908455	0	0
80.13752	40.208431	0	0
80.133949	40.508411	0	0
80.130379	40.808392	0	0
80.126816	41.108368	0	0
80.123245	41.408348	0	0
80.119675	41.708324	0	0
80.116112	42.008305	0	0
80.112541	42.308285	0	0
80.108971	42.608261	0	0
80.105408	42.908241	0	0
80.101837	43.208221	0	0
80.098267	43.508198	0	0
80.094704	43.808178	0	0
80.091133	44.108158	0	0
80.087563	44.408134	0	0
80.084	44.708115	0	0
80.080429	45.008091	0	0
80.076859	45.308071	0	0
80.073296	45.608051	0	0
80.069725	45.908028	0	0
80.066162	46.208008	0	0
80.062592	46.507988	0	0
80.059021	46.807964	0	0
80.055458	47.107944	0	0
80.051888	47.407925	0	0
80.048317	47.707901	0	0
80.044754	48.007881	0	0
80.041183	48.307858	0	0
80.037613	48.607838	0	0
80.03405	48.907818	0	0
80.030479	49.207794	0	0
80.026909	49.507774	0	0
80.023346	49.807755	0	0
80.019775	50.107731	0	0
80.016205	50.407711	0	0
80.012642	50.707691	0	0
80.009071	51.007671	0	0
80.005501	51.307652	0	0
80.001938	51.607632	0	0
79.998367	51.907608	0	0
79.994797	52.207584	0	0
79.991234	52.507561	0	0
79.987663	52.807541	0	0
79.984093	53.107521	0	0
79.980522	53.407497	0	0
79.976959	53.707478	0	0
79.973389	54.007458	0	0
79.969818	54.307438	0	0
79.966255	54.607418	0	0
79.962685	54.907398	0	0
79.959114	55.207375	0	0
79.955551	55.507355	0	0
79.951981	55.807331	0	0
79.94841	56.107307	0	0
79.944839	56.407288	0	0
79.941277	56.707268	0	0
79.937706	57.007248	0	0
79.934135	57.307228	0	0
79.930565	57.607204	0	0
79.927002	57.907185	0	0
79.923431	58.207165	0	0
79.919861	58.507141	0	0
79.91629	58.807125	0	0
79.91272	59.107098	0	0
79.909157	59.407078	0	0
79.905586	59.707058	0	0
79.902016	60.007034	0	0
79.898445	60.307014	0	0
79.894875	60.606998	0	0
79.891312	60.906975	0	0
79.887741	61.206955	0	0
79.884171	61.506927	0	0
79.8806	61.806908	0	0
79.877029	62.106888	0	0
79.873459	62.406868	0	0
79.869888	62.706848	0	0
79.866325	63.006828	0	0
79.862755	63.306805	0	0
79.859184	63.606781	0	0
79.855614	63.906765	0	0
79.852043	64.206741	0	0
79.848473	64.506721	0	0
79.844902	64.806694	0	0
79.841331	65.106674	0	0
79.837761	65.406654	0	0
79.83419	65.706642	0	0
79.83062	66.006615	0	0
79.827057	66.306595	0	0
79.823486	66.606567	0	0
79.819916	66.906548	0	0
79.816345	67.206528	0	0
79.812775	67.506508	0	0
79.809204	67.80648	0	0
79.805634	68.106461	0	0
79.802063	68.406448	0	0
79.798492	68.706429	0	0
79.794914	69.006409	0	0
79.791344	69.306381	0	0
79.787773	69.606361	0	0
79.784203	69.906334	0	0
79.780632	70.206314	0	0
79.777061	70.506302	0	0
79.773491	70.806282	0	0
79.76992	71.106255	0	0
79.76635	71.406235	0	0
79.762779	71.706215	0	0
79.759201	72.006195	0	0
79.75563	72.306175	0	0
79.75206	72.606148	0	0
79.748489	72.906128	0	0
79.744919	73.206108	0	0
79.741348	73.506088	0	0
79.73777	73.806068	0	0
79.7342	74.106041	0	0
79.730629	74.406029	0	0
79.727058	74.706009	0	0
79.72348	75.005989	0	0
79.71991	75.305962	0	0
79.716339	75.605942	0	0
79.712761	75.905914	0	0
79.70919	76.205902	0	0
79.70562	76.505882	0	0
79.702042	76.805862	0	0
79.698471	77.105843	0	0
79.694901	77.405815	0	0
79.691322	77.705788	0	0
79.687752	78.005775	0	0
79.684181	78.305756	0	0
79.680603	78.605736	0	0
79.677032	78.905708	0	0
79.673454	79.205688	0	0
79.669884	79.505676	0	0
79.666306	79.805656	0	0
79.662735	80.105629	0	0
79.659157	80.405602	0	0
79.655586	80.705582	0	0
79.652008	81.005569	0	0
79.648438	81.30555	0	0
79.644859	81.60553	0	0
79.641289	81.90551	0	0
79.637711	82.205475	0	0
79.634132	82.505463	0	0
79.630562	82.805443	0	0
79.626984	83.105423	0	0
79.623405	83.405403	0	0
79.619835	83.705376	0	0
79.616257	84.005356	0	0
79.612679	84.305336	0	0
79.609108	84.605316	0	0
79.60553	84.905296	0	0
79.601952	85.205276	0	0
79.598373	85.505257	0	0
79.594803	85.805237	0	0
79.591225	86.105209	0	0
79.587646	86.40519	0	0
79.584068	86.70517	0	0
79.58049	87.00515	0	0
79.576912	87.30513	0	0
79.573341	87.60511	0	0
79.567596	87.92778	0	0
79.562111	88.237541	0	0
79.554085	88.547218	0	0
79.54351	88.856827	0	0
79.530388	89.166328	0	0
79.514717	89.475693	0	0
79.496513	89.78492	0	0
79.475777	90.093979	0	0
79.452515	90.402863	0	0
79.42672	90.711525	0	0
79.398392	91.019958	0	0
79.367554	91.328156	0	0
79.334183	91.63607	0	0
79.298317	91.943703	0	0
79.259933	92.251022	0	0
79.219048	92.558014	0	0
79.175652	92.864662	0	0
79.129768	93.170937	0	0
79.081398	93.476814	0	0
79.03054	93.782288	0	0
78.977203	94.087326	0	0
78.921387	94.391914	0	0
78.863113	94.696037	0	0
78.802361	94.999664	0	0
78.739159	95.302795	0	0
78.6735	95.605385	0	0
78.605392	95.907433	0	0
78.534851	96.208908	0	0
78.461876	96.509811	0	0
78.386475	96.810089	0	0
78.308647	97.109756	0	0
78.228409	97.408768	0	0
78.145775	97.707123	0	0
78.06073	98.004799	0	0
77.973297	98.301765	0	0
77.883476	98.598022	0	0
77.79129	98.893539	0	0
77.696724	99.188301	0	0
77.599808	99.482285	0	0
77.500534	99.775475	0	0
77.398911	100.067841	0	0
77.29496	100.359398	0	0
77.188667	100.650101	0	0
77.08007	100.939934	0	0
76.969147	101.228889	0	0
76.855927	101.516945	0	0
76.74041	101.80407	0	0
76.62262	102.090263	0	0
76.502548	102.375496	0	0
76.380211	102.659767	0	0
76.25563	102.943054	0	0
76.128784	103.225327	0	0
75.99971	103.506577	0	0
75.868408	103.786781	0	0
75.734879	104.065933	0	0
75.599159	104.344017	0	0
75.461235	104.62101	0	0
75.321121	104.896889	0	0
75.178833	105.171646	0	0
75.034386	105.445267	0	0
74.887779	105.71772	0	0
74.739029	105.989014	0	0
74.588135	106.259117	0	0
74.435135	106.528008	0	0
74.280014	106.795692	0	0
74.122803	107.062126	0	0
73.963493	107.327332	0	0
73.802116	107.59124	0	0
73.638664	107.853889	0	0
73.47316	108.115234	0	0
73.305611	108.375259	0	0
73.13604	108.633965	0	0
72.964447	108.891327	0	0
72.790848	109.147339	0	0
72.615242	109.40197	0	0
72.437675	109.655212	0	0
72.258133	109.907059	0	0
72.07663	110.157494	0	0
71.893173	110.406487	0	0
71.707809	110.654053	0	0
71.5205	110.900146	0	0
71.331299	111.144775	0	0
71.140205	111.387924	0	0
70.947235	111.62957	0	0
70.75238	111.869705	0	0
70.555679	112.108322	0	0
70.357147	112.34539	0	0
70.156769	112.580917	0	0
69.95459	112.814873	0	0
69.75061	113.047256	0	0
69.544838	113.278038	0	0
69.337303	113.507233	0	0
69.128006	113.734802	0	0
68.916954	113.960754	0	0
68.704178	114.185059	0	0
68.489677	114.407715	0	0
68.273476	114.628708	0	0
68.055595	114.84803	0	0
67.836037	115.065659	0	0
67.614807	115.281593	0	0
67.391937	115.495811	0	0
67.167419	115.708313	0	0
66.941299	115.919083	0	0
66.713577	116.128113	0	0
66.484261	116.335388	0	0
66.253372	116.540894	0	0
66.020927	116.744621	0	0
65.786934	116.946571	0	0
65.551407	117.146721	0	0
65.314377	117.345055	0	0
65.075844	117.541588	0	0
64.835823	117.73629	0	0
64.594322	117.929146	0	0
64.351379	118.120163	0	0
64.106995	118.309326	0	0
63.861187	118.49662	0	0
63.613968	118.682045	0	0
63.36536	118.865578	0	0
63.115372	119.047226	0	0
62.864017	119.226959	0	0
62.61132	119.404793	0	0
62.357292	119.580711	0	0
62.101936	119.754692	0	0
61.845291	119.926735	0	0
61.587357	120.096832	0	0
61.328156	120.264984	0	0
61.067699	120.431175	0	0
60.806004	120.595398	0	0
60.543091	120.757637	0	0
60.278965	120.917892	0	0
60.01366	121.076164	0	0
59.747169	121.232437	0	0
59.479523	121.386703	0	0
59.210732	121.538948	0	0
58.940823	121.689178	0	0
58.6698	121.837379	0	0
58.397675	121.983559	0	0
58.124481	122.127693	0	0
57.85022	122.269768	0	0
57.574913	122.409798	0	0
57.298573	122.547768	0	0
57.021225	122.683678	0	0
56.742882	122.817513	0	0
56.463551	122.94928	0	0
56.183254	123.078949	0	0
55.902012	123.206543	0	0
55.619831	123.332039	0	0
55.336739	123.455444	0	0
55.05275	123.576729	0	0
54.767868	123.695923	0	0
54.482121	123.812996	0	0
54.195526	123.927948	0	0
53.908096	124.040787	0	0
53.619843	124.151489	0	0
53.330788	124.260071	0	0
53.040955	124.366508	0	0
52.750347	124.470802	0	0
52.458981	124.572968	0	0
52.166885	124.672981	0	0
51.874065	124.770828	0	0
51.580544	124.866547	0	0
51.286331	124.960091	0	0
50.991447	125.051476	0	0
50.695911	125.140694	0	0
50.399738	125.22776	0	0
50.10294	125.312637	0	0
49.805534	125.395348	0	0
49.507542	125.475891	0	0
49.208977	125.554253	0	0
48.909855	125.630424	0	0
48.610188	125.704414	0	0
48.310001	125.77623	0	0
48.0093	125.845856	0	0
47.708115	125.913292	0	0
47.406452	125.978546	0	0
47.104332	126.041588	0	0
46.801762	126.102455	0	0
46.498775	126.16111	0	0
46.19537	126.217583	0	0
45.891579	126.271851	0	0
45.587406	126.323929	0	0
45.282867	126.373795	0	0
44.977989	126.421478	0	0
44.672779	126.466942	0	0
44.367256	126.510208	0	0
44.06144	126.551285	0	0
43.755337	126.590141	0	0
43.448971	126.626808	0	0
43.142357	126.661278	0	0
42.835514	126.693527	0	0
42.52845	126.723587	0	0
42.221184	126.751442	0	0
41.913738	126.777092	0	0
41.606117	126.800545	0	0
41.298347	126.8218	0	0
40.990437	126.840843	0	0
40.682407	126.857697	0	0
40.374268	126.872353	0	0
40.066044	126.884811	0	0
39.757744	126.895073	0	0
39.44939	126.903145	0	0
39.140987	126.909019	0	0
38.832554	126.912704	0	0
38.524117	126.9142	0	0
38.215679	126.913506	0	0
37.907135	126.910667	0	0
37.599365	126.905762	0	0
37.291622	126.898834	0	0
36.983917	126.889893	0	0
36.67627	126.878906	0	0
36.368683	126.865898	0	0
36.061176	126.850861	0	0
35.753765	126.833786	0	0
35.446461	126.814667	0	0
35.139275	126.793503	0	0
34.832222	126.770294	0	0
34.525326	126.745041	0	0
34.218586	126.717743	0	0
33.912025	126.688393	0	0
33.605656	126.656982	0	0
33.299484	126.62352	0	0
32.993538	126.58799	0	0
32.68782	126.550407	0	0
32.382355	126.510773	0	0
32.077152	126.469063	0	0
31.772221	126.425285	0	0
31.467581	126.379456	0	0
31.16325	126.331543	0	0
30.859236	126.281563	0	0
30.555555	126.229515	0	0
30.252228	126.1754	0	0
29.949263	126.119202	0	0
29.646673	126.060936	0	0
29.344482	126.000603	0	0
29.042696	125.938187	0	0
28.741335	125.873695	0	0
28.440411	125.807129	0	0
28.13994	125.738495	0	0
27.839941	125.66777	0	0
27.540422	125.594971	0	0
27.241405	125.520103	0	0
26.942902	125.443153	0	0
26.644926	125.364136	0	0
26.347496	125.283035	0	0
26.050627	125.19986	0	0
25.75433	125.114624	0	0
25.458628	125.02729	0	0
25.16353	124.937897	0	0
24.869053	124.846443	0	0
24.575216	124.752899	0	0
24.28203	124.657295	0	0
23.989513	124.559624	0	0
23.697681	124.459892	0	0
23.406551	124.358078	0	0
23.116137	124.254211	0	0
22.82645	124.148285	0	0
22.537512	124.040298	0	0
22.249338	123.930252	0	0
21.961945	123.818161	0	0
21.675346	123.70401	0	0
21.389557	123.587807	0	0
21.104595	123.469559	0	0
20.820477	123.349266	0	0
20.537216	123.226936	0	0
20.254833	123.102562	0	0
19.973339	122.976158	0	0
19.692751	122.847717	0	0
19.413088	122.717247	0	0
19.134361	122.584755	0	0
18.856592	122.450241	0	0
18.579796	122.313705	0	0
18.303986	122.175163	0	0
18.029179	122.034607	0	0
17.75539	121.892059	0	0
17.482641	121.747498	0	0
17.210943	121.600945	0	0
16.940315	121.4524	0	0
16.670771	121.301857	0	0
16.402328	121.149345	0	0
16.135002	120.994858	0	0
15.868811	120.838402	0	0
15.603765	120.67997	0	0
15.339893	120.519592	0	0
15.077198	120.357254	0	0
14.815704	120.192963	0	0
14.555424	120.026741	0	0
14.296375	119.858566	0	0
14.038573	119.688469	0	0
13.782036	119.516457	0	0
13.526777	119.342522	0	0
13.272817	119.166679	0	0
13.020167	118.98893	0	0
12.768847	118.809288	0	0
12.518871	118.627747	0	0
12.270256	118.444336	0	0
12.023018	118.259048	0	0
11.777175	118.071899	0	0
11.532739	117.882889	0	0
11.28973	117.692024	0	0
11.048163	117.499313	0	0
10.808053	117.304771	0	0
10.569419	117.108414	0	0
10.332273	116.910233	0	0
10.096634	116.710236	0	0
9.862515	116.508446	0	0
9.629935	116.304871	0	0
9.398909	116.09951	0	0
9.169453	115.892372	0	0
8.941583	115.683479	0	0
8.715313	115.472824	0	0
8.490662	115.260437	0	0
8.267643	115.046318	0	0
8.046272	114.83046	0	0
7.826567	114.612907	0	0
7.608542	114.393654	0	0
7.392211	114.172699	0	0
7.177592	113.950066	0	0
6.9647	113.725761	0	0
6.753551	113.499802	0	0
6.544158	113.272202	0	0
6.336538	113.042953	0	0
6.130706	112.81208	0	0
5.926678	112.579597	0	0
5.724469	112.34552	0	0
5.524094	112.109856	0	0
5.325565	111.872612	0	0
5.128902	111.633797	0	0
4.934118	111.393433	0	0
4.741228	111.151535	0	0
4.550245	110.908112	0	0
4.361185	110.663162	0	0
4.174064	110.416733	0	0
3.988895	110.168808	0	0
3.805693	109.919403	0	0
3.624474	109.668541	0	0
3.445249	109.416245	0	0
3.268034	109.162506	0	0
3.092843	108.907356	0	0
2.919691	108.650795	0	0
2.748593	108.392845	0	0
2.57956	108.13353	0	0
2.412607	107.872841	0	0
2.247749	107.610825	0	0
2.084999	107.347473	0	0
1.92437	107.082794	0	0
1.765876	106.816833	0	0
1.60953	106.549583	0	0
1.455347	106.281067	0	0
1.303339	106.011284	0	0
1.153518	105.740288	0	0
1.005898	105.468056	0	0
0.860492	105.194626	0	0
0.717314	104.920006	0	0
0.576375	104.644211	0	0
0.437688	104.367279	0	0
0.301265	104.089195	0	0
0.16712	103.80999	0	0
0.035264	103.529686	0	0
-0.094291	103.248306	0	0
-0.221533	102.965843	0	0
-0.346449	102.682343	0	0
-0.469029	102.397804	0	0
-0.589259	102.112251	0	0
-0.707129	101.825706	0	0
-0.822628	101.538177	0	0
-0.935744	101.249687	0	0
-1.046466	100.960258	0	0
-1.154783	100.669914	0	0
-1.260685	100.378647	0	0
-1.364159	100.08651	0	0
-1.465197	99.79351	0	0
-1.563787	99.499657	0	0
-1.659919	99.204979	0	0
-1.753583	98.9095	0	0
-1.844769	98.613228	0	0
-1.933467	98.316185	0	0
-2.019668	98.018394	0	0
-2.103361	97.719879	0	0
-2.184537	97.420654	0	0
-2.263188	97.12075	0	0
-2.339304	96.820168	0	0
-2.412876	96.518944	0	0
-2.483896	96.217094	0	0
-2.552354	95.914642	0	0
-2.618242	95.611603	0	0
-2.681553	95.307999	0	0
-2.742277	95.003868	0	0
-2.800407	94.699203	0	0
-2.855936	94.394051	0	0
-2.908855	94.088417	0	0
-2.959157	93.782326	0	0
-3.006835	93.475792	0	0
-3.051882	93.168869	0	0
-3.09429	92.861542	0	0
-3.134055	92.553856	0	0
-3.171167	92.245819	0	0
-3.205623	91.937469	0	0
-3.237414	91.628815	0	0
-3.266535	91.319885	0	0
-3.292981	91.010704	0	0
-3.316746	90.701294	0	0
-3.337825	90.391663	0	0
-3.356212	90.081863	0	0
-3.371902	89.771904	0	0
-3.384891	89.4618	0	0
-3.395173	89.151573	0	0
-3.402745	88.841263	0	0
-3.407603	88.530884	0	0
-3.409741	88.220467	0	0
-3.409158	87.910019	0	0
-3.40601	87.596786	0	0
-3.402489	87.296806	0	0
-3.398968	86.996826	0	0
-3.395447	86.696854	0	0
-3.391927	86.396873	0	0
-3.388406	86.096893	0	0
-3.384885	85.796913	0	0
-3.381364	85.496933	0	0
-3.377843	85.196953	0	0
-3.374323	84.896973	0	0
-3.370802	84.596992	0	0
-3.367281	84.297012	0	0
-3.36376	83.99704	0	0
-3.36024	83.69706	0	0
-3.356719	83.397079	0	0
-3.353198	83.097099	0	0
-3.349677	82.797119	0	0
-3.346157	82.497139	0	0
-3.342636	82.197159	0	0
-3.339115	81.897179	0	0
-3.335594	81.597198	0	0
-3.332073	81.297218	0	0
-3.328553	80.997246	0	0
-3.325032	80.697266	0	0
-3.321511	80.397285	0	0
-3.31799	80.097305	0	0
-3.31447	79.797325	0	0
-3.310949	79.497345	0	0
-3.307428	79.197365	0	0
-3.303907	78.897385	0	0
-3.300386	78.597404	0	0
-3.296866	78.297432	0	0
-3.293345	77.997452	0	0
-3.289824	77.697472	0	0
-3.286304	77.397491	0	0
-3.282783	77.097511	0	0
-3.279262	76.797531	0	0
-3.275741	76.497551	0	0
-3.27222	76.197571	0	0
-3.2687	75.897591	0	0
-3.265179	75.597618	0	0
-3.261658	75.297638	0	0
-3.258137	74.997658	0	0
-3.254616	74.697678	0	0
-3.251096	74.397697	0	0
-3.247575	74.097717	0	0
-3.244054	73.797737	0	0
-3.240533	73.497757	0	0
-3.237013	73.197777	0	0
-3.233492	72.897804	0	0
-3.229971	72.597824	0	0
-3.22645	72.297844	0	0
-3.222929	71.997864	0	0
-3.219409	71.697884	0	0
-3.215888	71.397903	0	0
-3.212367	71.097923	0	0
-3.208847	70.797943	0	0
-3.205326	70.497963	0	0
-3.201805	70.197983	0	0
-3.198284	69.89801	0	0
-3.194763	69.59803	0	0
-3.191243	69.29805	0	0
-3.187722	68.99807	0	0
-3.184201	68.69809	0	0
-3.18068	68.398109	0	0
-3.17716	68.098129	0	0
-3.173639	67.798149	0	0
-3.170118	67.498169	0	0
-3.166597	67.198196	0	0
-3.163076	66.898216	0	0
-3.159556	66.598236	0	0
-3.156035	66.298256	0	0
-3.152514	65.998276	0	0
-3.148993	65.698296	0	0
-3.145473	65.398315	0	0
-3.141952	65.098335	0	0
-3.138431	64.798355	0	0
-3.13491	64.498383	0	0
-3.131389	64.198402	0	0
-3.127869	63.898426	0	0
-3.124348	63.598446	0	0
-3.120827	63.298466	0	0
-3.117306	62.998486	0	0
-3.113786	62.698505	0	0
-3.110265	62.398529	0	0
-3.106744	62.098549	0	0
-3.103223	61.798569	0	0
-3.099703	61.498589	0	0
-3.096182	61.198608	0	0
-3.092661	60.898632	0	0
-3.08914	60.598652	0	0
-3.085619	60.298672	0	0
-3.082099	59.998692	0	0
-3.078578	59.698715	0	0
-3.075057	59.398735	0	0
-3.071536	59.098755	0	0
-3.068016	58.798775	0	0
-3.064495	58.498795	0	0
-3.060974	58.198818	0	0
-3.057453	57.898838	0	0
-3.053932	57.598858	0	0
-3.050412	57.298878	0	0
-3.046891	56.998898	0	0
-3.04337	56.698921	0	0
-3.039849	56.398941	0	0
-3.036329	56.098961	0	0
-3.032808	55.798981	0	0
-3.029287	55.499004	0	0
-3.025766	55.199024	0	0
-3.022245	54.899044	0	0
-3.018725	54.599064	0	0
-3.015204	54.299084	0	0
-3.011683	53.999107	0	0
-3.008162	53.699127	0	0
-3.004642	53.399147	0	0
-3.001121	53.099167	0	0
-2.9976	52.799187	0	0
-2.994079	52.49921	0	0
-2.990559	52.19923	0	0
-2.987038	51.89925	0	0
-2.983517	51.59927	0	0
-2.979996	51.299294	0	0
-2.976475	50.999313	0	0
-2.972955	50.699333	0	0
-2.969434	50.399353	0	0
-2.965913	50.099373	0	0
-2.962392	49.799397	0	0
-2.958872	49.499416	0	0
-2.955351	49.199436	0	0
-2.95183	48.899456	0	0
-2.948309	48.59948	0	0
-2.944788	48.2995	0	0
-2.941268	47.999519	0	0
-2.937747	47.699539	0	0
-2.934226	47.399559	0	0
-2.930706	47.099583	0	0
-2.927185	46.799603	0	0
-2.923664	46.499622	0	0
-2.920143	46.199642	0	0
-2.916622	45.899662	0	0
-2.913102	45.599686	0	0
-2.909581	45.299706	0	0
-2.90606	44.999725	0	0
-2.902539	44.699745	0	0
-2.899019	44.399769	0	0
-2.895498	44.099789	0	0
-2.891977	43.799809	0	0
-2.888456	43.499828	0	0
-2.884935	43.199848	0	0
-2.881415	42.899872	0	0
-2.877894	42.599892	0	0
-2.874373	42.299911	0	0
-2.870852	41.999931	0	0
-2.867332	41.699951	0	0
-2.863811	41.399975	0	0
-2.86029	41.099995	0	0
-2.856769	40.800014	0	0
-2.853249	40.500034	0	0
-2.849728	40.200058	0	0
-2.846207	39.900078	0	0
-2.842686	39.600098	0	0
-2.839165	39.300117	0	0
-2.835645	39.000137	0	0
-2.832124	38.700161	0	0
-2.828603	38.400181	0	0
-2.825082	38.100201	0	0
-2.821562	37.80022	0	0
-2.818041	37.50024	0	0
-2.81452	37.200264	0	0
-2.810999	36.900284	0	0
-2.807478	36.600304	0	0
-2.803958	36.300323	0	0
-2.800437	36.000347	0	0
-2.796916	35.700367	0	0
-2.793395	35.400387	0	0
-2.789875	35.100407	0	0
-2.786354	34.800426	0	0
-2.782833	34.50045	0	0
-2.779312	34.20047	0	0
-2.775792	33.90049	0	0
-2.772271	33.60051	0	0
-2.76875	33.300533	0	0
-2.765229	33.000553	0	0
-2.761708	32.700573	0	0
-2.758188	32.400593	0	0
-2.754667	32.100613	0	0
-2.751146	31.800634	0	0
-2.747625	31.500656	0	0
-2.744104	31.200676	0	0
-2.740584	30.900696	0	0
-2.737063	30.600718	0	0
-2.733542	30.300737	0	0
-2.730021	30.000759	0	0
-2.726501	29.700779	0	0
-2.72298	29.400801	0	0
-2.719459	29.100821	0	0
-2.715938	28.800842	0	0
-2.712418	28.500862	0	0
-2.708897	28.200882	0	0
-2.705376	27.900904	0	0
-2.701855	27.600924	0	0
-2.698334	27.300945	0	0
-2.694814	27.000965	0	0
-2.691293	26.700987	0	0
-2.687772	26.401007	0	0
-2.684251	26.101027	0	0
-2.680731	25.801048	0	0
-2.67721	25.501068	0	0
-2.673689	25.20109	0	0
-2.670168	24.90111	0	0
-2.666647	24.601131	0	0
-2.663127	24.301151	0	0
-2.659606	24.001171	0	0
-2.656085	23.701193	0	0
-2.652565	23.401213	0	0
-2.649044	23.101234	0	0
-2.645523	22.801254	0	0
-2.642002	22.501276	0	0
-2.638481	22.201296	0	0
-2.634961	21.901316	0	0
-2.63144	21.601337	0	0
-2.627919	21.301357	0	0
-2.624398	21.001379	0	0
-2.620878	20.701399	0	0
-2.617357	20.401421	0	0
-2.613836	20.10144	0	0
-2.610315	19.80146	0	0
-2.606794	19.501482	0	0
-2.603274	19.201502	0	0
-2.599753	18.901524	0	0
-2.596232	18.601543	0	0
-2.592711	18.301565	0	0
-2.58919	18.001585	0	0
-2.58567	17.701607	0	0
-2.582149	17.401627	0	0
-2.578628	17.101646	0	0
-2.575108	16.801668	0	0
-2.571587	16.501688	0	0
-2.568066	16.20171	0	0
-2.564545	15.901731	0	0
-2.561024	15.601751	0	0
-2.557504	15.301772	0	0
-2.553983	15.001793	0	0
-2.550462	14.701814	0	0
-2.546941	14.401834	0	0
-2.543421	14.101854	0	0
-2.5399	13.801875	0	0
-2.536379	13.501896	0	0
-2.532858	13.201917	0	0
-2.529337	12.901937	0	0
-2.525817	12.601958	0	0
-2.522296	12.301979	0	0
-2.518775	12.001999	0	0
-2.515254	11.70202	0	0
-2.511734	11.40204	0	0
-2.508213	11.102061	0	0
-2.504692	10.802082	0	0
-2.501171	10.502103	0	0
-2.497651	10.202124	0	0
-2.49413	9.902143	0	0
-2.490609	9.602164	0	0
-2.487088	9.302185	0	0
-2.483567	9.002206	0	0
-2.480047	8.702227	0	0
-2.476526	8.402247	0	0
-2.473005	8.102268	0	0
-2.469484	7.802289	0	0
-2.465964	7.502309	0	0
-2.462443	7.20233	0	0
-2.458922	6.90235	0	0
-2.455401	6.602371	0	0
-2.45188	6.302392	0	0
-2.44836	6.002412	0	0
-2.444839	5.702433	0	0
-2.441318	5.402454	0	0
-2.437798	5.102475	0	0
-2.434277	4.802495	0	0
-2.430756	4.502516	0	0
-2.427235	4.202537	0	0
-2.423714	3.902557	0	0
-2.420194	3.602577	0	0
-2.416673	3.302598	0	0
-2.413152	3.002619	0	0
-2.409631	2.702639	0	0
-2.40611	2.40266	0	0
-2.40259	2.102681	0	0
-2.399069	1.802701	0	0
-2.395548	1.502722	0	0
-2.392027	1.202743	0	0
-2.388506	0.902763	0	0
-2.384986	0.602784	0	0
-2.381465	0.302805	0	0
-2.377944	0.002825	0	0
-2.373764	-0.313219	0	0
