-2.435	1.5355	1	1
-2.42879575613455	1.23534357061199	1	1
-2.42042145345791	0.935239845544152	1	1
-2.4098775297612	0.635204513594766	1	1
-2.39716453625883	0.335253259986584	1	1
-2.38228313755963	0.0354017655469945	1	1
-2.36523411163215	-0.264334294111892	1	1
-2.34601834976399	-0.563939249412578	1	1
-2.32463685651521	-0.863397437631506	1	1
-2.30109074966576	-1.16269320371772	1	1
-2.27538126015712	-1.46181090111143	1	1
-2.24750973202789	-1.76073489256184	1	1
-2.21747762234358	-2.05944955094475	1	1
-2.18528650112037	-2.35793926007941	1	1
-2.1509380512431	-2.656188415545	1	1
-2.11443406837724	-2.95418142549629	1	1
-2.07577646087507	-3.25190271147887	1	1
-2.03496724967585	-3.54933670924341	1	1
-1.99200856820022	-3.8464678695595	1	1
-1.94690266223866	-4.14328065902836	1	1
-1.89965188983406	-4.43975956089506	1	1
-1.85025872115848	-4.73588907585952	1	1
-1.79872573838399	-5.03165372288697	1	1
-1.7450556355477	-5.32703804001711	1	1
-1.68925121841089	-5.62202658517257	1	1
-1.63131540431236	-5.91660393696602	1	1
-1.57125122201591	-6.21075469550655	1	1
-1.50906181155202	-6.50446348320459	1	1
-1.44475042405362	-6.79771494557595	1	1
-1.37832042158624	-7.09049375204439	1	1
-1.30977527697217	-7.38278459674321	1	1
-1.23911857360892	-7.67457219931525	1	1
-1.16635400528192	-7.96584130571188	1	1
-1.09148537597137	-8.25657668899032	1	1
-1.01451659965343	-8.54676315010977	1	1
-0.935451700095534	-8.83638551872587	1	1
-0.85429481064611	-9.12542865398392	1	1
-0.771050174018448	-9.41387744531027	1	1
-0.68572214206894	-9.70171681320239	1	1
-0.598315175569518	-9.98893171001707	1	1
-0.508833843974486	-10.2755071207572	1	1
-0.41728282518168	-10.5614280638567	1	1
-0.323666905287823	-10.8466795919636	1	1
-0.227990978338418	-11.1312467927217	1	1
-0.130260046071818	-11.4151147895498	1	1
-0.0304792176577848	-11.6982687424198	1	1
0.0713462905696218	-11.9806938486323	1	1
0.175211155384702	-12.2623753435904	1	1
0.281109946948483	-12.5432985015718	1	1
0.389037129092507	-12.8234486364984	1	1
0.498987059608282	-13.102811102704	1	1
0.610953990542242	-13.3813712957003	1	1
0.724932068496244	-13.65911465294	1	1
0.840915334933563	-13.9360266545785	1	1
0.958897726490363	-14.2120928242326	1	1
1.07887307529275	-14.4872987297372	1	1
1.20083510927914	-14.7616299839005	1	1
1.32477745252821	-15.0350722452554	1	1
1.45069362559216	-15.3076112188093	1	1
1.5785770458355	-15.579232656792	1	1
1.70842102777914	-15.8499223593998	1	1
1.8402187834499	-16.1196661755385	1	1
1.97396342273537	-16.3884500035626	1	1
2.10964795374416	-16.656259792013	1	1
2.2472652831713	-16.9230815403512	1	1
2.38680821666922	-17.1889012996914	1	1
2.52826945922372	-17.4537051735298	1	1
2.67164161553543	-17.717479318471	1	1
2.81691719040635	-17.9802099449515	1	1
2.96408858913176	-18.2418833179609	1	1
3.11314811789718	-18.5024857577598	1	1
3.26408798418064	-18.7620036405949	1	1
3.41690029716002	-19.0204233994114	1	1
3.57157706812561	-19.2777315245621	1	1
3.7281102108977	-19.5339145645137	1	1
3.88649154224932	-19.7889591265498	1	1
4.04671278233404	-20.0428518774715	1	1
4.20876555511887	-20.2955795442943	1	1
4.37264138882206	-20.5471289149414	1	1
4.53833171635604	-20.7974868389354	1	1
4.70582787577528	-21.046640228085	1	1
4.87512111072915	-21.2945760571694	1	1
5.04620257091958	-21.5412813646194	1	1
5.21906331256387	-21.786743253195	1	1
5.39369429886215	-22.0309488906594	1	1
5.57008640046987	-22.2738855104501	1	1
5.74823039597501	-22.5155404123461	1	1
5.92811697238021	-22.755900963132	1	1
6.10973672558958	-22.9949545972585	1	1
6.29308016090039	-23.2326888174989	1	1
6.47813769349933	-23.4690911956031	1	1
6.66489964896375	-23.7041493729465	1	1
6.85335626376721	-23.9378510611769	1	1
7.04349768579009	-24.1701840428562	1	1
7.23531397483453	-24.4011361720998	1	1
7.42879510314409	-24.6306953752108	1	1
7.623930955928	-24.8588496513119	1	1
7.82071133188995	-25.0855870729722	1	1
8.01912594376139	-25.3108957868312	1	1
8.21916441883931	-25.5347640142183	1	1
8.42081629952849	-25.7571800517682	1	1
8.62407104388823	-25.9781322720335	1	1
8.82891802618349	-26.1976091240918	1	1
9.0353465374403	-26.4155991341501	1	1
9.24334578600565	-26.6320909061442	1	1
9.45290489811168	-26.8470731223348	1	1
9.6640129184441	-27.0605345438991	1	1
9.8766588107149	-27.2724640115181	1	1
10.0908314582393	-27.4828504459602	1	1
10.3065196645171	-27.6916828486605	1	1
10.5237121538176	-27.8989503022956	1	1
10.7423975717695	-28.1046419713542	1	1
10.9625644859541	-28.308747102704	1	1
11.1842013865034	-28.5112550261534	1	1
11.4072966867015	-28.7121551550096	1	1
11.6318387235903	-28.911436986632	1	1
11.8578157585793	-29.109090102981	1	1
12.0852159780594	-29.305104171163	1	1
12.3140274940204	-29.4994689439706	1	1
12.5442383446724	-29.6921742604177	1	1
12.7758364950712	-29.8832100462716	1	1
13.0088098377473	-30.0725663145787	1	1
13.2431461933393	-30.2602331661876	1	1
13.4788333112301	-30.4462007902656	1	1
13.7158588701876	-30.6304594648125	1	1
13.9542104790089	-30.8129995571681	1	1
14.193875677168	-30.9938115245162	1	1
14.4348419354668	-31.1728859143836	1	1
14.677096656691	-31.3502133651336	1	1
14.9206271762677	-31.5257846064563	1	1
15.1654207629283	-31.6995904598524	1	1
15.4114646193734	-31.8716218391137	1	1
15.6587458829421	-32.0418697507976	1	1
15.9072516262848	-32.2103252946976	1	1
16.1569688580381	-32.3769796643084	1	1
16.4078845235049	-32.5418241472863	1	1
16.6599855053363	-32.7048501259048	1	1
16.9132586242176	-32.8660490775051	1	1
17.1676906395573	-33.0254125749413	1	1
17.423268250179	-33.1829322870215	1	1
17.679978095017	-33.3385999789429	1	1
17.937806753815	-33.4924075127225	1	1
18.1967407478271	-33.6443468476224	1	1
18.4567665405229	-33.7944100405706	1	1
18.7178705382953	-33.9425892465754	1	1
18.9800390911703	-34.0888767191364	1	1
19.2432584935218	-34.233264810649	1	1
19.5075149847871	-34.3757459728041	1	1
19.7727947501867	-34.5163127569831	1	1
20.0390839214466	-34.6549578146471	1	1
20.3063685775229	-34.7916738977209	1	1
20.5746347453302	-34.9264538589722	1	1
20.8438684004714	-35.0592906523852	1	1
21.1140554679712	-35.1901773335286	1	1
21.385181823012	-35.3191070599192	1	1
21.6572332916723	-35.4460730913792	1	1
21.9301956516673	-35.5710687903887	1	1
22.2040546330929	-35.6940876224326	1	1
22.4787959191714	-35.8151231563424	1	1
22.7544051470002	-35.9341690646322	1	1
23.0308679083022	-36.0512191238297	1	1
23.3081697501798	-36.1662672148014	1	1
23.5862961758696	-36.2793073230725	1	1
23.8652326455008	-36.3903335391413	1	1
24.1449645768553	-36.4993400587884	1	1
24.4254773461299	-36.6063211833796	1	1
24.7067562887007	-36.7112713201646	1	1
24.9887866998899	-36.8141849825684	1	1
25.2715538357344	-36.915056790479	1	1
25.555042913757	-37.0138814705282	1	1
25.8392391137385	-37.1106538563673	1	1
26.1241275784929	-37.2053688889375	1	1
26.4096934146442	-37.2980216167338	1	1
26.6959216934048	-37.3886071960645	1	1
26.9827974513558	-37.4771208913041	1	1
27.2703056912295	-37.5635580751407	1	1
27.5584313826936	-37.6479142288182	1	1
27.8471594631364	-37.7301849423724	1	1
28.1364748384547	-37.8103659148617	1	1
28.4263623838427	-37.8884529545917	1	1
28.7168069445829	-37.9644419793343	1	1
29.007793336838	-38.0383290165417	1	1
29.2993063484449	-38.1101102035531	1	1
29.5913307397101	-38.1797817877975	1	1
29.883851244206	-38.2473401269894	1	1
30.1768525695693	-38.3127816893196	1	1
30.4703193983006	-38.3761030536392	1	1
30.7642363885648	-38.4373009096392	1	1
31.0585881749931	-38.4963720580229	1	1
31.3533593694867	-38.5533134106737	1	1
31.648534562021	-38.6081219908161	1	1
31.9440983214512	-38.6607949331716	1	1
32.240035196319	-38.7113294841084	1	1
32.5363297156605	-38.7597230017854	1	1
32.8329663898146	-38.80597295629	1	1
33.1299297112334	-38.8500769297711	1	1
33.4272041552924	-38.8920326165645	1	1
33.7247741811023	-38.9318378233144	1	1
34.0226242323214	-38.9694904690873	1	1
34.3207387379688	-39.0049885854812	1	1
34.6191021132385	-39.0383303167286	1	1
34.9176987603141	-39.069513919793	1	1
35.2165130691844	-39.0985377644606	1	1
35.515529418459	-39.1254003334253	1	1
35.8147321761855	-39.1501002223677	1	1
36.1141057006663	-39.1726361400292	1	1
36.4136343412766	-39.1930069082788	1	1
36.7133024392823	-39.2112114621751	1	1
37.0130943286588	-39.227248850022	1	1
37.3129943369101	-39.2411182334182	1	1
37.6129867858877	-39.2528188873011	1	1
37.9130559926108	-39.2623501999851	1	1
38.2131862700857	-39.2697116731928	1	1
38.5133619281259	-39.2749029220817	1	1
38.8135672741727	-39.2779236752642	1	1
39.1137866141155	-39.2787737748217	1	1
39.4140042531117	-39.2774531763125	1	1
39.7142044964081	-39.273961948775	1	1
40.0143716501605	-39.2683002747231	1	1
40.3144900222549	-39.2604684501375	1	1
40.6145439231272	-39.2504668844496	1	1
40.9145176665839	-39.2382961005205	1	1
41.214395570622	-39.2239567346134	1	1
41.5141619582487	-39.2074495363606	1	1
41.813801158301	-39.1887753687239	1	1
42.1132975062651	-39.1679352079501	1	1
42.4126353450952	-39.1449301435194	1	1
42.7117990260319	-39.1197613780886	1	1
43.0107729094205	-39.0924302274285	1	1
43.3095413655287	-39.0629381203547	1	1
43.6080887753632	-39.0312865986533	1	1
43.9063995314867	-38.9974773169998	1	1
44.2044580388337	-38.9615120428733	1	1
44.5022487155256	-38.9233926564633	1	1
44.7997559936856	-38.8831211505721	1	1
45.0969643202522	-38.8406996305102	1	1
45.3938581577927	-38.7961303139864	1	1
45.690421985315	-38.7494155309918	1	1
45.9866402990793	-38.7005577236781	1	1
46.2824976134087	-38.6495594462297	1	1
46.5779784614984	-38.5964233647305	1	1
46.8730673962246	-38.5411522570242	1	1
47.1677489909518	-38.4837490125694	1	1
47.4620078403395	-38.4242166322882	1	1
47.7558285611473	-38.3625582284095	1	1
48.0491957930395	-38.2987770243064	1	1
48.3420941993876	-38.2328763543276	1	1
48.6345084680724	-38.1648596636229	1	1
48.9264233122845	-38.0947305079633	1	1
49.2178234713233	-38.0224925535552	1	1
49.5086937113949	-37.9481495768486	1	1
49.7990188264084	-37.8717054643394	1	1
50.0887836387709	-37.793164212367	1	1
50.3779730001811	-37.7125299269044	1	1
50.666571792421	-37.6298068233443	1	1
50.9545649281462	-37.5449992262785	1	1
51.2419373516749	-37.4581115692715	1	1
51.5286740397748	-37.3691483946294	1	1
51.8147600024485	-37.2781143531618	1	1
52.1001802837173	-37.1850142039388	1	1
52.3849199624029	-37.0898528140427	1	1
52.6689641529072	-36.9926351583127	1	1
52.9522980059912	-36.8933663190857	1	1
53.2349067095507	-36.79205148593	1	1
53.5167754893906	-36.6886959553742	1	1
53.7978896099977	-36.5833051306304	1	1
54.0782343753108	-36.4758845213116	1	1
54.357795129489	-36.3664397431437	1	1
54.6365572576778	-36.2549765176719	1	1
54.9145061867732	-36.1415006719618	1	1
55.1916273861836	-36.0260181382944	1	1
55.4679063685894	-35.9085349538562	1	1
55.7433286907003	-35.7890572604237	1	1
56.0178799540104	-35.6675913040421	1	1
56.2915458055511	-35.5441434346987	1	1
56.5643119386411	-35.4187201059913	1	1
56.8361640936346	-35.2913278747906	1	1
57.1070880586666	-35.1619734008972	1	1
57.377069670396	-35.0306634466939	1	1
57.6460948147461	-34.8974048767918	1	1
57.914149427642	-34.7622046576717	1	1
58.1812194957464	-34.6250698573196	1	1
58.447291057192	-34.4860076448576	1	1
58.7123502023111	-34.3450252901688	1	1
58.9763830743633	-34.2021301635172	1	1
59.2393758702595	-34.0573297351627	1	1
59.5013148412835	-33.9106315749705	1	1
59.762186293811	-33.762043352015	1	1
60.0219765900254	-33.6115728341793	1	1
60.2806721486306	-33.459227887749	1	1
60.5382594455611	-33.3050164770008	1	1
60.7947250146891	-33.1489466637865	1	1
61.0500554485283	-32.991026607111	1	1
61.304237398935	-32.8312645627063	1	1
61.5572575778057	-32.6696688825996	1	1
61.809102757772	-32.5062480146768	1	1
62.059759772892	-32.3410105022408	1	1
62.3092155193386	-32.1739649835649	1	1
62.5574569560844	-32.0051201914412	1	1
62.8044711055837	-31.8344849527241	1	1
63.0502450544507	-31.6620681878687	1	1
63.294765954135	-31.4878789104648	1	1
63.5380210215927	-31.3119262267653	1	1
63.779997539955	-31.1342193352102	1	1
64.0206828591932	-30.9547675259462	1	1
64.2600643967795	-30.7735801803404	1	1
64.4981296383455	-30.5906667704901	1	1
64.7348661383356	-30.4060368587278	1	1
64.9702615206582	-30.2197000971211	1	1
65.2043034793327	-30.0316662269681	1	1
65.4369797791324	-29.8419450782882	1	1
65.6682782562247	-29.6505465693084	1	1
65.8981868188063	-29.4574807059442	1	1
66.1266934477362	-29.2627575812774	1	1
66.3537861971633	-29.0663873750277	1	1
66.5794531951511	-28.8683803530208	1	1
66.8036826442988	-28.6687468666517	1	1
67.0264628223571	-28.4674973523438	1	1
67.2477820828422	-28.2646423310028	1	1
67.4676288556435	-28.0601924074671	1	1
67.6859916476293	-27.8541582699532	1	1
67.9028590432472	-27.6465506894972	1	1
68.1182197051211	-27.4373805193913	1	1
68.3320623746437	-27.2266586946166	1	1
68.5443758725653	-27.0143962312719	1	1
68.755149099578	-26.8006042259967	1	1
68.9643710368962	-26.5852938553925	1	1
69.1720307468322	-26.3684763754371	1	1
69.3781173733687	-26.1501631208974	1	1
69.5826201427256	-25.9303655047359	1	1
69.7855283639237	-25.7090950175147	1	1
69.9868314293435	-25.4863632267943	1	1
70.1865188152796	-25.2621817765293	1	1
70.3845800824909	-25.0365623864594	1	1
70.5810048767468	-24.8095168514968	1	1
70.7757829293675	-24.5810570411095	1	1
70.9689040577619	-24.3511948987011	1	1
71.1603581659593	-24.1199424409861	1	1
71.3501352451372	-23.8873117573616	1	1
71.5382253741449	-23.6533150092757	1	1
71.724618720022	-23.4179644295915	1	1
71.909305538512	-23.1812723219476	1	1
72.0922761745725	-22.9432510601147	1	1
72.2735210628794	-22.7039130873491	1	1
72.4530307283271	-22.4632709157421	1	1
72.6307957865238	-22.2213371255654	1	1
72.8068069442822	-21.9781243646144	1	1
72.9810550001052	-21.7336453475458	1	1
73.1535308446672	-21.4879128552141	1	1
73.3242254612898	-21.2409397340026	1	1
73.4931299264138	-20.9927388951521	1	1
73.6602354100651	-20.743323314086	1	1
73.8255331763168	-20.4927060297317	1	1
73.9890145837457	-20.2409001438395	1	1
74.150671085884	-19.987918820297	1	1
74.3104942316662	-19.7337752844414	1	1
74.4684756658707	-19.4784828223678	1	1
74.624607129557	-19.222054780235	1	1
74.7788804604971	-18.9645045635673	1	1
74.9312875936022	-18.7058456365542	1	1
75.0818205613445	-18.446091521346	1	1
75.2304714941739	-18.1852557973474	1	1
75.3772326209288	-17.9233521005073	1	1
75.522096269243	-17.6603941226058	1	1
75.6650548659463	-17.3963956105389	1	1
75.8061009374608	-17.1313703655995	1	1
75.9452271101915	-16.8653322427557	1	1
76.0824261109114	-16.5982951499271	1	1
76.2176907671425	-16.3302730472572	1	1
76.3510140075298	-16.0612799463837	1	1
76.482388862212	-15.7913299097063	1	1
76.6118084631848	-15.520437049651	1	1
76.739266044661	-15.2486155279329	1	1
76.8647549434234	-14.9758795548155	1	1
76.9882685991735	-14.7022433883679	1	1
77.1098005548744	-14.4277213337194	1	1
77.2293444570884	-14.1523277423118	1	1
77.346894056309	-13.876077011149	1	1
77.4624432072878	-13.5989835820444	1	1
77.5759858693556	-13.3210619408657	1	1
77.6875161067384	-13.042326616778	1	1
77.7970280888674	-12.7627921814841	1	1
77.9045160906841	-12.4824732484625	1	1
78.0099744929395	-12.2013844722038	1	1
78.1133977824876	-11.9195405474441	1	1
78.2147805525743	-11.6369562083974	1	1
78.3141175031191	-11.3536462279848	1	1
78.4114034409931	-11.0696254170626	1	1
78.5066332802898	-10.7849086236478	1	1
78.5998020425916	-10.4995107321418	1	1
78.6909048572292	-10.2134466625525	1	1
78.7799369615372	-9.92673136971413	1	1
78.8668937011025	-9.63937984250558	1	1
78.9517705300075	-9.35140710306671	1	1
79.0345630110685	-9.0628282060131	1	1
79.1152668160666	-8.77365823764893	1	1
79.193877725975	-8.48391231517844	1	1
79.2703916311788	-8.19360558591546	1	1
79.3448045316904	-7.90275322649172	1	1
79.4171125373581	-7.61137044206328	1	1
79.4873118680698	-7.31947246551578	1	1
79.5553988539507	-7.02707455666798	1	1
79.6213699355548	-6.73419200147412	1	1
79.6852216640512	-6.44084011122466	1	1
79.7469507014045	-6.14703422174601	1	1
79.806553820549	-5.85278969259864	1	1
79.8640279055576	-5.55812190627425	1	1
79.919369951805	-5.26304626739149	1	1
79.9725770661239	-4.96757820189074	1	1
80.0236464669572	-4.67173315622758	1	1
80.0725754845029	-4.37552659656539	1	1
80.1193615608538	-4.0789740079667	1	1
80.1640022501312	-3.78209089358369	1	1
80.2064952186127	-3.48489277384783	1	1
80.2468382448544	-3.18739518565832	1	1
80.2850292198067	-2.88961368157003	1	1
80.3210661469251	-2.59156382898027	1	1
80.3549471422739	-2.29326120931515	1	1
80.3866704346253	-1.99472141721483	1	1
80.4162343655514	-1.69596005971843	1	1
80.4436373895116	-1.39699275544796	1	1
80.4688780739328	-1.097835133792	1	1
80.4919550992844	-0.798502834088421	1	1
80.5128672591476	-0.499011504806999	1	1
80.5316134602783	-0.199376802731157	1	1
80.5481927226641	0.100385607860373	1	1
80.5626041795755	0.400260056012596	1	1
80.5748470776117	0.700230864913355	1	1
80.5849207767394	1.00028235271303	1	1
80.5928247503266	1.30039883334419	1	1
80.5985585851699	1.6005646173418	1	1
80.6021219815165	1.90076401266327	1	1
80.6035147530794	2.20098132550895	1	1
80.6027368270474	2.50120086114244	1	1
80.5997882440887	2.8014069247112	1	1
80.5941454545455	3.25231272727273	0	1
80.5907909090909	3.55312545454545	0	1
80.5874363636364	3.85393818181818	0	1
80.5840818181818	4.15475090909091	0	1
80.5807272727273	4.45556363636364	0	1
80.5773727272727	4.75637636363636	0	1
80.5740181818182	5.05718909090909	0	1
80.5706636363636	5.35800181818182	0	1
80.5673090909091	5.65881454545455	0	1
80.5639545454545	5.95962727272727	0	1
80.5606	6.26044	0	1
80.5572454545455	6.56125272727273	0	1
80.5538909090909	6.86206545454545	0	1
80.5505363636364	7.16287818181818	0	1
80.5471818181818	7.46369090909091	0	1
80.5438272727273	7.76450363636364	0	1
80.5404727272727	8.06531636363636	0	1
80.5371181818182	8.36612909090909	0	1
80.5337636363636	8.66694181818182	0	1
80.5304090909091	8.96775454545454	0	1
80.5270545454545	9.26856727272727	0	1
80.5237	9.56938	0	1
80.5203454545454	9.87019272727273	0	1
80.5169909090909	10.1710054545455	0	1
80.5136363636364	10.4718181818182	0	1
80.5102818181818	10.7726309090909	0	1
80.5069272727273	11.0734436363636	0	1
80.5035727272727	11.3742563636364	0	1
80.5002181818182	11.6750690909091	0	1
80.4968636363636	11.9758818181818	0	1
80.4935090909091	12.2766945454545	0	1
80.4901545454545	12.5775072727273	0	1
80.4868	12.87832	0	1
80.4834454545454	13.1791327272727	0	1
80.4800909090909	13.4799454545455	0	1
80.4767363636364	13.7807581818182	0	1
80.4733818181818	14.0815709090909	0	1
80.4700272727273	14.3823836363636	0	1
80.4666727272727	14.6831963636364	0	1
80.4633181818182	14.9840090909091	0	1
80.4599636363636	15.2848218181818	0	1
80.4566090909091	15.5856345454545	0	1
80.4532545454545	15.8864472727273	0	1
80.4499	16.18726	0	1
80.4465454545454	16.4880727272727	0	1
80.4431909090909	16.7888854545455	0	1
80.4398363636364	17.0896981818182	0	1
80.4364818181818	17.3905109090909	0	1
80.4331272727273	17.6913236363636	0	1
80.4297727272727	17.9921363636364	0	1
80.4264181818182	18.2929490909091	0	1
80.4230636363636	18.5937618181818	0	1
80.4197090909091	18.8945745454545	0	1
80.4163545454546	19.1953872727273	0	1
80.413	19.4962	0	1
80.4096454545455	19.7970127272727	0	1
80.4062909090909	20.0978254545455	0	1
80.4029363636364	20.3986381818182	0	1
80.3995818181818	20.6994509090909	0	1
80.3962272727273	21.0002636363636	0	1
80.3928727272727	21.3010763636364	0	1
80.3895181818182	21.6018890909091	0	1
80.3861636363636	21.9027018181818	0	1
80.3828090909091	22.2035145454545	0	1
80.3794545454545	22.5043272727273	0	1
80.3761	22.80514	0	1
80.3727454545455	23.1059527272727	0	1
80.3693909090909	23.4067654545455	0	1
80.3660363636364	23.7075781818182	0	1
80.3626818181818	24.0083909090909	0	1
80.3593272727273	24.3092036363636	0	1
80.3559727272727	24.6100163636364	0	1
80.3526181818182	24.9108290909091	0	1
80.3492636363636	25.2116418181818	0	1
80.3459090909091	25.5124545454545	0	1
80.3425545454545	25.8132672727273	0	1
80.3392	26.11408	0	1
80.3358454545454	26.4148927272727	0	1
80.3324909090909	26.7157054545455	0	1
80.3291363636364	27.0165181818182	0	1
80.3257818181818	27.3173309090909	0	1
80.3224272727273	27.6181436363636	0	1
80.3190727272727	27.9189563636364	0	1
80.3157181818182	28.2197690909091	0	1
80.3123636363636	28.5205818181818	0	1
80.3090090909091	28.8213945454545	0	1
80.3056545454545	29.1222072727273	0	1
80.3023	29.42302	0	1
80.2989454545454	29.7238327272727	0	1
80.2955909090909	30.0246454545455	0	1
80.2922363636364	30.3254581818182	0	1
80.2888818181818	30.6262709090909	0	1
80.2855272727273	30.9270836363636	0	1
80.2821727272727	31.2278963636364	0	1
80.2788181818182	31.5287090909091	0	1
80.2754636363636	31.8295218181818	0	1
80.2721090909091	32.1303345454545	0	1
80.2687545454545	32.4311472727273	0	1
80.2654	32.73196	0	1
80.2620454545455	33.0327727272727	0	1
80.2586909090909	33.3335854545454	0	1
80.2553363636364	33.6343981818182	0	1
80.2519818181818	33.9352109090909	0	1
80.2486272727273	34.2360236363636	0	1
80.2452727272727	34.5368363636364	0	1
80.2419181818182	34.8376490909091	0	1
80.2385636363636	35.1384618181818	0	1
80.2352090909091	35.4392745454545	0	1
80.2318545454545	35.7400872727273	0	1
80.2285	36.0409	0	1
80.2251454545455	36.3417127272727	0	1
80.2217909090909	36.6425254545455	0	1
80.2184363636364	36.9433381818182	0	1
80.2150818181818	37.2441509090909	0	1
80.2117272727273	37.5449636363636	0	1
80.2083727272727	37.8457763636364	0	1
80.2050181818182	38.1465890909091	0	1
80.2016636363636	38.4474018181818	0	1
80.1983090909091	38.7482145454545	0	1
80.1949545454546	39.0490272727273	0	1
80.1916	39.34984	0	1
80.1882454545455	39.6506527272727	0	1
80.1848909090909	39.9514654545455	0	1
80.1815363636364	40.2522781818182	0	1
80.1781818181818	40.5530909090909	0	1
80.1748272727273	40.8539036363636	0	1
80.1714727272727	41.1547163636364	0	1
80.1681181818182	41.4555290909091	0	1
80.1647636363636	41.7563418181818	0	1
80.1614090909091	42.0571545454545	0	1
80.1580545454545	42.3579672727273	0	1
80.1547	42.65878	0	1
80.1513454545454	42.9595927272727	0	1
80.1479909090909	43.2604054545455	0	1
80.1446363636364	43.5612181818182	0	1
80.1412818181818	43.8620309090909	0	1
80.1379272727273	44.1628436363636	0	1
80.1345727272727	44.4636563636364	0	1
80.1312181818182	44.7644690909091	0	1
80.1278636363636	45.0652818181818	0	1
80.1245090909091	45.3660945454545	0	1
80.1211545454545	45.6669072727273	0	1
80.1178	45.96772	0	1
80.1144454545455	46.2685327272727	0	1
80.1110909090909	46.5693454545455	0	1
80.1077363636363	46.8701581818182	0	1
80.1043818181818	47.1709709090909	0	1
80.1010272727273	47.4717836363636	0	1
80.0976727272727	47.7725963636364	0	1
80.0943181818182	48.0734090909091	0	1
80.0909636363636	48.3742218181818	0	1
80.0876090909091	48.6750345454545	0	1
80.0842545454545	48.9758472727273	0	1
80.0809	49.27666	0	1
80.0775454545455	49.5774727272727	0	1
80.0741909090909	49.8782854545455	0	1
80.0708363636364	50.1790981818182	0	1
80.0674818181818	50.4799109090909	0	1
80.0641272727273	50.7807236363636	0	1
80.0607727272727	51.0815363636364	0	1
80.0574181818182	51.3823490909091	0	1
80.0540636363636	51.6831618181818	0	1
80.0507090909091	51.9839745454546	0	1
80.0473545454545	52.2847872727273	0	1
80.044	52.5856	0	1
80.0406454545455	52.8864127272727	0	1
80.0372909090909	53.1872254545454	0	1
80.0339363636364	53.4880381818182	0	1
80.0305818181818	53.7888509090909	0	1
80.0272272727273	54.0896636363636	0	1
80.0238727272727	54.3904763636364	0	1
80.0205181818182	54.6912890909091	0	1
80.0171636363636	54.9921018181818	0	1
80.0138090909091	55.2929145454545	0	1
80.0104545454546	55.5937272727273	0	1
80.0071	55.89454	0	1
80.0037454545455	56.1953527272727	0	1
80.0003909090909	56.4961654545454	0	1
79.9970363636364	56.7969781818182	0	1
79.9936818181818	57.0977909090909	0	1
79.9903272727273	57.3986036363636	0	1
79.9869727272727	57.6994163636364	0	1
79.9836181818182	58.0002290909091	0	1
79.9802636363636	58.3010418181818	0	1
79.9769090909091	58.6018545454545	0	1
79.9735545454545	58.9026672727273	0	1
79.9702	59.20348	0	1
79.9668454545454	59.5042927272727	0	1
79.9634909090909	59.8051054545454	0	1
79.9601363636364	60.1059181818182	0	1
79.9567818181818	60.4067309090909	0	1
79.9534272727273	60.7075436363636	0	1
79.9500727272727	61.0083563636364	0	1
79.9467181818182	61.3091690909091	0	1
79.9433636363636	61.6099818181818	0	1
79.9400090909091	61.9107945454546	0	1
79.9366545454545	62.2116072727273	0	1
79.9333	62.51242	0	1
79.9299454545454	62.8132327272727	0	1
79.9265909090909	63.1140454545455	0	1
79.9232363636364	63.4148581818182	0	1
79.9198818181818	63.7156709090909	0	1
79.9165272727273	64.0164836363636	0	1
79.9131727272727	64.3172963636364	0	1
79.9098181818182	64.6181090909091	0	1
79.9064636363636	64.9189218181818	0	1
79.9031090909091	65.2197345454545	0	1
79.8997545454545	65.5205472727273	0	1
79.8964	65.82136	0	1
79.8930454545454	66.1221727272727	0	1
79.8896909090909	66.4229854545455	0	1
79.8863363636364	66.7237981818182	0	1
79.8829818181818	67.0246109090909	0	1
79.8796272727273	67.3254236363636	0	1
79.8762727272727	67.6262363636364	0	1
79.8729181818182	67.9270490909091	0	1
79.8695636363636	68.2278618181818	0	1
79.8662090909091	68.5286745454545	0	1
79.8628545454545	68.8294872727273	0	1
79.8595	69.1303	0	1
79.8561454545455	69.4311127272727	0	1
79.8527909090909	69.7319254545455	0	1
79.8494363636364	70.0327381818182	0	1
79.8460818181818	70.3335509090909	0	1
79.8427272727273	70.6343636363636	0	1
79.8393727272727	70.9351763636364	0	1
79.8360181818182	71.2359890909091	0	1
79.8326636363636	71.5368018181818	0	1
79.8293090909091	71.8376145454545	0	1
79.8259545454545	72.1384272727273	0	1
79.8226	72.43924	0	1
79.8192454545455	72.7400527272727	0	1
79.8158909090909	73.0408654545455	0	1
79.8125363636364	73.3416781818182	0	1
79.8091818181818	73.6424909090909	0	1
79.8058272727273	73.9433036363636	0	1
79.8024727272727	74.2441163636364	0	1
79.7991181818182	74.5449290909091	0	1
79.7957636363636	74.8457418181818	0	1
79.7924090909091	75.1465545454545	0	1
79.7890545454545	75.4473672727273	0	1
79.7857	75.74818	0	1
79.7823454545454	76.0489927272727	0	1
79.7789909090909	76.3498054545455	0	1
79.7756363636364	76.6506181818182	0	1
79.7722818181818	76.9514309090909	0	1
79.7689272727273	77.2522436363636	0	1
79.7655727272727	77.5530563636364	0	1
79.7622181818182	77.8538690909091	0	1
79.7588636363636	78.1546818181818	0	1
79.7555090909091	78.4554945454545	0	1
79.7521545454545	78.7563072727273	0	1
79.7488	79.05712	0	1
79.7454454545454	79.3579327272727	0	1
79.7420909090909	79.6587454545455	0	1
79.7387363636364	79.9595581818182	0	1
79.7353818181818	80.2603709090909	0	1
79.7320272727273	80.5611836363636	0	1
79.7286727272727	80.8619963636364	0	1
79.7253181818182	81.1628090909091	0	1
79.7219636363636	81.4636218181818	0	1
79.7186090909091	81.7644345454545	0	1
79.7152545454545	82.0652472727273	0	1
79.7119	82.36606	0	1
79.7085454545455	82.6668727272727	0	1
79.7051909090909	82.9676854545455	0	1
79.7018363636364	83.2684981818182	0	1
79.6984818181818	83.5693109090909	0	1
79.6951272727273	83.8701236363636	0	1
79.6917727272727	84.1709363636364	0	1
79.6884181818182	84.4717490909091	0	1
79.6850636363636	84.7725618181818	0	1
79.6817090909091	85.0733745454545	0	1
79.6783545454545	85.3741872727273	0	1
79.675	85.675	1	1
79.6718199326873	85.9751509442226	1	1
79.6664722614009	86.2752710944251	1	1
79.6589572650636	86.5753447969981	1	1
79.6492753356412	86.8753564007545	1	1
79.6374269781219	87.1752902577462	1	1
79.6234128104901	87.4751307240802	1	1
79.607233563694	87.7748621607346	1	1
79.5888900816078	88.0744689343742	1	1
79.5683833209872	88.3739354181661	1	1
79.54571435142	88.6732459925943	1	1
79.52088435527	88.9723850462751	1	1
79.4938946276154	89.2713369767705	1	1
79.4647465761813	89.5700861914028	1	1
79.4334417212662	89.8686171080673	1	1
79.3999816956627	90.1669141560453	1	1
79.3643682445724	90.4649617768163	1	1
79.3266032255151	90.7627444248692	1	1
79.2866886082313	91.0602465685134	1	1
79.2446264745801	91.3574526906888	1	1
79.2004190184302	91.654347289775	1	1
79.1540685455456	91.9509148804001	1	1
79.1055774734656	92.2471399942482	1	1
79.0549483313782	92.5430071808663	1	1
79.0021837599886	92.83850100847	1	1
78.9472865113812	93.1336060647485	1	1
78.8902594488762	93.4283069576686	1	1
78.8311055468805	93.7225883162771	1	1
78.7698278907317	94.0164347915031	1	1
78.7064296765384	94.309831056958	1	1
78.6409142110124	94.6027618097354	1	1
78.5732849112971	94.8952117712088	1	1
78.5035453047883	95.1871656878289	1	1
78.4316990289514	95.4786083319189	1	1
78.3577498311306	95.7695245024689	1	1
78.2817015683542	96.0598990259287	1	1
78.2035582071329	96.3497167569992	1	1
78.1233238232532	96.6389625794223	1	1
78.041002601565	96.9276214067697	1	1
77.9565988357627	97.2156781832292	1	1
77.870116928162	97.5031178843902	1	1
77.7815613894697	97.7899255180277	1	1
77.6909368385486	98.0760861248836	1	1
77.598248002177	98.3615847794477	1	1
77.5034997148013	98.6464065907353	1	1
77.4066969182849	98.9305367030649	1	1
77.3078446616494	99.213960296832	1	1
77.2069481008121	99.4966625892829	1	1
77.1040124983165	99.7786288352853	1	1
76.9990432230582	100.059844328097	1	1
76.8920457500047	100.340294400135	1	1
76.7830256599098	100.619964423737	1	1
76.6719886390225	100.898839811927	1	1
76.5589404787907	101.176906019177	1	1
76.4438870755588	101.454148542161	1	1
76.3268344302602	101.730552920517	1	1
76.2077886481045	102.006104737598	1	1
76.086755938259	102.280789621225	1	1
75.9637426135246	102.554593244436	1	1
75.838755090007	102.827501326235	1	1
75.7117998867815	103.099499632332	1	1
75.5828836255536	103.370573975892	1	1
75.4520130303129	103.640710218272	1	1
75.319194926983	103.909894269757	1	1
75.1844362430653	104.178112090296	1	1
75.0477440072776	104.445349690235	1	1
74.9091253491874	104.711593131046	1	1
74.7685874988403	104.976828526055	1	1
74.6261377863827	105.241042041165	1	1
74.4817836416796	105.504219895577	1	1
74.335532593927	105.766348362511	1	1
74.1873922712592	106.02741376992	1	1
74.0373704003508	106.287402501204	1	1
73.8854748060141	106.546300995922	1	1
73.7317134107906	106.804095750493	1	1
73.5760942345377	107.06077331891	1	1
73.4186253940108	107.316320313431	1	1
73.2593151024398	107.570723405286	1	1
73.0981716691005	107.823969325367	1	1
72.9352034988813	108.07604486492	1	1
72.770419091845	108.326936876239	1	1
72.6038270427854	108.576632273345	1	1
72.4354360407788	108.825118032673	1	1
72.265254868731	109.072381193751	1	1
72.0932924029192	109.318408859874	1	1
71.9195576125289	109.563188198777	1	1
71.7440595591862	109.806706443306	1	1
71.5668073964851	110.048950892084	1	1
71.3878103695102	110.28990891017	1	1
71.2070778143543	110.529567929722	1	1
71.0246191576315	110.767915450651	1	1
70.8404439159859	111.004939041271	1	1
70.6545616955944	111.240626338952	1	1
70.4669821916666	111.47496505076	1	1
70.2777151879385	111.707942954102	1	1
70.0867705561624	111.93954789736	1	1
69.8941582555921	112.169767800529	1	1
69.6998883324631	112.398590655841	1	1
69.5039709194693	112.626004528399	1	1
69.3064162352336	112.851997556792	1	1
69.1072345837756	113.076557953719	1	1
68.9064363539741	113.299674006603	1	1
68.7040320190248	113.521334078198	1	1
68.5000321358944	113.741526607201	1	1
68.29444734477	113.960240108851	1	1
68.087288368504	114.177463175532	1	1
67.8785660120548	114.393184477364	1	1
67.6682911619232	114.607392762797	1	1
67.456474785585	114.820076859195	1	1
67.2431279309182	115.031225673422	1	1
67.0282617256275	115.240828192419	1	1
66.8118873766634	115.448873483777	1	1
66.5940161696382	115.655350696309	1	1
66.3746594682366	115.860249060617	1	1
66.1538287136237	116.06355788965	1	1
65.931535423848	116.265266579266	1	1
65.7077911932405	116.465364608781	1	1
65.4826076918101	116.663841541519	1	1
65.2559966646351	116.86068702536	1	1
65.0279699312502	117.055890793274	1	1
64.7985393850303	117.249442663859	1	1
64.5677169925702	117.441332541874	1	1
64.3355147930603	117.631550418765	1	1
64.1019448976586	117.820086373181	1	1
63.8670194888592	118.006930571502	1	1
63.6307508198569	118.192073268344	1	1
63.3931512139078	118.375504807068	1	1
63.1542330636871	118.557215620287	1	1
62.9140088306419	118.737196230364	1	1
62.6724910443422	118.915437249904	1	1
62.4296923018266	119.091929382246	1	1
62.1856252669457	119.266663421947	1	1
61.9403026697014	119.439630255263	1	1
61.6937373055829	119.610820860621	1	1
61.4459420348996	119.780226309095	1	1
61.19692978211	119.947837764869	1	1
60.9467135351477	120.113646485694	1	1
60.6953063447441	120.277643823353	1	1
60.4427213237475	120.439821224103	1	1
60.1889716464393	120.600170229126	1	1
59.9340705478469	120.758682474969	1	1
59.6780313230533	120.915349693981	1	1
59.4208673265034	121.070163714742	1	1
59.162591971308	121.223116462493	1	1
58.9032187285441	121.374199959553	1	1
58.6427611265516	121.523406325738	1	1
58.3812327502286	121.670727778771	1	1
58.1186472403224	121.816156634687	1	1
57.8550182927179	121.959685308236	1	1
57.5903596577235	122.101306313277	1	1
57.3246851393541	122.241012263168	1	1
57.0580085946103	122.378795871153	1	1
56.7903439327567	122.51464995074	1	1
56.5217051145958	122.64856741608	1	1
56.2521061517398	122.780541282329	1	1
55.98156110588	122.91056466602	1	1
55.7100840880535	123.038630785419	1	1
55.4376892579067	123.164732960876	1	1
55.1643908229575	123.28886461518	1	1
54.8902030378534	123.411019273894	1	1
54.6151402036287	123.531190565699	1	1
54.3392166669584	123.649372222724	1	1
54.0624468194097	123.765558080872	1	1
53.7848450966916	123.879742080144	1	1
53.5064259779019	123.991918264952	1	1
53.2272039847719	124.102080784433	1	1
52.9471936809091	124.21022389275	1	1
52.6664096710377	124.316341949396	1	1
52.3848666002365	124.420429419486	1	1
52.1025791531754	124.522480874044	1	1
51.8195620533493	124.622490990292	1	1
51.5358300623101	124.720454551919	1	1
51.251397978897	124.816366449362	1	1
50.9662806384644	124.910221680066	1	1
50.6804929121083	125.002015348747	1	1
50.3940497058904	125.09174266765	1	1
50.1069659600609	125.179398956793	1	1
49.8192566482792	125.264979644216	1	1
49.5309367768327	125.348480266219	1	1
49.2420213838543	125.429896467592	1	1
48.9525255385382	125.509224001844	1	1
48.6624643403533	125.586458731424	1	1
48.3718529182565	125.661596627939	1	1
48.0807064299029	125.73463377236	1	1
47.7890400608556	125.80556635523	1	1
47.4968690237936	125.874390676861	1	1
47.2042085577181	125.941103147526	1	1
46.911073927158	126.00570028765	1	1
46.6174804213734	126.068178727987	1	1
46.3234433535586	126.128535209798	1	1
46.0289780600428	126.186766585022	1	1
45.7340998994908	126.242869816438	1	1
45.4388242521016	126.296841977824	1	1
45.143166518806	126.34868025411	1	1
44.8471421204638	126.398381941526	1	1
44.5507664970592	126.44594444774	1	1
44.2540551068955	126.491365291996	1	1
43.9570234257888	126.534642105242	1	1
43.659686946261	126.575772630255	1	1
43.3620611767316	126.614754721756	1	1
43.0641616407087	126.651586346525	1	1
42.7660038759795	126.686265583506	1	1
42.4676034338001	126.718790623904	1	1
42.1689758780838	126.749159771286	1	1
41.8701367845897	126.777371441662	1	1
41.5711017401104	126.803424163575	1	1
41.2718863416587	126.827316578171	1	1
40.9725061956545	126.849047439274	1	1
40.6729769171103	126.868615613451	1	1
40.3733141288171	126.886020080067	1	1
40.0735334605297	126.901259931344	1	1
39.773650548151	126.914334372405	1	1
39.4736810329168	126.925242721316	1	1
39.1736405605799	126.93398440912	1	1
38.8735447805942	126.940558979872	1	1
38.5734093452981	126.944966090655	1	1
38.2732499090986	126.947205511604	1	1
37.9730821276543	126.947277125917	1	1
37.6729216570591	126.945180929857	1	1
37.3727841530258	126.940917032758	1	1
37.0726852700691	126.934485657015	1	1
36.7726406606894	126.925887138075	1	1
36.4726659745562	126.915121924418	1	1
36.172776857692	126.902190577533	1	1
35.8729889516564	126.887093771892	1	1
35.5733178927297	126.86983229491	1	1
35.2737793110981	126.850407046909	1	1
34.9743888300377	126.828819041067	1	1
34.6751620651003	126.805069403366	1	1
34.3761146232984	126.779159372537	1	1
34.0772621022916	126.75109029999	1	1
33.7786200895727	126.720863649745	1	1
33.480204161655	126.688480998359	1	1
33.1820298832595	126.65394403484	1	1
32.8841128065034	126.61725456056	1	1
32.5864684700889	126.578414489162	1	1
32.2891123984927	126.537425846459	1	1
31.9920601011559	126.494290770328	1	1
31.6953270716759	126.449011510602	1	1
31.3989287869973	126.401590428946	1	1
31.1028807066055	126.352029998741	1	1
30.8071982717198	126.30033280495	1	1
30.5118969044883	126.246501543985	1	1
30.2169920071836	126.190539023567	1	1
29.9224989613991	126.132448162579	1	1
29.6284331272468	126.072231990913	1	1
29.3348098425567	126.009893649311	1	1
29.0416444220761	125.945436389207	1	1
28.748952156671	125.878863572548	1	1
28.456748312529	125.810178671628	1	1
28.1650481303624	125.7393852689	1	1
27.8738668246138	125.666487056793	1	1
27.5832195826623	125.591487837519	1	1
27.2931215640314	125.514391522871	1	1
27.0035878995982	125.435202134026	1	1
26.7146336908045	125.353923801328	1	1
26.4262740088688	125.270560764077	1	1
26.1385238940004	125.185117370306	1	1
25.8513983546152	125.097598076555	1	1
25.5649123665522	125.00800744764	1	1
25.279080872293	124.916350156412	1	1
24.9939187801824	124.822630983513	1	1
24.7094409636502	124.72685481713	1	1
24.4256622604364	124.629026652739	1	1
24.1425974718165	124.529151592843	1	1
23.8602613618297	124.427234846705	1	1
23.5786686565091	124.32328173008	1	1
23.2978340431134	124.217297664935	1	1
23.0177721693609	124.109288179166	1	1
22.7384976426654	123.999258906312	1	1
22.4600250293745	123.887215585258	1	1
22.1823688540097	123.773164059939	1	1
21.9055435985089	123.657110279032	1	1
21.629563701471	123.539060295649	1	1
21.354443557403	123.419020267018	1	1
21.0801975159689	123.296996454164	1	1
20.8068398812414	123.172995221581	1	1
20.5343849109561	123.047023036903	1	1
20.2628468157674	122.919086470562	1	1
19.9922397585075	122.789192195449	1	1
19.7225778534477	122.657346986567	1	1
19.4538751655623	122.523557720671	1	1
19.186145709795	122.387831375917	1	1
18.9194034503276	122.250175031493	1	1
18.6536622998522	122.110595867253	1	1
18.388936118845	121.969101163341	1	1
18.1252387148438	121.825698299811	1	1
17.8625838417275	121.68039475624	1	1
17.600985198999	121.533198111345	1	1
17.3404564310704	121.38411604258	1	1
17.0810111265516	121.233156325738	1	1
16.8226628175413	121.080326834548	1	1
16.5654249789215	120.925635540262	1	1
16.3093110276542	120.769090511238	1	1
16.0543343220823	120.610699912522	1	1
15.8005081612321	120.450472005421	1	1
15.5478457841202	120.288415147072	1	1
15.2963603690627	120.124537790006	1	1
15.046065032988	119.958848481705	1	1
14.7969728307526	119.791355864163	1	1
14.54909675446	119.622068673426	1	1
14.3024497327834	119.450995739144	1	1
14.0570446302913	119.278145984106	1	1
13.8128942467761	119.103528423777	1	1
13.5700113165872	118.927152165826	1	1
13.3284085079661	118.749026409653	1	1
13.088098422386	118.569160445907	1	1
12.8490935938946	118.387563656003	1	1
12.6114064884603	118.204245511631	1	1
12.3750495033218	118.019215574264	1	1
12.1400349663417	117.832483494658	1	1
11.9063751353635	117.64405901235	1	1
11.6740821975721	117.453951955148	1	1
11.4431682688583	117.262172238619	1	1
11.2136453931868	117.068729865574	1	1
10.9855255419681	116.873634925543	1	1
10.7588206134338	116.676897594251	1	1
10.5335424320166	116.478528133085	1	1
10.3097027477327	116.278536888563	1	1
10.0873132355699	116.076934291789	1	1
9.86638549487797	115.873730857915	1	1
9.6469310487639	115.668937185584	1	1
9.42896134349088	115.462563956388	1	1
9.21248774788131	115.2546219343	1	1
8.99752155272371	115.045121965123	1	1
8.78407397018398	114.834074975915	1	1
8.57215613322042	114.621491974425	1	1
8.36177909500325	114.407384048517	1	1
8.15295382833791	114.191762365591	1	1
7.94569122509291	113.974638172001	1	1
7.74000209563161	113.756022792471	1	1
7.53589716824844	113.535927629498	1	1
7.33338708860933	113.314364162766	1	1
7.13248241919642	113.091343948539	1	1
6.93319363875721	112.866878619063	1	1
6.73553114175792	112.640979881958	1	1
6.53950523784144	112.413659519606	1	1
6.34512615128949	112.184929388541	1	1
6.15240402048948	111.954801418825	1	1
5.96134889740556	111.723287613428	1	1
5.77197074705445	111.490400047605	1	1
5.58427944698565	111.256150868258	1	1
5.39828478676625	111.020552293314	1	1
5.21399646747027	110.783616611078	1	1
5.03142410117277	110.545356179595	1	1
4.85057721044847	110.305783426008	1	1
4.67146522787503	110.064910845908	1	1
4.49409749554112	109.822751002679	1	1
4.31848326455913	109.579316526849	1	1
4.14463169458269	109.334620115428	1	1
3.97255185332882	109.088674531243	1	1
3.80225271610515	108.841492602279	1	1
3.63374316534161	108.593087221002	1	1
3.46703199012725	108.343471343694	1	1
3.30212788575181	108.092657989771	1	1
3.13903945325211	107.840660241109	1	1
2.97777519896358	107.587491241359	1	1
2.81834353407646	107.33316419526	1	1
2.66075277419717	107.077692367956	1	1
2.50501113891451	106.821089084295	1	1
2.35112675137106	106.563367728144	1	1
2.19910763783938	106.304541741685	1	1
2.04896172730343	106.044624624713	1	1
1.900696851045	105.783629933935	1	1
1.75432074223528	105.521571282265	1	1
1.60984103553145	105.258462338105	1	1
1.46726526667855	104.994316824644	1	1
1.32660087211637	104.729148519132	1	1
1.18785518859158	104.462971252166	1	1
1.05103545277514	104.195798906972	1	1
0.916148800884734	103.927645418671	1	1
0.783202268312692	103.658524773564	1	1
0.652202789258908	103.388451008393	1	1
0.523157196369269	103.117438209615	1	1
0.396072220379217	102.845500512664	1	1
0.27095448976273	102.572652101213	1	1
0.14781053038655	102.298907206439	1	1
0.026646765169879	102.024280106275	1	1
-0.0925304862507232	101.74878512467	1	1
-0.209715007850875	101.472436630838	1	1
-0.324900687542616	101.195249038511	1	1
-0.438081517493217	100.917236805188	1	1
-0.549251594438495	100.638414431377	1	1
-0.658405119990775	100.358796459842	1	1
-0.765536400941237	100.078397474844	1	1
-0.870639849556966	99.7972321013804	1	1
-0.973709983872297	99.515315004421	1	1
-1.0747414279748	99.2326608881439	1	1
-1.17372891228566	98.9492844951687	1	1
-1.27066727383453	98.6652006057874	1	1
-1.36555145652881	98.3804240371933	1	1
-1.45837651141738	98.0949696427084	1	1
-1.54913759694871	97.8088523110086	1	1
-1.63782997922338	97.5220869653473	1	1
-1.72444903224103	97.2346885627767	1	1
-1.80899023814158	96.9466720933679	1	1
-1.89144918744092	96.6580525794292	1	1
-1.97182157926088	96.368845074722	1	1
-2.05010322155356	96.0790646636764	1	1
-2.12629003131998	95.7887264606038	1	1
-2.20037803482302	95.4978456089089	1	1
-2.2723633677947	95.2064372802998	1	1
-2.34224227563776	94.9145166739965	1	1
-2.41001111362142	94.6220990159385	1	1
-2.47566634707152	94.3291995579901	1	1
-2.53920455155495	94.0358335771457	1	1
-2.6006224130581	93.742016374732	1	1
-2.65991672815988	93.4477632756108	1	1
-2.71708440419867	93.1530896273792	1	1
-2.77212245943374	92.8580107995692	1	1
-2.82502802320067	92.562542182846	1	1
-2.87579833606116	92.2666991882055	1	1
-2.92443074994689	91.9704972461703	1	1
-2.97092272829769	91.6739518059847	1	1
-3.01527184619379	91.3770783348095	1	1
-3.05747579048238	91.0798923169145	1	1
-3.09753235989815	90.7824092528714	1	1
-3.13543946517819	90.4846446587453	1	1
-3.17119512917093	90.1866140652851	1	1
-3.20479748693923	89.8883330171137	1	1
-3.23624478585776	89.5898170719172	1	1
-3.26553538570426	89.2910817996335	1	1
-3.29266775874522	88.9921427816399	1	1
-3.31764048981549	88.6930156099408	1	1
-3.34045227639212	88.3937158863542	1	1
-3.36110192866229	88.0942592216982	1	1
-3.37958836958536	87.7946612349763	1	1
-3.3959106349491	87.4949375525633	1	1
-3.41006787341986	87.1951038073899	1	1
-3.42205934658712	86.8951756381275	1	1
-3.4318844290019	86.5951686883725	1	1
-3.43954260820943	86.29509860583	1	1
-3.44503348477584	85.9949810414984	1	1
-3.44835677230905	85.6948316488524	1	1
-3.44951229747366	85.3946660830268	1	1
-3.4485	85.0945	1	1
-3.44485431654676	84.793928057554	0	1
-3.44120863309353	84.4933561151079	0	1
-3.43756294964029	84.1927841726619	0	1
-3.43391726618705	83.8922122302158	0	1
-3.43027158273381	83.5916402877698	0	1
-3.42662589928058	83.2910683453237	0	1
-3.42298021582734	82.9904964028777	0	1
-3.4193345323741	82.6899244604316	0	1
-3.41568884892086	82.3893525179856	0	1
-3.41204316546763	82.0887805755396	0	1
-3.40839748201439	81.7882086330935	0	1
-3.40475179856115	81.4876366906475	0	1
-3.40110611510791	81.1870647482014	0	1
-3.39746043165468	80.8864928057554	0	1
-3.39381474820144	80.5859208633093	0	1
-3.3901690647482	80.2853489208633	0	1
-3.38652338129496	79.9847769784173	0	1
-3.38287769784173	79.6842050359712	0	1
-3.37923201438849	79.3836330935252	0	1
-3.37558633093525	79.0830611510791	0	1
-3.37194064748201	78.7824892086331	0	1
-3.36829496402878	78.481917266187	0	1
-3.36464928057554	78.181345323741	0	1
-3.3610035971223	77.880773381295	0	1
-3.35735791366907	77.5802014388489	0	1
-3.35371223021583	77.2796294964029	0	1
-3.35006654676259	76.9790575539568	0	1
-3.34642086330935	76.6784856115108	0	1
-3.34277517985611	76.3779136690648	0	1
-3.33912949640288	76.0773417266187	0	1
-3.33548381294964	75.7767697841727	0	1
-3.3318381294964	75.4761978417266	0	1
-3.32819244604317	75.1756258992806	0	1
-3.32454676258993	74.8750539568345	0	1
-3.32090107913669	74.5744820143885	0	1
-3.31725539568345	74.2739100719425	0	1
-3.31360971223022	73.9733381294964	0	1
-3.30996402877698	73.6727661870504	0	1
-3.30631834532374	73.3721942446043	0	1
-3.3026726618705	73.0716223021583	0	1
-3.29902697841727	72.7710503597122	0	1
-3.29538129496403	72.4704784172662	0	1
-3.29173561151079	72.1699064748201	0	1
-3.28808992805755	71.8693345323741	0	1
-3.28444424460432	71.5687625899281	0	1
-3.28079856115108	71.268190647482	0	1
-3.27715287769784	70.967618705036	0	1
-3.2735071942446	70.6670467625899	0	1
-3.26986151079137	70.3664748201439	0	1
-3.26621582733813	70.0659028776978	0	1
-3.26257014388489	69.7653309352518	0	1
-3.25892446043165	69.4647589928058	0	1
-3.25527877697842	69.1641870503597	0	1
-3.25163309352518	68.8636151079137	0	1
-3.24798741007194	68.5630431654676	0	1
-3.24434172661871	68.2624712230216	0	1
-3.24069604316547	67.9618992805755	0	1
-3.23705035971223	67.6613273381295	0	1
-3.23340467625899	67.3607553956835	0	1
-3.22975899280576	67.0601834532374	0	1
-3.22611330935252	66.7596115107914	0	1
-3.22246762589928	66.4590395683453	0	1
-3.21882194244604	66.1584676258993	0	1
-3.21517625899281	65.8578956834532	0	1
-3.21153057553957	65.5573237410072	0	1
-3.20788489208633	65.2567517985612	0	1
-3.20423920863309	64.9561798561151	0	1
-3.20059352517986	64.6556079136691	0	1
-3.19694784172662	64.355035971223	0	1
-3.19330215827338	64.054464028777	0	1
-3.18965647482014	63.7538920863309	0	1
-3.18601079136691	63.4533201438849	0	1
-3.18236510791367	63.1527482014389	0	1
-3.17871942446043	62.8521762589928	0	1
-3.17507374100719	62.5516043165468	0	1
-3.17142805755396	62.2510323741007	0	1
-3.16778237410072	61.9504604316547	0	1
-3.16413669064748	61.6498884892086	0	1
-3.16049100719424	61.3493165467626	0	1
-3.15684532374101	61.0487446043165	0	1
-3.15319964028777	60.7481726618705	0	1
-3.14955395683453	60.4476007194245	0	1
-3.1459082733813	60.1470287769784	0	1
-3.14226258992806	59.8464568345324	0	1
-3.13861690647482	59.5458848920863	0	1
-3.13497122302158	59.2453129496403	0	1
-3.13132553956835	58.9447410071942	0	1
-3.12767985611511	58.6441690647482	0	1
-3.12403417266187	58.3435971223022	0	1
-3.12038848920863	58.0430251798561	0	1
-3.1167428057554	57.7424532374101	0	1
-3.11309712230216	57.441881294964	0	1
-3.10945143884892	57.141309352518	0	1
-3.10580575539568	56.8407374100719	0	1
-3.10216007194245	56.5401654676259	0	1
-3.09851438848921	56.2395935251798	0	1
-3.09486870503597	55.9390215827338	0	1
-3.09122302158273	55.6384496402878	0	1
-3.0875773381295	55.3378776978417	0	1
-3.08393165467626	55.0373057553957	0	1
-3.08028597122302	54.7367338129496	0	1
-3.07664028776978	54.4361618705036	0	1
-3.07299460431655	54.1355899280576	0	1
-3.06934892086331	53.8350179856115	0	1
-3.06570323741007	53.5344460431655	0	1
-3.06205755395683	53.2338741007194	0	1
-3.0584118705036	52.9333021582734	0	1
-3.05476618705036	52.6327302158273	0	1
-3.05112050359712	52.3321582733813	0	1
-3.04747482014389	52.0315863309352	0	1
-3.04382913669065	51.7310143884892	0	1
-3.04018345323741	51.4304424460432	0	1
-3.03653776978417	51.1298705035971	0	1
-3.03289208633094	50.8292985611511	0	1
-3.0292464028777	50.528726618705	0	1
-3.02560071942446	50.228154676259	0	1
-3.02195503597122	49.9275827338129	0	1
-3.01830935251799	49.6270107913669	0	1
-3.01466366906475	49.3264388489209	0	1
-3.01101798561151	49.0258669064748	0	1
-3.00737230215827	48.7252949640288	0	1
-3.00372661870504	48.4247230215827	0	1
-3.0000809352518	48.1241510791367	0	1
-2.99643525179856	47.8235791366906	0	1
-2.99278956834532	47.5230071942446	0	1
-2.98914388489209	47.2224352517986	0	1
-2.98549820143885	46.9218633093525	0	1
-2.98185251798561	46.6212913669065	0	1
-2.97820683453237	46.3207194244604	0	1
-2.97456115107914	46.0201474820144	0	1
-2.9709154676259	45.7195755395683	0	1
-2.96726978417266	45.4190035971223	0	1
-2.96362410071942	45.1184316546763	0	1
-2.95997841726619	44.8178597122302	0	1
-2.95633273381295	44.5172877697842	0	1
-2.95268705035971	44.2167158273381	0	1
-2.94904136690647	43.9161438848921	0	1
-2.94539568345324	43.615571942446	0	1
-2.94175	43.315	0	1
-2.93810431654676	43.014428057554	0	1
-2.93445863309353	42.7138561151079	0	1
-2.93081294964029	42.4132841726619	0	1
-2.92716726618705	42.1127122302158	0	1
-2.92352158273381	41.8121402877698	0	1
-2.91987589928058	41.5115683453237	0	1
-2.91623021582734	41.2109964028777	0	1
-2.9125845323741	40.9104244604316	0	1
-2.90893884892086	40.6098525179856	0	1
-2.90529316546763	40.3092805755396	0	1
-2.90164748201439	40.0087086330935	0	1
-2.89800179856115	39.7081366906475	0	1
-2.89435611510791	39.4075647482014	0	1
-2.89071043165468	39.1069928057554	0	1
-2.88706474820144	38.8064208633094	0	1
-2.8834190647482	38.5058489208633	0	1
-2.87977338129496	38.2052769784173	0	1
-2.87612769784173	37.9047050359712	0	1
-2.87248201438849	37.6041330935252	0	1
-2.86883633093525	37.3035611510791	0	1
-2.86519064748201	37.0029892086331	0	1
-2.86154496402878	36.7024172661871	0	1
-2.85789928057554	36.401845323741	0	1
-2.8542535971223	36.101273381295	0	1
-2.85060791366906	35.8007014388489	0	1
-2.84696223021583	35.5001294964029	0	1
-2.84331654676259	35.1995575539568	0	1
-2.83967086330935	34.8989856115108	0	1
-2.83602517985612	34.5984136690647	0	1
-2.83237949640288	34.2978417266187	0	1
-2.82873381294964	33.9972697841727	0	1
-2.8250881294964	33.6966978417266	0	1
-2.82144244604317	33.3961258992806	0	1
-2.81779676258993	33.0955539568345	0	1
-2.81415107913669	32.7949820143885	0	1
-2.81050539568345	32.4944100719424	0	1
-2.80685971223022	32.1938381294964	0	1
-2.80321402877698	31.8932661870504	0	1
-2.79956834532374	31.5926942446043	0	1
-2.7959226618705	31.2921223021583	0	1
-2.79227697841727	30.9915503597122	0	1
-2.78863129496403	30.6909784172662	0	1
-2.78498561151079	30.3904064748201	0	1
-2.78133992805755	30.0898345323741	0	1
-2.77769424460432	29.7892625899281	0	1
-2.77404856115108	29.488690647482	0	1
-2.77040287769784	29.188118705036	0	1
-2.7667571942446	28.8875467625899	0	1
-2.76311151079137	28.5869748201439	0	1
-2.75946582733813	28.2864028776978	0	1
-2.75582014388489	27.9858309352518	0	1
-2.75217446043165	27.6852589928058	0	1
-2.74852877697842	27.3846870503597	0	1
-2.74488309352518	27.0841151079137	0	1
-2.74123741007194	26.7835431654676	0	1
-2.73759172661871	26.4829712230216	0	1
-2.73394604316547	26.1823992805755	0	1
-2.73030035971223	25.8818273381295	0	1
-2.72665467625899	25.5812553956834	0	1
-2.72300899280576	25.2806834532374	0	1
-2.71936330935252	24.9801115107914	0	1
-2.71571762589928	24.6795395683453	0	1
-2.71207194244604	24.3789676258993	0	1
-2.70842625899281	24.0783956834532	0	1
-2.70478057553957	23.7778237410072	0	1
-2.70113489208633	23.4772517985612	0	1
-2.69748920863309	23.1766798561151	0	1
-2.69384352517986	22.8761079136691	0	1
-2.69019784172662	22.575535971223	0	1
-2.68655215827338	22.274964028777	0	1
-2.68290647482014	21.9743920863309	0	1
-2.67926079136691	21.6738201438849	0	1
-2.67561510791367	21.3732482014388	0	1
-2.67196942446043	21.0726762589928	0	1
-2.66832374100719	20.7721043165468	0	1
-2.66467805755396	20.4715323741007	0	1
-2.66103237410072	20.1709604316547	0	1
-2.65738669064748	19.8703884892086	0	1
-2.65374100719424	19.5698165467626	0	1
-2.65009532374101	19.2692446043165	0	1
-2.64644964028777	18.9686726618705	0	1
-2.64280395683453	18.6681007194245	0	1
-2.6391582733813	18.3675287769784	0	1
-2.63551258992806	18.0669568345324	0	1
-2.63186690647482	17.7663848920863	0	1
-2.62822122302158	17.4658129496403	0	1
-2.62457553956835	17.1652410071942	0	1
-2.62092985611511	16.8646690647482	0	1
-2.61728417266187	16.5640971223022	0	1
-2.61363848920863	16.2635251798561	0	1
-2.6099928057554	15.9629532374101	0	1
-2.60634712230216	15.662381294964	0	1
-2.60270143884892	15.361809352518	0	1
-2.59905575539568	15.0612374100719	0	1
-2.59541007194245	14.7606654676259	0	1
-2.59176438848921	14.4600935251799	0	1
-2.58811870503597	14.1595215827338	0	1
-2.58447302158273	13.8589496402878	0	1
-2.5808273381295	13.5583776978417	0	1
-2.57718165467626	13.2578057553957	0	1
-2.57353597122302	12.9572338129496	0	1
-2.56989028776978	12.6566618705036	0	1
-2.56624460431655	12.3560899280575	0	1
-2.56259892086331	12.0555179856115	0	1
-2.55895323741007	11.7549460431655	0	1
-2.55530755395683	11.4543741007194	0	1
-2.5516618705036	11.1538021582734	0	1
-2.54801618705036	10.8532302158273	0	1
-2.54437050359712	10.5526582733813	0	1
-2.54072482014388	10.2520863309353	0	1
-2.53707913669065	9.95151438848921	0	1
-2.53343345323741	9.65094244604316	0	1
-2.52978776978417	9.35037050359712	0	1
-2.52614208633094	9.04979856115108	0	1
-2.5224964028777	8.74922661870504	0	1
-2.51885071942446	8.448654676259	0	1
-2.51520503597122	8.14808273381295	0	1
-2.51155935251799	7.8475107913669	0	1
-2.50791366906475	7.54693884892086	0	1
-2.50426798561151	7.24636690647482	0	1
-2.50062230215827	6.94579496402878	0	1
-2.49697661870504	6.64522302158273	0	1
-2.4933309352518	6.34465107913669	0	1
-2.48968525179856	6.04407913669065	0	1
-2.48603956834532	5.74350719424461	0	1
-2.48239388489209	5.44293525179856	0	1
-2.47874820143885	5.14236330935251	0	1
-2.47510251798561	4.84179136690647	0	1
-2.47145683453237	4.54121942446043	0	1
-2.46781115107914	4.24064748201439	0	1
-2.4641654676259	3.94007553956835	0	1
-2.46051978417266	3.6395035971223	0	1
-2.45687410071942	3.33893165467626	0	1
-2.45322841726619	3.03835971223022	0	1
-2.44958273381295	2.73778776978417	0	1
-2.44593705035971	2.43721582733813	0	1
-2.44229136690647	2.13664388489208	0	1
-2.43864568345324	1.83607194244604	0	1
