30.0365789837244	71.608055791605	0	1
30.3371314312256	71.6111309665924	0	1
30.6376838788285	71.6142061405901	0	1
30.9382363263296	71.6172813155775	0	1
31.2387887739326	71.620356490623	0	1
31.5393412214336	71.6234316656103	0	1
31.8398936690221	71.6265068405976	0	1
32.1404461165232	71.6295820155849	0	1
32.4409985641261	71.6326571895827	0	1
32.7415510116273	71.6357323646282	0	1
33.0421034592302	71.6388075396156	0	1
33.3426559067314	71.6418827146029	0	1
33.6432083543342	71.6449578895902	0	1
33.9437608018354	71.6480330645775	0	1
34.2443132494238	71.6511082385753	0	1
34.544865696925	71.6541834136208	0	1
34.8454181445278	71.6572585886081	0	1
35.1459705921309	71.6603337635954	0	1
35.4465230396319	71.6634089385827	0	1
35.747075487235	71.6664841136283	0	1
36.047627934736	71.6695592876261	0	1
36.3481803823245	71.6726344626134	0	1
36.6487328298255	71.6757096376007	0	1
36.9492852774286	71.6787848125879	0	1
37.2498377249296	71.6818599875753	0	1
37.5503901725326	71.6849351616313	0	1
37.8509426200336	71.6880103366186	0	1
38.1514950676222	71.6910855116059	0	1
38.4520475151232	71.6941606865932	0	1
38.7525999627262	71.6972358615806	0	1
39.0531524102272	71.7003110355784	0	1
39.3537048578303	71.7033862106239	0	1
39.6542573053313	71.7064613856111	0	1
39.9548097529344	71.7095365605985	0	1
40.2553622004354	71.7126117355859	0	1
40.5559146480239	71.7156869106313	0	1
40.8564670956268	71.7187620846291	0	1
41.157019543128	71.7218372596164	0	1
41.4575719907308	71.7249124346038	0	1
41.758124438232	71.7279876095911	0	1
42.0586768858349	71.7310627845784	0	1
42.3592293333361	71.734137959624	0	1
42.6597817809244	71.7372131336217	0	1
42.9603342284256	71.7402883086091	0	1
43.2608866760285	71.7433634835964	0	1
43.5614391235297	71.7464386585837	0	1
43.8619915711326	71.7495138336292	0	1
44.1625440186338	71.7525890086165	0	1
44.4630964662221	71.7556641826143	0	1
44.7636489137233	71.7587393576016	0	1
45.0642013613262	71.7618145325889	0	1
45.3647538088274	71.7648897075763	0	1
45.6653062564302	71.7679648826218	0	1
45.9658587039314	71.7710400576091	0	1
46.2664111515343	71.7741152316069	0	1
46.5669635990355	71.7771904065942	0	1
46.8675160466238	71.7802655815815	0	1
47.1680684942269	71.783340756627	0	1
47.4686209417279	71.7864159316144	0	1
47.769173389331	71.7894911056121	0	1
48.069725836832	71.7925662805995	0	1
48.370278284435	71.7956414555868	0	1
48.6708307319361	71.798716630574	0	1
48.9713831795246	71.8017918056196	0	1
49.2719356270256	71.8048669806069	0	1
49.5724880746286	71.8079421546047	0	1
49.8730405221296	71.8110173295919	0	1
50.1735929697327	71.8140925045793	0	1
50.4741454172337	71.8171676796249	0	1
50.7746978648222	71.8202428546122	0	1
51.0752503123232	71.8233180295994	0	1
51.3758027599263	71.8263932035972	0	1
51.6763552074273	71.8294683785846	0	1
51.9769076550304	71.8325435536301	0	1
52.2774601025314	71.8356187286175	0	1
52.5780125501344	71.8386939036047	0	1
52.8785649976355	71.8417690785921	0	1
53.179117445224	71.8448442525899	0	1
53.4796698928268	71.8479194275772	0	1
53.780222340328	71.8509946026226	0	1
54.0807747879309	71.85406977761	0	1
54.3813272354321	71.8571449525973	0	1
54.681879683035	71.8602201265951	0	1
54.9824321305362	71.8632953015824	0	1
55.2829845781245	71.8663704766279	0	1
55.5835370256257	71.8694456516153	0	1
55.8840894732286	71.8725208266026	0	1
56.1846419207298	71.8755960015899	0	1
56.4851943683326	71.8786711755877	0	1
56.7857468158337	71.881746350575	0	1
57.0862992634222	71.8848215256205	0	1
57.3868517109234	71.8878967006079	0	1
57.6874041585262	71.8909718755952	0	1
57.9879566060274	71.8940470505825	0	1
58.2885090536303	71.8971222245803	0	1
58.5890615011315	71.9001973996258	0	1
58.8896139487344	71.9032725746131	0	1
59.1901663962355	71.9063477496004	0	1
59.4907188438239	71.9094229245877	0	1
59.791271291427	71.9124980985855	0	1
60.091823738928	71.9155732736311	0	1
60.392376186531	71.9186484486184	0	1
60.6929286340321	71.9217236236057	0	1
60.9934810816351	71.924798798593	0	1
61.2940335291362	71.9278739735803	0	1
61.5945859767246	71.9309491475781	0	1
61.8951384242256	71.9340243226236	0	1
62.1956908718287	71.9370994976109	0	1
62.4962433193297	71.9401746725983	0	1
62.7967957669328	71.9432498475855	0	1
63.0973482144339	71.9463250226311	0	1
63.3979006620223	71.9494001966289	0	1
63.6984531095233	71.9524753716162	0	1
63.9990055571264	71.9555505466035	0	1
64.2995580046275	71.9586257215907	0	1
64.6001104522304	71.9617008965782	0	1
64.9006628997314	71.9647760705759	0	1
65.2012153473345	71.9678512456215	0	1
65.5017677948355	71.9709264206087	0	1
65.8023202424239	71.9740015955961	0	1
66.102872690027	71.9770767705834	0	1
66.403425137528	71.9801519456289	0	1
66.7039775851311	71.9832271196267	0	1
67.0045300326321	71.9863022946139	0	1
67.305082480235	71.9893774696014	0	1
67.6056349277361	71.9924526445887	0	1
67.9061873753246	71.995527819576	0	1
68.2067398228258	71.9986029946215	0	1
68.5072922704286	72.0016781686193	0	1
68.8078447179298	72.0047533436066	0	1
69.1083971655328	72.0078285185939	0	1
69.4089496130339	72.0109036935812	0	1
69.7095020606223	72.0139788686268	0	1
70.0100545081233	72.0170540436141	0	1
70.3106069557264	72.0201292176119	0	1
70.6111594032274	72.0232043925992	0	1
70.9117118508305	72.0262795675865	0	1
71.2122642983315	72.0293547425738	0	1
71.5128167459344	72.0324299176193	0	1
71.8133691934355	72.0355050916171	0	1
72.113921641024	72.0385802666044	0	1
72.4144740886269	72.0416554415918	0	1
72.7150265361281	72.0447306165791	0	1
73.015578983731	72.0478057916246	0	1
73.3161314312322	72.0508809666119	0	1
73.6166838788351	72.0539561406097	0	1
73.9172363263363	72.057031315597	0	1
74.2177887739247	72.0601064905843	0	1
74.5183412214258	72.0631816656299	0	1
74.8188936690288	72.0662568406172	0	1
75.1194461165298	72.0693320156045	0	1
75.4199985641328	72.0724071896023	0	1
75.7205510116338	72.0754823645896	0	1
76.0211034592223	72.0785575395768	0	1
76.3216559067234	72.0816327146224	0	1
76.6222083543263	72.0847078896097	0	1
76.9227608018275	72.0877830645971	0	1
77.2233132494304	72.0908582385948	0	1
77.5238656969316	72.0939334135821	0	1
77.8244181445345	72.0970085886277	0	1
78.1249705921229	72.100083763615	0	1
78.4255230396241	72.1031589386022	0	1
78.726075487227	72.1062341126	0	1
79.0266279347282	72.1093092875874	0	1
79.3271803823311	72.1123844625747	0	1
79.6277328298322	72.1154596376203	0	1
79.9282852774352	72.1185348126075	0	1
80.2288377249363	72.1216099875949	0	1
80.5293901725247	72.1246851615927	0	1
80.8299426200257	72.12776033658	0	1
81.1304950676287	72.1308355116254	0	1
81.4310475151298	72.1339106866128	0	1
81.7315999627328	72.1369858616002	0	1
82.0321524102339	72.1400610365875	0	1
82.3327048578223	72.1431362105853	0	1
82.6332573053235	72.1462113856307	0	1
82.9338097529265	72.1492865606181	0	1
83.2343622004276	72.1523617356054	0	1
83.5349146480305	72.1554369105927	0	1
83.8354670955316	72.15851208558	0	1
84.1360195431346	72.1615872595778	0	1
84.436571990723	72.1646624346234	0	1
84.737124438224	72.1677376096107	0	1
85.0376768858271	72.170812784598	0	1
85.3382293333281	72.1738879595853	0	1
85.6387817809312	72.1769631335831	0	1
85.9393342284322	72.1800383086286	0	1
86.2398866760352	72.1831134836159	0	1
86.5404391235362	72.1861886586032	0	1
86.8409915711247	72.1892638335906	0	1
87.1415440186259	72.1923390085779	0	1
87.4420964662287	72.1954141825757	0	1
87.7426489137299	72.1984893576212	0	1
88.0432013613328	72.2015645326085	0	1
88.343753808834	72.2046397075958	0	1
88.6443062564224	72.207714882583	0	1
88.9448587040253	72.2107900576287	0	1
89.2454111515265	72.2138652316264	0	1
89.5459635990275	72.2169404066138	0	1
89.8465160466306	72.2200155816011	0	1
90.1470684942335	72.2230907565883	0	1
90.4476209417346	72.2261659315757	0	1
90.748173389323	72.2292411056317	0	1
91.0487258368241	72.232316280619	0	1
91.349278284427	72.2353914556062	0	1
91.6498307319281	72.2384666305936	0	1
91.9503831795311	72.241541805581	0	1
92.2509356270322	72.2446169806265	0	1
92.5514880746352	72.2476921546243	0	1
92.8520405221363	72.2507673296115	0	1
93.1525929697248	72.2538425045989	0	1
93.4531454172259	72.2569176795862	0	1
93.7536978648289	72.2599928546317	0	1
94.05425031233	72.263068029619	0	1
94.3548027599329	72.2661432036168	0	1
94.655355207434	72.2692183786042	0	1
94.9559076550225	72.2722935535915	0	1
95.2564601025235	72.2753687285788	0	1
95.5570125501264	72.2784439036243	0	1
95.8575649976275	72.2815190776221	0	1
96.1581174452305	72.2845942526094	0	1
96.4586698927316	72.2876694275967	0	1
96.7592223403346	72.2907446025841	0	1
97.059774787923	72.2938197776296	0	1
97.3603272354242	72.2968949526169	0	1
97.6608796830271	72.2999701266147	0	1
97.9614321305283	72.303045301602	0	1
98.2619845781311	72.3061204765893	0	1
98.5625370256323	72.3091956515766	0	1
98.8630894732352	72.3122708266222	0	1
99.1636419207364	72.3153460016095	0	1
99.4641943683248	72.3184211756073	0	1
99.7647468158258	72.3214963505946	0	1
100.065299263429	72.3245715255819	0	1
100.36585171093	72.3276467006274	0	1
100.666404158533	72.3307218756147	0	1
100.966956606034	72.3337970496125	0	1
101.267509053622	72.3368722245998	0	1
101.568061501225	72.3399473995871	0	1
101.868613948726	72.3430225745744	0	1
102.169166396227	72.34609774962	0	1
102.46971884383	72.3491729246073	0	1
102.770271291331	72.3522480995946	0	1
103.070823738934	72.3553232735924	0	1
103.371376186523	72.3583984485796	0	1
103.671928634024	72.3614736236252	0	1
103.972481081627	72.3645487986126	0	1
104.273033529128	72.3676239735998	0	1
104.573585976731	72.3706991475976	0	1
104.874138424232	72.3737743225849	0	1
105.174690871835	72.3768494976305	0	1
105.475243319336	72.3799246726178	0	1
105.775795766925	72.382999847605	0	1
106.076348214426	72.3860750225925	0	1
106.376900662029	72.3891501965902	0	1
106.67745310953	72.3922253715776	0	1
106.978005557133	72.395300546623	0	1
107.278558004634	72.3983757216103	0	1
107.579110452222	72.4014508965977	0	1
107.879662899825	72.404526071585	0	1
108.180215347326	72.4076012455828	0	1
108.480767794827	72.4106764206282	0	1
108.78132024243	72.4137515956157	0	1
109.081872689931	72.416826770603	0	1
109.382425137534	72.4199019455903	0	1
109.682977585123	72.4229771195881	0	1
109.983530032624	72.4260522945754	0	1
110.284082480227	72.4291274696209	0	1
110.584634927728	72.4322026446082	0	1
110.885187375331	72.4352778195955	0	1
111.185739822832	72.4383529945829	0	1
111.486292270435	72.4414281685806	0	1
111.786844717936	72.4445033436262	0	1
112.087397165525	72.4475785186135	0	1
112.387949613026	72.4506536936008	0	1
112.688502060629	72.4537288685881	0	1
112.994388506734	72.4185834526054	1	1
113.293305108325	72.4514686056266	1	1
113.593628091928	72.4669176686059	1	1
113.89434125973	72.4648783655923	1	1
114.194427093434	72.4453575965802	1	1
114.492870197632	72.4084214145753	1	1
114.788660735431	72.3541947985853	1	1
115.080797845135	72.2828612366195	1	1
115.368293027234	72.1946620965812	1	1
115.650173489224	72.0898958175879	1	1
115.925485436631	71.9689168945972	1	1
116.193297301027	71.8321346835785	1	1
116.452702891926	71.6800120116298	1	1
116.702824462832	71.5130636125889	1	1
116.942815681527	71.3318543886037	1	1
117.171864493722	71.1369974935863	1	1
117.389195870827	70.9291522606129	1	1
117.594074432026	70.7090219736186	1	1
117.785806933433	70.4773514836182	1	1
117.96374461263	70.2349246905854	0	1
118.127285385127	69.9825618886009	0	1
118.275875880427	69.7211169945861	0	1
118.409013315629	69.4514746546249	0	1
118.526247195624	69.1745472536043	0	1
118.627180838027	68.891271825609	0	1
118.711472715427	68.6026068866106	0	1
118.778837610823	68.3095291846168	0	1
118.829047582622	68.0130304045945	0	1
118.861932736328	67.7141138026111	0	1
118.867424350829	67.3555129005893	0	1
118.871636850833	67.0554962345834	0	1
118.875849350822	66.7554795675881	0	1
118.8800625	66.4554166669841	0	1
118.884275000004	66.1553999999887	0	1
118.888487499993	65.8553833329934	0	1
118.892699999997	65.5553666669875	0	1
118.8969125	65.2553499999922	0	1
118.901125000004	64.9553333329968	0	1
118.905337499993	64.655316666991	0	1
118.909549999997	64.3552999999956	0	1
118.9137625	64.0552833330003	0	1
118.917975000004	63.7552666669944	0	1
118.922187499993	63.4552499999991	0	1
118.926399999997	63.1552333330037	0	1
118.9306125	62.8552166669979	0	1
118.934825000004	62.5552000000025	0	1
118.939037499993	62.2551833330072	0	1
118.943249999997	61.9551666670013	0	1
118.9474625	61.655150000006	0	1
118.951675000004	61.3551333330106	0	1
118.955887499993	61.0551166670048	0	1
118.960099999997	60.7551000000094	0	1
118.9643125	60.455083333014	0	1
118.968525000004	60.1550666670082	0	1
118.972737499993	59.8550500000129	0	1
118.976949999997	59.5550333330175	0	1
118.9811625	59.2550166670117	0	1
118.985375000004	58.9550000000163	0	1
118.989587499993	58.6549833330209	0	1
118.993799999997	58.3549666670151	0	1
118.9980125	58.0549500000197	0	1
119.002225000004	57.7549333330244	0	1
119.006437499993	57.4549166670186	0	1
119.010649999997	57.1549000000232	0	1
119.0148625	56.8548833330278	0	1
119.019075000004	56.554866667022	0	1
119.023287499993	56.2548500000266	0	1
119.027499999997	55.9548333329731	0	1
119.0317125	55.6548166670254	0	1
119.035925000004	55.3547999999719	0	1
119.040137499993	55.0547833329765	0	1
119.044349999996	54.7547666670289	0	1
119.0485625	54.4547499999753	0	1
119.052775000004	54.15473333298	0	1
119.056987499993	53.8547166669741	0	1
119.061199999996	53.5546999999788	0	1
119.0654125	53.2546833329834	0	1
119.069625000004	52.9546666669776	0	1
119.073837499993	52.6546499999822	0	1
119.078049999996	52.3546333329869	0	1
119.0822625	52.054616666981	0	1
119.086475000004	51.7545999999857	0	1
119.090687499993	51.4545833329903	0	1
119.094899999996	51.1545666669845	0	1
119.0991125	50.8545499999891	0	1
119.103325000004	50.5545333329937	0	1
119.107537499993	50.2545166669879	0	1
119.111749999996	49.9544999999925	0	1
119.1159625	49.6544833329972	0	1
119.120175000004	49.3544666669914	0	1
119.124387499993	49.054449999996	0	1
119.128599999996	48.7544333330006	0	1
119.1328125	48.4544166669948	0	1
119.137025000004	48.1543999999994	0	1
119.141237500007	47.8543833330041	0	1
119.145449999996	47.5543666669982	0	1
119.1496625	47.2543500000029	0	1
119.153875000004	46.9543333330075	0	1
119.158087500007	46.6543166670017	0	1
119.162299999996	46.3543000000063	0	1
119.1665125	46.054283333011	0	1
119.170725000004	45.7542666670051	0	1
119.174937500007	45.4542500000098	0	1
119.179149999996	45.1542333330144	0	1
119.1833625	44.8542166670086	0	1
119.187575000004	44.5542000000132	0	1
119.191787500007	44.2541833330179	0	1
119.195999999996	43.954166667012	0	1
119.2002125	43.6541500000167	0	1
119.204425000004	43.3541333330213	0	1
119.208637500007	43.0541166670155	0	1
119.212849999996	42.7541000000201	0	1
119.2170625	42.4540833330248	0	1
119.221275000004	42.1540666670189	0	1
119.225487500007	41.8540500000236	0	1
119.229699999996	41.5540333330282	0	1
119.2339125	41.2540166670224	0	1
119.238125000003	40.954000000027	0	1
119.242337500007	40.6539833329734	0	1
119.246549999996	40.3539666670258	0	1
119.2507625	40.0539499999722	0	1
119.254975000003	39.7539333329769	0	1
119.259187500007	39.4539166669711	0	1
119.263399999996	39.1538999999757	0	1
119.2676125	38.8538833329803	0	1
119.271825000003	38.5538666669745	0	1
119.276037500007	38.2538499999791	0	1
119.280249999996	37.9538333329838	0	1
119.2844625	37.6538166669779	0	1
119.288675000003	37.3537999999826	0	1
119.292887500007	37.0537833329872	0	1
119.297099999996	36.7537666669814	0	1
119.3013125	36.453749999986	0	1
119.305525000003	36.1537333329907	2	1
119.309737500007	35.8537166669848	2	1
119.313949999996	35.5536999999895	2	1
119.3181625	35.2536833329941	2	1
119.322375000003	34.9536666669883	2	1
119.326587500007	34.6536499999929	2	1
119.330799999996	34.3536333329976	2	1
119.3350125	34.0536166669917	2	1
119.339225000003	33.7535999999964	2	1
119.343437500007	33.453583333001	2	1
119.347649999996	33.1535666669952	2	1
119.3518625	32.8535499999998	2	1
119.356075000003	32.5535333330045	2	1
119.360287500007	32.2535166669986	2	1
119.364499999996	31.9535000000033	2	1
119.408076923093	31.6412307689898	2	1
119.451653846205	31.3289615379763	2	1
119.4952307692	31.0166923080105	2	1
119.538807692297	30.704423076997	2	1
119.582384615394	30.3921538459836	2	1
119.625961538506	30.0798846150283	2	1
119.669538461501	29.7676153850043	2	1
119.713115384598	29.4553461539908	2	1
119.756692307696	29.1430769229773	2	1
119.812888304907	28.83161048498	2	1
119.837793567902	28.5311010769801	2	1
119.874190886796	28.2317661269917	2	1
119.922026843502	27.9340449530282	2	1
119.981231232203	27.6383744989871	2	1
120.051717162205	27.3451887040283	2	1
120.133381185704	27.0549178589717	2	1
120.226103449502	26.7679879749776	2	1
120.329747870899	26.4848201610148	2	1
120.4441623374	26.2058300059871	2	1
120.569178929902	25.9314269670285	2	1
120.704614169503	25.6620137660066	2	1
120.850269286297	25.3979858059902	1	1
121.005930511106	25.1397305839928	1	1
121.171369389805	24.8876271250192	1	1
121.346343117999	24.6420454260078	1	1
121.530594897602	24.4033459110069	1	1
121.723854313706	24.1718789049773	1	1
121.925837731396	23.9479841180146	1	1
122.136248712297	23.7319901469746	1	1
122.354778449095	23.5242139910115	1	1
122.581106219499	23.3249605920282	1	1
122.814899856094	23.1345223819953	0	1
123.055816234599	22.9531788529712	0	1
123.303501777002	22.7811961540137	0	1
123.557592970494	22.6188266929821	0	1
123.817716901394	22.4663087690133	0	1
124.083491801794	22.3238662229851	0	1
124.354527610398	22.1917081089923	0	1
124.6304265449	22.0700283870101	0	1
124.910783685496	21.9590056400048	0	1
125.195187569494	21.8588028089725	0	1
125.366999999998	21.7679999999818	0	1
125.661815789499	21.6998157890048	0	1
125.956631578898	21.6316315790173	0	1
126.251447368399	21.563447367982	0	1
126.546263157899	21.4952631579945	0	1
126.8410789474	21.4270789470174	0	1
127.135894736799	21.3588947369717	0	1
127.4307105263	21.2907105259947	0	1
127.7255263158	21.2225263160071	0	1
128.020342105301	21.1543421049719	0	1
128.3151578947	21.0861578949844	0	1
128.609973684201	21.0179736840073	0	1
128.904789473701	20.9497894740198	0	1
129.199605263202	20.8816052629845	0	1
129.494421052601	20.813421052997	0	1
129.789236842102	20.7452368420199	0	1
130.084052631602	20.6770526319742	0	1
130.378868421103	20.6088684209972	0	1
130.673684210502	20.5406842100201	0	1
130.968500000003	20.4724999999744	0	1
131.271052884593	20.476831730979	0	1
131.573605769197	20.4811634619837	0	1
131.876158653802	20.4854951919988	0	1
132.178711538494	20.4898269230034	0	1
132.481264423099	20.4941586540081	0	1
132.783817307703	20.4984903850127	0	1
133.086370192294	20.5028221150278	0	1
133.388923076898	20.5071538459742	0	1
133.691475961503	20.5114855769789	0	1
133.994028846195	20.5158173079835	0	1
134.2965817308	20.5201490379986	0	1
134.599134615404	20.5244807690033	0	1
134.901687499994	20.5288125000079	0	1
135.204240384599	20.5331442310126	0	1
135.506793269204	20.5374759610277	0	1
135.809346153896	20.5418076919741	0	1
136.1118990385	20.5461394229787	0	1
136.414451923105	20.5504711539834	0	1
136.717004807695	20.554802884988	0	1
137.0195576923	20.5591346150031	0	1
137.322110576904	20.5634663460078	0	1
137.624663461494	20.5677980770124	0	1
137.927216346201	20.5721298080171	0	1
138.229769230806	20.576461537974	0	1
138.532322115396	20.5807932689786	0	1
138.834875	20.5851249999832	0	1
139.137427884605	20.5894567309879	0	1
139.439980769195	20.5937884619925	0	1
139.7425336538	20.5981201920076	0	1
140.045086538506	20.6024519230123	0	1
140.347639423097	20.6067836540169	0	1
140.650192307701	20.6111153850215	0	1
140.952745192306	20.6154471149785	0	1
141.255298076896	20.6197788459831	0	1
141.557850961501	20.6241105769877	0	1
141.860403846207	20.6284423079924	0	1
142.162956730797	20.6327740380075	0	1
142.465509615402	20.6371057690121	0	1
142.768062500007	20.6414375000168	0	1
143.070615384597	20.6457692310214	0	1
143.373168269201	20.650100962026	0	1
143.675721153806	20.6544326919829	0	1
143.978274038498	20.6587644229876	0	1
144.280826923103	20.6630961539922	0	1
144.583379807693	20.6674278849969	0	1
144.885932692298	20.671759615012	0	1
145.188485576902	20.6760913460166	0	1
145.491038461507	20.6804230770213	0	1
145.793591346199	20.6847548080259	0	1
146.096144230803	20.6890865389723	0	1
146.398697115394	20.6934182689874	0	1
146.701249999998	20.6977499999921	0	1
147.003802884603	20.7020817309967	0	1
147.306355769193	20.7064134620014	0	1
147.608908653798	20.7107451920165	0	1
147.911461538504	20.7150769230211	0	1
148.214014423094	20.7194086540258	0	1
148.516567307699	20.7237403849722	0	1
148.819120192304	20.7280721149873	0	1
149.121673076894	20.7324038459919	0	1
149.424225961498	20.7367355769966	0	1
149.726778846103	20.7410673080012	0	1
150.029331730795	20.7453990380163	0	1
150.3318846154	20.749730769021	0	1
150.634437500004	20.7540625000256	0	1
150.936990384595	20.758394230972	0	1
151.239543269199	20.7627259619767	0	1
151.542096153804	20.7670576919918	0	1
151.844649038496	20.7713894229964	0	1
152.147201923101	20.7757211540011	0	1
152.449754807705	20.7800528850057	0	1
152.752307692295	20.7843846150208	0	1
153.0548605769	20.7887163460255	0	1
153.357413461505	20.7930480769719	0	1
153.659966346197	20.7973798079765	0	1
153.962519230801	20.8017115379917	0	1
154.265072115406	20.8060432689963	0	1
154.567624999996	20.8103750000009	0	1
154.870177884601	20.8147067310056	0	1
155.172730769205	20.8190384620102	0	1
155.475283653795	20.8233701920253	0	1
155.777836538502	20.8277019229718	0	1
156.080389423107	20.8320336539764	0	1
156.382942307697	20.836365384981	0	1
156.685495192301	20.8406971149961	0	1
156.988048076906	20.8450288460008	0	1
157.290600961496	20.8493605770054	0	1
157.593153846101	20.8536923080101	0	1
157.895706730793	20.8580240380252	0	1
158.198259615398	20.8623557689716	0	1
158.500812500002	20.8666874999763	0	1
158.803365384607	20.8710192309809	0	1
159.105918269197	20.8753509619855	0	1
159.408471153802	20.8796826920006	0	1
159.711024038494	20.8840144230053	0	1
160.013576923098	20.8883461540099	0	1
160.316129807703	20.8926778850146	0	1
160.618682692293	20.8970096149715	0	1
160.921235576898	20.9013413459761	0	1
161.223788461502	20.9056730769807	2	1
161.526341346194	20.9100048079854	2	1
161.828894230799	20.9143365380005	2	1
162.131447115404	20.9186682690051	2	1
162.433999999994	20.9230000000098	2	1
162.730588235296	20.9822647059918	2	1
163.027176470598	21.0415294119739	2	1
163.3237647059	21.1007941180142	2	1
163.620352941201	21.1600588239962	2	1
163.916941176503	21.2193235289888	2	1
164.213529411805	21.278588235029	2	1
164.510117647107	21.3378529410111	2	1
164.806705882307	21.3971176469931	2	1
165.103294117594	21.4563823529752	2	1
165.399882352896	21.5156470590155	2	1
165.696470588198	21.5749117649975	2	1
165.9930588235	21.6341764709796	2	1
166.289647058802	21.6934411759721	2	1
166.586235294104	21.7527058820124	2	1
166.882823529406	21.8119705879944	2	1
167.179411764693	21.8712352939765	2	1
167.475999999995	21.9305000000168	2	1
167.778306818203	21.9366590909776	2	1
168.080613636397	21.9428181819967	2	1
168.382920454504	21.9489772730158	2	1
168.685227272697	21.9551363639766	2	1
168.987534090906	21.9612954549957	2	1
169.289840909099	21.9674545450252	2	1
169.592147727293	21.9736136359861	2	1
169.894454545502	21.9797727270052	2	1
170.196761363593	21.9859318180243	2	1
170.499068181802	21.9920909089851	2	1
170.801374999995	21.9982500000042	2	1
171.103681818204	22.0044090910233	2	1
171.405988636398	22.0105681819841	2	1
171.708295454504	22.0167272730032	2	1
172.010602272698	22.0228863640223	2	1
172.312909090906	22.0290454549831	2	1
172.6152159091	22.0352045450127	2	1
172.917522727294	22.0413636359735	2	1
173.2198295454	22.0475227269926	2	1
173.522136363594	22.0536818180117	2	1
173.824443181802	22.0598409089725	2	1
174.126749999996	22.0659999999916	2	1
174.429056818204	22.0721590910107	2	1
174.731363636398	22.0783181819716	2	1
175.033670454504	22.0844772729906	0	1
175.335977272698	22.0906363640097	0	1
175.638284090906	22.0967954550288	0	1
175.9405909091	22.1029545450001	0	1
176.242897727294	22.1091136360192	0	1
176.545204545502	22.11527272698	0	1
176.847511363594	22.1214318179991	0	1
177.149818181802	22.1275909090182	0	1
177.452124999996	22.133749999979	0	1
177.754431818204	22.1399090909981	0	1
178.056738636398	22.1460681820172	0	1
178.359045454505	22.1522272729781	0	1
178.661352272698	22.1583863639971	0	1
178.963659090907	22.1645454550162	0	1
179.2659659091	22.1707045449875	0	1
179.568272727294	22.1768636360066	0	1
179.880371122301	22.1359446800197	1	1
180.178358945603	22.1838907750207	1	1
180.479472129999	22.2045407400001	1	1
180.781215556693	22.1977234630031	1	1
181.081088884806	22.1634954339825	1	1
181.376607269296	22.1021402769838	1	1
181.665321951907	22.0141664010007	1	1
181.944840551805	21.9003027849831	1	1
182.212846889903	21.7614929379779	1	1
182.467120181202	21.5988870830042	1	1
182.690782560908	21.4092821260697	1	1
182.9107891645	21.2045335677772	1	1
183.121318986776	20.9900526323085	1	1
183.321941927372	20.766277491925	1	1
183.512248125117	20.5336653064163	1	1
183.691848795352	20.2926912891485	1	1
183.860377024199	20.0438477362312	1	1
184.017488518145	19.7876430207842	1	1
184.162862307409	19.5246005543606	1	1
184.301698618001	19.2585620870232	1	1
184.433383235402	18.9889111359953	1	1
184.558194601501	18.7160107939853	1	1
184.676052606097	18.4400362209999	1	1
184.786881602195	18.1611645530211	1	1
184.890610454197	17.8795747819822	1	1
184.987172583802	17.5954476459883	1	1
185.076506012701	17.3089655140066	1	1
185.158553402303	17.0203122620005	1	1
185.233262090405	16.7296731629758	1	1
185.300584125507	16.4372347629978	1	1
185.360476296803	16.1431847650092	1	1
185.412900162599	15.8477119029849	1	1
185.457822074706	15.551005826972	1	1
185.495213200003	15.2532569770119	1	1
185.525049539006	14.954656463	1	1
185.547311941307	14.6553959419834	1	1
185.561986117798	14.3556674940046	1	1
185.569062649796	14.0556634999812	1	1
185.568536995299	13.7555765170255	1	1
185.560409491605	13.455599154986	1	1
185.544685355504	13.1559239550261	1	1
185.521374679403	12.8567432630225	1	1
185.490492425306	12.5582491090172	1	1
185.4520584149	12.2606330799754	1	1
185.4060973171	11.9640862009837	1	1
185.352638632001	11.6687988099875	1	1
185.291716672102	11.3749604389886	1	1
185.223370539898	11.0827596849995	1	1
185.147644103505	10.792384099972	1	1
185.064585967906	10.5040200590156	1	1
184.974249443796	10.2178526499774	1	1
184.876692513601	9.93406554701505	1	1
184.801883308697	9.64028051501373	1	1
184.680001419896	9.36498006398324	1	1
184.547664210506	9.09455004299525	1	1
184.4050659036	8.82938734599156	1	1
184.252415781797	8.56988113501575	1	1
184.089937880301	8.31641227100044	1	1
183.917870657795	8.06935275602154	1	1
183.736466646602	7.82906518300297	1	1
183.545992082305	7.59590220701648	1	1
183.346726512405	7.37020602601115	0	1
183.138962386598	7.15230788197368	0	1
182.923004627504	6.94252757000504	0	1
182.699170182896	6.74117297097109	0	1
182.467787560701	6.54853960097535	0	1
182.2291963467	6.36491017602384	0	1
181.983746706595	6.19055419700453	0	1
181.731798871406	6.0257275570184	0	1
181.473722609298	5.87067216000287	0	1
181.209896682994	5.7256155720097	0	1
180.940708293201	5.59077068301849	0	1
180.666552511204	5.46633539698087	0	1
180.387831698201	5.35249234101502	0	1
180.104954915601	5.24940859299386	0	1
179.818337324003	5.15723544498906	0	1
179.528399574294	5.07610817201203	0	1
179.23556719	5.00614583998686	0	1
178.940269943094	4.94745112897363	0	1
178.642941223094	4.90011018101359	0	1
178.344017400697	4.8641924749827	0	1
177.972775000002	4.84182500001043	0	1
177.670050000001	4.83514999999898	0	1
177.367324999999	4.82847499998752	0	1
177.064599999998	4.82179999997607	0	1
176.761874999997	4.81512500002282	0	1
176.459149999995	4.80845000001136	0	1
176.156424999994	4.80177499999991	0	1
175.853700000007	4.79509999998845	0	1
175.550975000006	4.788424999977	0	1
175.248250000004	4.78175000002375	0	1
174.945525000003	4.77507500001229	0	1
174.642800000001	4.76840000000084	0	1
174.340075	4.76172499998938	0	1
174.037349999999	4.75504999997793	0	1
173.734624999997	4.74837500002468	0	1
173.431899999996	4.74170000001322	0	1
173.129174999995	4.73502500000177	0	1
172.826449999993	4.72834999999031	0	1
172.523725000006	4.72167499997886	0	1
172.221000000005	4.71500000002561	0	1
171.913205882403	4.7654705879977	0	1
171.6054117647	4.81594117602799	0	1
171.297617647098	4.86641176498961	0	1
170.989823529395	4.9168823530199	0	1
170.682029411793	4.96735294099199	0	1
170.374235294104	5.01782352902228	0	1
170.066441176503	5.0682941179839	0	1
169.758647058799	5.11876470601419	0	1
169.450852941198	5.16923529398628	0	1
169.143058823494	5.21970588201657	0	1
168.835264705893	5.27017647097819	0	1
168.527470588204	5.32064705900848	0	1
168.219676470602	5.37111764698057	0	1
167.911882352899	5.42158823501086	0	1
167.604088235297	5.47205882397247	0	1
167.296294117696	5.52252941200277	0	1
166.988500000007	5.57299999997485	0	1
166.688419917904	5.57004209398292	0	1
166.388339835699	5.56708418898052	0	1
166.088259753597	5.56412628298858	0	1
165.788179671494	5.56116837798618	0	1
165.488099589304	5.55821047199424	0	1
165.188019507201	5.55525256699184	0	1
164.887939425098	5.55229466099991	0	1
164.587859342893	5.5493367559975	0	1
164.287779260805	5.54637885000557	0	1
163.987699178702	5.54342094500316	0	1
163.687619096498	5.54046303901123	0	1
163.387539014395	5.53750513301929	0	1
163.087458932205	5.53454722801689	0	1
162.787378850102	5.53158932202496	0	1
162.487298767999	5.52863141702255	0	1
162.187218685795	5.52567351097241	0	1
161.887138603706	5.52271560602821	0	1
161.587058521603	5.51975769997807	0	1
161.286978439399	5.51679979497567	0	1
160.986898357296	5.51384188898373	0	1
160.686818275193	5.51088398398133	0	1
160.386738193003	5.5079260779894	0	1
160.0866581109	5.50496817199746	0	1
159.786578028798	5.50201026699506	0	1
159.486497946593	5.49905236100312	0	1
159.186417864505	5.49609445600072	0	1
158.886337782402	5.49313655000878	0	1
158.586257700197	5.49017864500638	0	1
158.286177618094	5.48722073901445	0	1
157.986097535904	5.48426283401204	0	1
157.686017453801	5.48130492802011	0	1
157.385937371699	5.4783470230177	0	1
157.085857289494	5.47538911702577	0	1
156.785777207406	5.47243121097563	0	1
156.485697125303	5.46947330597322	0	1
156.185617043098	5.46651539998129	0	1
155.885536960996	5.46355749497889	0	1
155.585456878893	5.46059958898695	0	1
155.285376796703	5.45764168398455	0	1
154.9852967146	5.45468377799261	0	1
154.685216632497	5.45172587299021	0	1
154.385136550307	5.44876796699828	0	1
154.085056468204	5.44581006199587	0	1
153.784976385999	5.44285215600394	0	1
153.484896303897	5.43989425100153	0	1
153.184816221794	5.4369363450096	0	1
152.884736139604	5.43397843901766	0	1
152.584656057501	5.43102053401526	0	1
152.284575975398	5.42806262802333	0	1
151.984495893194	5.42510472302092	0	1
151.684415811105	5.42214681702899	0	1
151.384335729002	5.41918891202658	0	1
151.084255646798	5.41623100597644	0	1
150.784175564695	5.41327310097404	0	1
150.484095482505	5.4103151949821	0	1
150.184015400402	5.4073572899797	0	1
149.883935318299	5.40439938398777	0	1
149.583855236095	5.40144147799583	0	1
149.283775154006	5.39848357299343	0	1
148.983695071904	5.39552566700149	0	1
148.683614989699	5.39256776199909	0	1
148.383534907596	5.38960985600716	0	1
148.083454825493	5.38665195100475	0	1
147.783374743303	5.38369404501282	0	1
147.4832946612	5.38073614001041	0	1
147.183214579098	5.37777823401848	0	1
146.883134496893	5.37482032802654	0	1
146.583054414805	5.37186242302414	0	1
146.282974332702	5.368904516974	0	1
145.982894250497	5.36594661197159	0	1
145.682814168395	5.36298870597966	0	1
145.382734086204	5.36003080097726	0	1
145.082654004102	5.35707289498532	0	1
144.782573921999	5.35411498998292	0	1
144.482493839794	5.35115708399098	0	1
144.182413757706	5.34819917898858	0	1
143.882333675603	5.34524127299665	0	1
143.582253593398	5.34228336799424	0	1
143.282173511296	5.33932546200231	0	1
142.982093429193	5.33636755601037	0	1
142.682013347003	5.33340965100797	0	1
142.3819332649	5.33045174501603	0	1
142.081853182797	5.32749384001363	0	1
141.781773100607	5.3245359340217	0	1
141.481693018504	5.32157802901929	0	1
141.181612936402	5.31862012302736	0	1
140.881532854197	5.31566221802495	0	1
140.581452772094	5.31270431197481	0	1
140.281372689904	5.30974640697241	0	1
139.981292607801	5.30678850098047	0	1
139.681212525698	5.30383059498854	0	1
139.381132443494	5.30087268998614	0	1
139.081052361405	5.2979147839942	0	1
138.780972279303	5.2949568789918	0	1
138.480892197098	5.29199897299986	0	1
138.180812114995	5.28904106799746	0	1
137.880732032907	5.28608316200553	0	1
137.580651950702	5.28312525700312	0	1
137.2805718686	5.28016735101119	0	1
136.980491786497	5.27720944600878	0	1
136.680411704307	5.27425154001685	0	1
136.380331622204	5.27129363402491	0	1
136.080251539999	5.26833572902251	0	1
135.780171457896	5.26537782297237	0	1
135.480091375794	5.26241991802817	0	1
135.180011293603	5.25946201197803	0	1
134.879931211501	5.25650410697563	0	1
134.579851129398	5.25354620098369	0	1
134.279771047193	5.25058829598129	0	1
133.979690965105	5.24763038998935	0	1
133.679610883002	5.24467248498695	0	1
133.379530800798	5.24171457899502	0	1
133.079450718695	5.23875667399261	0	1
132.779370636606	5.23579876800068	0	1
132.479290554402	5.23284086200874	0	1
132.179210472299	5.22988295700634	0	1
131.879130390094	5.2269250510144	0	1
131.579050308006	5.223967146012	0	1
131.278970225903	5.22100924002007	0	1
130.978890143699	5.21805133501766	0	1
130.678810061596	5.21509342902573	0	1
130.378729979493	5.21213552402332	0	1
130.078649897303	5.20917761797318	0	1
129.7785698152	5.20621971302899	0	1
129.478489733097	5.20326180697884	0	1
129.178409650907	5.20030390098691	0	1
128.878329568804	5.19734599598451	0	1
128.578249486702	5.19438808999257	0	1
128.278169404497	5.19143018499017	0	1
127.978089322394	5.18847227899823	0	1
127.678009240204	5.18551437399583	0	1
127.377929158101	5.1825564680039	0	1
127.077849075999	5.17959856300149	0	1
126.777768993794	5.17664065700956	0	1
126.477688911706	5.17368275101762	0	1
126.177608829603	5.17072484601522	0	1
125.877528747398	5.16776694002328	0	1
125.577448665295	5.16480903502088	0	1
125.277368583207	5.16185112902895	0	1
124.977288501002	5.15889322402654	0	1
124.6772084189	5.1559353179764	0	1
124.377128336797	5.152977412974	0	1
124.077048254607	5.15001950698206	0	1
123.776968172504	5.14706160197966	0	1
123.476888090401	5.14410369598772	0	1
123.176808008197	5.14114579098532	0	1
122.876727926094	5.13818788499339	0	1
122.576647843904	5.13522997900145	0	1
122.276567761801	5.13227207399905	0	1
121.976487679698	5.12931416800711	0	1
121.676407597493	5.12635626300471	0	1
121.376327515405	5.12339835701277	0	1
121.076247433302	5.12044045201037	0	1
120.776167351098	5.11748254601844	0	1
120.476087268995	5.11452464101603	0	1
120.176007186907	5.1115667350241	0	1
119.875927104702	5.10860883002169	0	1
119.575847022599	5.10565092397155	0	1
119.275766940496	5.10269301902736	0	1
118.975686858306	5.09973511297721	0	1
118.675606776203	5.09677720698528	0	1
118.375526693999	5.09381930198288	0	1
118.075446611896	5.09086139599094	0	1
117.775366529793	5.08790349098854	0	1
117.475286447603	5.0849455849966	0	1
117.1752063655	5.0819876799942	0	1
116.875126283398	5.07902977400227	0	1
116.575046201193	5.07607186899986	0	1
116.274966119105	5.07311396300793	0	1
115.974886037002	5.07015605701599	0	1
115.674805954797	5.06719815201359	0	1
115.374725872694	5.06424024602165	0	1
115.074645790606	5.06128234101925	0	1
114.774565708401	5.05832443502732	0	1
114.474485626299	5.05536653002491	0	1
114.174405544196	5.05240862397477	0	1
113.874325462006	5.04945071897237	0	1
113.574245379903	5.04649281298043	0	1
113.274165297698	5.04353490797803	0	1
112.974085215596	5.04057700198609	0	1
112.674005133493	5.03761909599416	0	1
112.373925051303	5.03466119099176	0	1
112.0738449692	5.03170328499982	0	1
111.773764887097	5.02874537999742	0	1
111.473684804907	5.02578747400548	0	1
111.173604722804	5.02282956900308	0	1
110.873524640701	5.01987166301114	0	1
110.573444558497	5.01691375800874	0	1
110.273364476394	5.01395585201681	0	1
109.973284394204	5.0109979470144	0	1
109.673204312101	5.00804004102247	0	1
109.373124229998	5.00508213497233	0	1
109.073044147895	5.00212423002813	0	1
108.772964065705	4.99916632397799	0	1
108.472883983603	4.99620841897558	0	1
108.172803901398	4.99325051298365	0	1
107.872723819295	4.99029260798125	0	1
107.572643737207	4.98733470198931	0	1
107.272563655002	4.98437679698691	0	1
106.972483572899	4.98141889099497	0	1
106.672403490797	4.97846098599257	0	1
106.372323408606	4.97550308000064	0	1
106.072243326504	4.97254517499823	0	1
105.772163244401	4.9695872690063	0	1
105.472083162196	4.96662936301436	0	1
105.172003080093	4.96367145801196	0	1
104.871922997903	4.96071355202002	0	1
104.571842915801	4.95775564701762	0	1
104.271762833698	4.95479774102569	0	1
103.971682751595	4.95183983602328	0	1
103.671602669405	4.94888192997314	0	1
103.371522587302	4.94592402502894	0	1
103.071442505097	4.9429661189788	0	1
102.771362422995	4.9400082139764	0	1
102.471282340906	4.93705030798446	0	1
102.171202258702	4.93409240199253	0	1
101.871122176599	4.93113449699013	0	1
101.571042094496	4.92817659099819	0	1
101.270962012306	4.92521868599579	0	1
100.970881930203	4.92226078000385	0	1
100.6708018481	4.91930287500145	0	1
100.370721765896	4.91634496900951	0	1
100.070641683793	4.91338706400711	0	1
99.7705616016028	4.91042915801518	0	1
99.4704815195	4.90747125301277	0	1
99.1704014373972	4.90451334702084	0	1
98.8703213552071	4.9015554410289	0	1
98.5702412731043	4.8985975360265	0	1
98.2701611910015	4.89563962997636	0	1
97.9700811087969	4.89268172497395	0	1
97.6700010266941	4.88972381898202	0	1
97.3699209446058	4.88676591397962	0	1
97.0698408624012	4.88380800798768	0	1
96.7697607802984	4.88085010298528	0	1
96.4696806981956	4.87789219699334	0	1
96.1696006160055	4.87493429199094	0	1
95.8695205339027	4.87197638599901	0	1
95.569440451698	4.86901848000707	0	1
95.2693603695952	4.86606057500467	0	1
94.969280287507	4.86310266901273	0	1
94.6692002053023	4.86014476401033	0	1
94.3691201231995	4.85718685801839	0	1
94.0690400410967	4.85422895301599	0	1
93.7689599589066	4.85127104702406	0	1
93.4688798768038	4.84831314202165	0	1
93.168799794701	4.84535523597151	0	1
92.8687197124964	4.84239733102731	0	1
92.5686396303936	4.83943942497717	0	1
92.2685595482035	4.83648151997477	0	1
91.9684794661007	4.83352361398283	0	1
91.6683993839979	4.8305657079909	0	1
91.3683193018951	4.8276078029885	0	1
91.068239219705	4.82464989699656	0	1
90.7681591376022	4.82169199199416	0	1
90.4680790553975	4.81873408600222	0	1
90.1679989732947	4.81577618099982	0	1
89.8679188912065	4.81281827500788	0	1
89.5678388090018	4.80986037000548	0	1
89.267758726899	4.80690246401355	0	1
88.9676786447963	4.80394455802161	0	1
88.6675985626061	4.80098665301921	0	1
88.3675184805033	4.79802874702727	0	1
88.0674383984006	4.79507084202487	0	1
87.7673583161959	4.79211293597473	0	1
87.4672782340931	4.78915503097232	0	1
87.1671981520049	4.78619712498039	0	1
86.8671180698002	4.78323921997799	0	1
86.5670379876974	4.78028131398605	0	1
86.2669579055946	4.77732340898365	0	1
85.9668778234045	4.77436550299171	0	1
85.6667977413017	4.77140759798931	0	1
85.366717659097	4.76844969199738	0	1
85.0666375769943	4.76549178600544	0	1
84.766557494906	4.76253388100304	0	1
84.4664774127014	4.7595759750111	0	1
84.1663973305986	4.7566180700087	0	1
83.8663172484958	4.75366016401676	0	1
83.5662371663057	4.75070225901436	0	1
83.2661570842029	4.74774435302243	0	1
82.9660770021001	4.74478644802002	0	1
82.6659969198954	4.74182854202809	0	1
82.3659168378072	4.73887063702568	0	1
82.0658367556025	4.73591273097554	0	1
81.7657566734997	4.73295482597314	0	1
81.4656765913969	4.7299969199812	0	1
81.1655965092068	4.72703901398927	0	1
80.865516427104	4.72408110898687	0	1
80.5654363450012	4.72112320299493	0	1
80.2653562627966	4.71816529799253	0	1
79.9652761806938	4.71520739200059	0	1
79.6651960986055	4.71224948699819	0	1
79.3651160164009	4.70929158100626	0	1
79.0650359342981	4.70633367600385	0	1
78.7649558521953	4.70337577001192	0	1
78.4648757700052	4.70041786401998	0	1
78.1647956879024	4.69745995901758	0	1
77.8647156056977	4.69450205302564	0	1
77.5646355235949	4.69154414802324	0	1
77.2645554415067	4.6885862419731	0	1
76.964475359302	4.6856283370289	0	1
76.6643952771992	4.68267043097876	0	1
76.3643151950964	4.67971252597636	0	1
76.0642351129063	4.67675461998442	0	1
75.7641550308035	4.67379671498202	0	1
75.4640749487007	4.67083880899008	0	1
75.1639948664961	4.66788090299815	0	1
74.8639147843933	4.66492299799575	0	1
74.563834702305	4.66196509200381	0	1
74.2637546201004	4.65900718700141	0	1
73.9636745379976	4.65604928100947	0	1
73.6635944558948	4.65309137600707	0	1
73.3635143737047	4.65013347001513	0	1
73.0634342916019	4.64717556501273	0	1
72.7633542094991	4.6442176590208	0	1
72.4632741272944	4.64125975401839	0	1
72.1631940452062	4.63830184802646	0	1
71.8631139630015	4.63534394302405	0	1
71.5630338808987	4.63238603697391	0	1
71.2629537987959	4.62942813098198	0	1
70.9628737166058	4.62647022597957	0	1
70.662793634503	4.62351231998764	0	1
70.3627135524002	4.62055441498524	0	1
70.0626334701956	4.6175965089933	0	1
69.7625533880928	4.6146386039909	0	1
69.4624733060045	4.61168069799896	0	1
69.1623932237999	4.60872279299656	0	1
68.8623131416971	4.60576488700463	0	1
68.5622330595943	4.60280698200222	0	1
68.2621529774042	4.59984907601029	0	1
67.9620728953014	4.59689117001835	0	1
67.6619928130967	4.59393326501595	0	1
67.3619127309939	4.59097535902401	0	1
67.0618326489057	4.58801745402161	0	1
66.761752566701	4.58505954797147	0	1
66.4616724845982	4.58210164302727	0	1
66.1615924024954	4.57914373697713	0	1
65.8615123203053	4.57618583197473	0	1
65.5614322382025	4.57322792598279	0	1
65.2613521560997	4.57027002098039	0	1
64.9612720738951	4.56731211498845	0	1
64.6611919918068	4.56435420899652	0	1
64.3611119096022	4.56139630399412	0	1
64.0610318274994	4.55843839800218	0	1
63.7609517453966	4.55548049299978	0	1
63.4608716632065	4.55252258700784	0	1
63.1607915811037	4.54956468200544	0	1
62.8607114990009	4.5466067760135	0	1
62.5606314167962	4.5436488710111	0	1
62.2605513346934	4.54069096501917	0	1
61.9604712526052	4.53773306001676	0	1
61.6603911704005	4.53477515402483	0	1
61.3603110882977	4.53181724797469	0	1
61.060231006195	4.52885934297228	0	1
60.7601509240048	4.52590143698035	0	1
60.4600708419021	4.52294353197794	0	1
60.1599907597993	4.51998562598601	0	1
59.8599106775946	4.51702772098361	0	1
59.5598305955064	4.51406981499167	0	1
59.2597505133017	4.51111190998927	0	1
58.9596704311989	4.50815400399733	0	1
58.6595903490961	4.50519609899493	0	1
58.359510266906	4.502238193003	0	1
58.0594301848032	4.49928028701106	0	1
57.7593501027004	4.49632238200866	0	1
57.4592700204958	4.49336447601672	0	1
57.159189938393	4.49040657101432	0	1
56.8591098563047	4.48744866502238	0	1
56.5590297741001	4.48449076001998	0	1
56.2589496919973	4.48153285402805	0	1
55.9588696098945	4.47857494902564	0	1
55.6587895277044	4.4756170429755	0	1
55.3587094456016	4.4726591379731	0	1
55.0586293634988	4.46970123198116	0	1
54.7585492812941	4.46674332697876	0	1
54.4584691992059	4.46378542098682	0	1
54.1583891170012	4.46082751499489	0	1
53.8583090348984	4.45786960999249	0	1
53.5582289527956	4.45491170400055	0	1
53.2581488706055	4.45195379899815	0	1
52.9580687885027	4.44899589300621	0	1
52.6579887063999	4.44603798800381	0	1
52.3579086241953	4.44308008201187	0	1
52.057828542107	4.44012217700947	0	1
51.7577484600042	4.43716427101754	0	1
51.4576683777996	4.4342063650256	0	1
51.1575882956968	4.4312484600232	0	1
50.857508213594	4.42829055397306	0	1
50.5574281314039	4.42533264902886	0	1
50.2573480493011	4.42237474297872	0	1
49.9572679670964	4.41941683797631	0	1
49.6571878849936	4.41645893198438	0	1
49.3571078029054	4.41350102698198	0	1
49.0570277207007	4.41054312099004	0	1
48.7569476385979	4.40758521598764	0	1
48.4568675564951	4.4046273099957	0	1
48.156787474305	4.40166940400377	0	1
47.8567073922022	4.39871149900137	0	1
47.5566273100994	4.39575359300943	0	1
47.2565472278948	4.39279568800703	0	1
46.9564671458065	4.38983778201509	0	1
46.6563870637037	4.38687987701269	0	1
46.3563069814991	4.38392197102075	0	1
46.0562268993963	4.38096406601835	0	1
45.7561468172062	4.37800616002642	0	1
45.4560667351034	4.37504825502401	0	1
45.1559866530006	4.37209034897387	0	1
44.8559065707959	4.36913244397147	0	1
44.5558264886931	4.36617453797953	0	1
44.2557464066049	4.3632166319876	0	1
43.9556663244002	4.36025872698519	0	1
43.6555862422974	4.35730082099326	0	1
43.3555061601946	4.35434291599086	0	1
43.0554260780045	4.35138500999892	0	1
42.7553459959017	4.34842710499652	0	1
42.4552659137989	4.34546919900458	0	1
42.1551858315943	4.34251129400218	0	1
41.855105749506	4.33955338801024	0	1
41.5550256674032	4.33659548300784	0	1
41.2549455851986	4.33363757701591	0	1
40.9548655030958	4.33067967102397	0	1
40.6547854209057	4.32772176602157	0	1
40.3547053388029	4.32476385997143	0	1
40.0546252567001	4.32180595502723	0	1
39.7545451744954	4.31884804897709	0	1
39.4544650924072	4.31589014397468	0	1
39.1543850103044	4.31293223798275	0	1
38.8543049280997	4.30997433298035	0	1
38.5542248459969	4.30701642698841	0	1
38.2541447638941	4.30405852198601	0	1
37.954064681704	4.30110061599407	0	1
37.6539845996012	4.29814271000214	0	1
37.3539045174984	4.29518480499974	0	1
37.0538244352938	4.2922268990078	0	1
36.7537443532055	4.2892689940054	0	1
36.4536642710009	4.28631108801346	0	1
36.1535841888981	4.28335318301106	0	1
35.8535041067953	4.28039527701912	0	1
35.5534240246052	4.27743737201672	0	1
35.2533439425024	4.27447946602479	0	1
34.9532638603996	4.27152156102238	0	1
34.6531837781949	4.26856365497224	0	1
34.3531036961067	4.26560574898031	0	1
34.0530236140039	4.2626478439779	0	1
33.7529435317992	4.25968993798597	0	1
33.4528634496965	4.25673203298356	0	1
33.1527833675937	4.25377412699163	0	1
32.8527032854035	4.25081622198923	0	1
32.5526232033008	4.24785831599729	0	1
32.252543121198	4.24490041099489	0	1
31.9524630389933	4.24194250500295	0	1
31.6523829569051	4.23898460000055	0	1
31.3523028747004	4.23602669400861	0	1
31.0522227925976	4.23306878801668	0	1
30.7521427104948	4.23011088301428	0	1
30.4520626283047	4.22715297702234	0	1
30.1519825462019	4.22419507201994	0	1
29.8519024640991	4.221237166028	0	1
29.5518223818945	4.2182792610256	0	1
29.2517422998062	4.21532135497546	0	1
28.9516622176016	4.21236344997305	0	1
28.6515821354988	4.20940554398112	0	1
28.351502053396	4.20644763897872	0	1
28.0514219712059	4.20348973298678	0	1
27.7513418891031	4.20053182798438	0	1
27.4512618070003	4.19757392199244	0	1
27.1511817247956	4.19461601600051	0	1
26.8511016426928	4.19165811099811	0	1
26.5510215606046	4.18870020500617	0	1
26.2509414783999	4.18574230000377	0	1
25.9508613962971	4.18278439401183	0	1
25.6507813141943	4.17982648900943	0	1
25.3507012320042	4.17686858301749	0	1
25.0506211499014	4.17391067801509	0	1
24.7505410677986	4.17095277202316	0	1
24.450460985594	4.16799486702075	0	1
24.1503809035057	4.16503696102882	0	1
23.8503008213011	4.16207905497868	0	1
23.5502207391983	4.15912114997627	0	1
23.2501406570955	4.15616324398434	0	1
22.9500605749054	4.15320533898193	0	1
22.6499804928026	4.15024743299	0	1
22.3499004106998	4.1472895279876	0	1
22.0498203284951	4.14433162199566	0	1
21.7497402464069	4.14137371699326	0	1
21.4496601643041	4.13841581100132	0	1
21.1495800820994	4.13545790599892	2	1
20.8494999999966	4.13250000000698	2	1
20.5438181818026	4.0980606059893	2	1
20.2381363635941	4.06362121197162	2	1
19.9324545454001	4.02918181801215	2	1
19.6267727272934	3.99474242399447	2	1
19.3210909090994	3.96030302997679	2	1
19.0154090909055	3.92586363601731	2	1
18.7097272726969	3.89142424199963	2	1
18.4040454545029	3.85698484897148	2	1
18.0983636363962	3.822545455012	2	1
17.7926818182023	3.78810606099432	2	1
17.4869999999937	3.75366666697664	2	1
17.1813181817997	3.71922727301717	2	1
16.8756363636057	3.68478787899949	2	1
16.5699545454991	3.65034848498181	2	1
16.2642727273051	3.61590909102233	2	1
15.9585909090965	3.58146969700465	2	1
15.6529090909025	3.54703030298697	2	1
15.347227272694	3.51259090902749	2	1
15.0415454545	3.47815151500981	2	1
14.7358636363933	3.44371212099213	2	1
14.4301818181993	3.40927272697445	2	1
14.1245000000054	3.37483333301498	2	1
13.8188181817968	3.34039393899729	2	1
13.5131363636028	3.30595454497961	2	1
13.2074545454961	3.27151515102014	2	1
12.9017727273022	3.23707575799199	2	1
12.5960909090936	3.20263636397431	2	1
12.3321480486612	3.17766469646352	2	1
12.0333071604036	3.15021159169291	2	1
11.7343399134535	3.12417057198903	2	1
11.4352529801677	3.09954221853585	2	1
11.136053035574	3.07632708098943	2	1
10.8367467572227	3.05452567746566	2	1
10.5373408250369	3.03413849452869	2	1
10.2378419211641	3.01516598718005	2	1
9.93825672982642	2.99760857884853	2	1
9.63859193717203	2.9814666613807	2	1
9.3388542311255	2.96674059503219	2	1
9.03905030123872	2.95343070845962	2	1
8.4392705353925	2.93106063123059	1	1
8.13930808532938	2.92200093982994	1	1
7.83930618291995	2.91435842670572	1	1
7.53927152361241	2.9081332624237	1	1
7.23921080358603	2.9033255859172	1	1
6.93913071960176	2.89993550448404	1	1
6.63903796885265	2.89796309378412	1	1
6.33893924881448	2.89740839783774	1	1
6.03884125709628	2.89827142902462	1	1
5.73875069129074	2.90055216808362	1	1
5.43867424882493	2.90425056411314	1	1
5.13861862681062	2.90936653457233	1	1
4.83859052189494	2.91589996528284	0	1
4.53859663011094	2.92385071043146	0	1
4.23670926160412	2.94382203702116	0	1
3.93774348120496	2.99042669701157	0	1
3.64389078010572	3.06255936797243	0	1
3.35732674080646	3.15968600497581	0	1
3.08017298320192	3.28108751599211	0	1
2.81448145689501	3.42586508701788	0	1
2.56221924879355	3.59294683497865	0	1
2.32525402010651	3.78109574597329	0	1
2.10534017850296	3.98891883000033	0	1
1.90410588910163	4.21487743902253	0	1
1.7230410202028	4.45729865401518	0	1
1.56348611270369	4.71438767301152	0	1
1.42662245529937	4.98424109898042	0	1
1.31346333869442	5.26486103102798	0	1
1.22484655340668	5.55416985898046	0	1
1.16142818699882	5.85002563899616	0	1
1.1236777669983	6.15023796097375	0	1
1.11187478419743	6.45258415600983	0	1
1.12610662379302	6.75482576002833	0	1
1.12763462223759	7.05632118703821	0	1
1.12916262068216	7.35781661404809	0	1
1.13069061912673	7.65931204105797	0	1
1.1322186175713	7.96080746806785	0	1
1.13374661601588	8.26230289507773	0	1
1.13527461446045	8.56379832208761	0	1
1.13680261290502	8.86529374909749	0	1
1.13833061134959	9.16678917610737	0	1
1.13985860979416	9.46828460311725	0	1
1.14138660823873	9.76978003012713	0	1
1.1429146066833	10.071275457137	0	1
1.14444260512787	10.3727708841469	0	1
1.14597060357245	10.6742663111568	0	1
1.14749860201702	10.9757617381666	0	1
1.14902660046159	11.2772571651765	0	1
1.15055459890616	11.5787525921864	0	1
1.15208259735073	11.8802480191963	0	1
1.1536105957953	12.1817434462062	0	1
1.15513859423987	12.483238873216	0	1
1.15666659268444	12.7847343002259	0	1
1.15819459112902	13.0862297272358	0	1
1.15972258957359	13.3877251542457	0	1
1.16125058801816	13.6892205812556	0	1
1.16277858646273	13.9907160082654	0	1
1.1643065849073	14.2922114352753	0	1
1.16583458335187	14.5937068622852	0	1
1.16736258179644	14.8952022892951	0	1
1.16889058024101	15.196697716305	0	1
1.17041857868558	15.4981931433148	0	1
1.17194657713016	15.7996885703247	0	1
1.17347457557473	16.1011839973346	0	1
1.1750025740193	16.4026794243445	0	1
1.17653057246387	16.7041748513544	0	1
1.17805857090844	17.0056702783642	0	1
1.17958656935301	17.3071657053741	0	1
1.18111456779758	17.608661132384	0	1
1.18264256624215	17.9101565593939	0	1
1.18417056468673	18.2116519864038	0	1
1.1856985631313	18.5131474134136	0	1
1.18722656157587	18.8146428404235	0	1
1.18875456002044	19.1161382674334	0	1
1.19028255846501	19.4176336944433	0	1
1.19181055690958	19.7191291214532	0	1
1.19333855535415	20.020624548463	0	1
1.19486655379872	20.3221199754729	0	1
1.19639455224329	20.6236154024828	0	1
1.19792255068787	20.9251108294927	0	1
1.19945054913244	21.2266062565026	0	1
1.20097854757701	21.5281016835124	0	1
1.20250654602158	21.8295971105223	0	1
1.20403454446615	22.1310925375322	0	1
1.20556254291072	22.4325879645421	0	1
1.20709054135529	22.734083391552	0	1
1.20861853979986	23.0355788185618	0	1
1.21014653824444	23.3370742455717	0	1
1.21167453668901	23.6385696725816	0	1
1.21320253513358	23.9400650995915	0	1
1.21473053357815	24.2415605266014	0	1
1.21625853202272	24.5430559536112	0	1
1.21778653046729	24.8445513806211	0	1
1.21931452891186	25.146046807631	0	1
1.22084252735643	25.4475422346409	0	1
1.222370525801	25.7490376616508	0	1
1.22389852424558	26.0505330886606	0	1
1.22542652269015	26.3520285156705	0	1
1.22695452113472	26.6535239426804	0	1
1.22848251957929	26.9550193696903	0	1
1.23001051802386	27.2565147967002	0	1
1.23153851646843	27.55801022371	0	1
1.233066514913	27.8595056507199	0	1
1.23459451335757	28.1610010777298	0	1
1.23612251180215	28.4624965047397	0	1
1.23765051024672	28.7639919317496	0	1
1.23917850869129	29.0654873587594	0	1
1.24070650713586	29.3669827857693	0	1
1.24223450558043	29.6684782127792	0	1
1.243762504025	29.9699736397891	0	1
1.24529050246957	30.271469066799	0	1
1.24681850091414	30.5729644938088	0	1
1.24834649935872	30.8744599208187	0	1
1.24987449780329	31.1759553478286	0	1
1.25140249624786	31.4774507748385	0	1
1.25293049469243	31.7789462018484	0	1
1.254458493137	32.0804416288582	0	1
1.25598649158157	32.3819370558681	0	1
1.25751449002614	32.683432482878	0	1
1.25904248847071	32.9849279098879	0	1
1.26057048691528	33.2864233368978	0	1
1.26209848535986	33.5879187639076	0	1
1.26362648380443	33.8894141909175	0	1
1.265154482249	34.1909096179274	0	1
1.26668248069357	34.4924050449373	0	1
1.26821047913814	34.7939004719472	0	1
1.26973847758271	35.095395898957	0	1
1.27126647602728	35.3968913259669	0	1
1.27279447447185	35.6983867529768	0	1
1.27432247291643	35.9998821799867	0	1
1.275850471361	36.3013776069966	0	1
1.27737846980557	36.6028730340064	0	1
1.27890646825014	36.9043684610163	0	1
1.28043446669471	37.2058638880262	1	1
1.29948822139704	37.5058616879978	1	1
1.32281414199679	37.8055575800245	1	1
1.35040749360633	38.1048907269724	1	1
1.38226267500431	38.403800368018	1	1
1.4183732199017	38.7022258269717	1	1
1.45873179819318	39.0001065270044	1	1
1.50333021749975	39.2973820000188	1	1
1.55215942490031	39.5939919030061	1	1
1.60520950829959	39.8898760270094	1	1
1.66246969919303	40.1849743089988	1	1
1.72392837429652	40.4792268489837	1	1
1.78957305809308	40.7725739160087	1	1
1.85939042539394	41.0649559629965	1	1
1.93336630389967	41.3563136389712	1	1
2.01148567719792	41.6465878019808	1	1
2.19264563110482	41.9927718450199	0	1
2.303791262093	42.2745436889818	0	1
2.41493689319759	42.5563155339914	0	1
2.52608252430218	42.8380873790011	0	1
2.63722815530491	43.1198592230212	0	1
2.74837378639495	43.4016310679726	0	1
2.85951941749954	43.6834029129823	0	1
2.97066504850227	43.9651747570024	0	1
3.08181067960686	44.246946602012	0	1
3.1929563106969	44.5287184470217	0	1
3.30410194169963	44.8104902909836	0	1
3.41524757280422	45.0922621359932	0	1
3.52639320389426	45.3740339810029	0	1
3.63753883489699	45.655805825023	0	1
3.74868446600158	45.9375776699744	0	1
3.85983009710617	46.2193495149841	0	1
3.97097572819621	46.5011213590042	0	1
4.08212135919894	46.7828932040138	0	1
4.19326699030353	47.0646650490235	0	1
4.30441262139357	47.3464368929854	0	1
4.41555825239629	47.628208737995	0	1
4.52670388350089	47.9099805830047	0	1
4.63784951460548	48.1917524270248	0	1
4.74899514559365	48.4735242719762	0	1
4.86014077669824	48.7552961169858	0	1
4.97128640780284	49.037067961006	0	1
5.08243203880556	49.3188398060156	0	1
5.1935776698956	49.6006116510252	0	1
5.30472330100019	49.8823834949872	0	1
5.41586893200292	50.1641553399968	0	1
5.52701456309296	50.4459271840169	0	1
5.63816019419755	50.7276990290266	0	1
5.74930582520028	51.009470873978	0	1
5.86045145630487	51.2912427179981	0	1
5.97159708739491	51.5730145630077	0	1
6.0827427184995	51.8547864080174	0	1
6.19388834950223	52.1365582519793	0	1
6.30503398060682	52.4183300969889	0	1
6.41617961169686	52.7001019419986	0	1
6.52732524269959	52.9818737860187	0	1
6.63847087380418	53.2636456310283	0	1
6.74961650489422	53.5454174759798	0	1
6.86076213589695	53.8271893199999	0	1
6.97190776700154	54.1089611650095	0	1
7.08305339810613	54.3907330100192	0	1
7.19419902909431	54.6725048539811	0	1
7.3053446601989	54.9542766989907	0	1
7.41649029130349	55.2360485440004	0	1
7.52763592230622	55.5178203880205	0	1
7.63878155339626	55.7995922329719	0	1
7.74992718450085	56.0813640779816	0	1
7.86107281550358	56.3631359220017	0	1
7.97221844659362	56.6449077670113	0	1
8.08336407769821	56.926679612021	0	1
8.19450970870093	57.2084514559829	0	1
8.30565533980553	57.4902233009925	0	1
8.41680097089557	57.7719951460022	0	1
8.52794660189829	58.0537669900223	0	1
8.63909223300288	58.3355388349737	0	1
8.75023786409292	58.6173106799833	0	1
8.86138349519752	58.8990825240035	0	1
8.97252912620024	59.1808543690131	0	1
9.08367475730483	59.4626262140227	0	1
9.19482038839487	59.7443980579847	0	1
9.3059660193976	60.0261699029943	0	1
9.41711165050219	60.3079417480039	0	1
9.52825728150492	60.5897135920241	0	1
9.63940291259496	60.8714854369755	0	1
9.75054854369955	61.1532572819851	0	1
9.86169417480414	61.4350291260052	0	1
9.97283980580687	61.7168009710149	0	1
10.0839854368969	61.9985728160245	0	1
10.1951310680015	62.2803446599864	0	1
10.3062766990042	62.5621165049961	0	1
10.4174223300943	62.8438883490162	0	1
10.5285679611989	63.1256601940258	0	1
10.6397135922016	63.4074320389773	0	1
10.7508592233062	63.6892038829974	0	1
10.8620048543962	63.970975728007	0	1
10.9731504853989	64.2527475730167	0	1
11.0842961165035	64.5345194169786	0	1
11.1954417475936	64.8162912619882	0	1
11.3065873785963	65.0980631069979	0	1
11.4177330097009	65.379834951018	0	1
11.5288786408055	65.6616067960276	0	1
11.6400242718955	65.9433786409791	0	1
11.7511699028983	66.2251504849992	0	1
11.8623155340028	66.5069223300088	0	1
11.9734611650056	66.7886941750185	0	1
12.0846067960956	67.0704660189804	0	1
12.1957524272002	67.35223786399	0	1
12.3068980583048	67.6340097089997	0	1
12.418043689293	67.9157815530198	0	1
12.5291893203976	68.1975533979712	0	1
12.6403349515022	68.4793252429808	0	1
12.7514805825049	68.761097087001	0	1
12.8626262135949	69.0428689320106	0	1
12.9737718446995	69.3246407770202	0	1
13.0849174757022	69.6064126209822	0	1
13.2062501793989	69.8855199309764	1	1
13.2934892259946	70.173985454021	1	1
13.4022947096964	70.4550270449836	1	1
13.5320434025052	70.727034924028	1	1
13.6819921157003	70.988451052981	1	1
13.851281956493	71.2377780650277	1	1
14.0389432482043	71.4735878380015	1	1
14.2439010837988	71.6945296740159	1	1
14.4649814832956	71.8993380389875	1	1
14.7009181183967	72.0868398079765	1	1
14.950359565395	72.2559609889868	1	1
15.2118770460947	72.4057328699855	1	1
15.4839726122009	72.5352975730202	1	1
15.7650877247943	72.6439129619976	1	1
16.0536121821933	72.7309568980127	1	1
16.347893342303	72.7959308010177	1	1
16.6462455892033	72.8384625060135	0	1
16.9469599884033	72.8583083970007	0	1
17.2818982763937	72.8097538291365	0	1
17.580093151317	72.7736004437909	0	1
17.8790265311405	72.7441711194732	0	1
18.1785468130065	72.7214807811464	0	1
18.4785020964124	72.705540936124	0	1
18.7787402602464	72.6963596682341	0	1
19.0791090399349	72.6939416337198	0	1
19.3794561046631	72.6982880588774	0	1
19.6970769230975	72.6908461540006	0	1
20.0146923076973	72.6836153849727	0	1
20.332307692297	72.6763846150134	0	1
20.6499230768968	72.6691538459854	0	1
20.9675384614966	72.6619230770157	0	1
21.2851538461982	72.6546923079877	0	1
21.602769230798	72.6474615380284	0	1
21.9203846153978	72.6402307690005	0	1
22.2379999999976	72.6329999999725	0	1
22.5379453455256	72.5935790688814	0	1
22.8378906910535	72.5541581377904	0	1
23.1378360365815	72.5147372066993	0	1
23.4377813821094	72.4753162756083	0	1
23.7377267276374	72.4358953445172	0	1
24.0376720731653	72.3964744134261	0	1
24.3376174186933	72.3570534823351	0	1
24.6375627642212	72.317632551244	0	1
24.9375081097492	72.278211620153	0	1
25.2374534552772	72.2387906890619	0	1
25.5373988008051	72.1993697579708	0	1
25.8373441463331	72.1599488268798	0	1
26.137289491861	72.1205278957887	0	1
26.437234837389	72.0811069646977	0	1
26.7371801829169	72.0416860336066	0	1
27.0371255284449	72.0022651025156	0	1
27.3370708739728	71.9628441714245	0	1
27.6370162195008	71.9234232403334	0	1
27.9369615650288	71.8840023092424	0	1
28.2369069105567	71.8445813781513	0	1
28.5368522560847	71.8051604470602	0	1
28.8367976016126	71.7657395159692	0	1
29.1367429471406	71.7263185848781	0	1
29.4366882926685	71.6868976537871	0	1
29.7366336381965	71.647476722696	0	1