27.9992891911219	73.864130778265	0	1
28.2987190411964	73.883297240882	0	1
28.5981749541355	73.9020520965399	0	1
28.8976563641298	73.9203953098023	0	1
29.1971627053217	73.9383268460104	0	1
29.4966934118065	73.9558466712834	0	1
29.7962479176337	73.9729547525182	0	1
30.0958256568076	73.98965105739	0	1
30.3954260632887	74.0059355543517	0	1
30.6950485709946	74.0218082126344	0	1
30.9946926138012	74.0372690022475	0	1
31.2943576255437	74.0523178939784	0	1
31.5940430400175	74.0669548593928	0	1
31.8937482909798	74.0811798708349	0	1
32.1934728121502	74.0949929014271	0	1
32.4932160372117	74.1083939250702	0	1
32.792977399812	74.1213829164436	0	1
33.0927563335648	74.133959851005	0	1
33.3925522720503	74.1461247049911	0	1
33.6923646488168	74.1578774554166	0	1
33.9921928973813	74.1692180800754	0	1
34.2920364512311	74.1801465575398	0	1
34.5918947438242	74.1906628671609	0	1
34.8917672085912	74.2007669890685	0	1
35.1916532789355	74.2104589041714	0	1
35.4915523882351	74.219738594157	0	1
35.7914639698432	74.2286060414919	0	1
36.0913874570896	74.2370612294213	0	1
36.3913222832813	74.2451041419695	0	1
36.6912678817042	74.2527347639397	0	1
36.9912236856237	74.2599530809143	0	1
37.2911891282859	74.2667590792545	0	1
37.5911636429186	74.2731527461007	0	1
37.8911466627329	74.2791340693723	0	1
38.1911376209231	74.2847030377679	0	1
38.4911359506693	74.2898596407651	0	1
38.7911410851369	74.2946038686207	0	1
39.0911524574792	74.2989357123707	0	1
39.391169500837	74.3028551638303	0	1
39.6911916483409	74.3063622155938	0	1
39.9912183331116	74.3094568610348	0	1
40.2912489882614	74.3121390943062	0	1
40.5912830468949	74.3144089103399	0	1
40.8913199421105	74.3162663048472	0	1
41.1913591070009	74.3177112743187	0	1
41.4913999746549	74.3187438160241	0	1
41.7914419781578	74.3193639280125	0	1
42.0914845505929	74.3195716091123	0	1
42.3915271250424	74.3193668589309	0	1
42.6926771609121	74.3226605779114	0	1
42.9938271967818	74.3259542968919	0	1
43.2949772326515	74.3292480158723	0	1
43.5961272685212	74.3325417348528	0	1
43.8972773043909	74.3358354538333	0	1
44.1984273402605	74.3391291728137	0	1
44.4995773761302	74.3424228917942	0	1
44.8007274119999	74.3457166107747	0	1
45.1018774478696	74.3490103297552	0	1
45.4030274837393	74.3523040487356	0	1
45.704177519609	74.3555977677161	0	1
46.0053275554787	74.3588914866966	0	1
46.3064775913484	74.3621852056771	0	1
46.6076276272181	74.3654789246575	0	1
46.9087776630878	74.368772643638	0	1
47.2099276989575	74.3720663626185	0	1
47.5110777348271	74.3753600815989	0	1
47.8122277706968	74.3786538005794	0	1
48.1133778065665	74.3819475195599	0	1
48.4145278424362	74.3852412385403	0	1
48.7156778783059	74.3885349575208	0	1
49.0168279141756	74.3918286765013	0	1
49.3179779500453	74.3951223954818	0	1
49.619127985915	74.3984161144622	0	1
49.9202780217847	74.4017098334427	0	1
50.2214280576544	74.4050035524232	0	1
50.5225780935241	74.4082972714036	0	1
50.8237281293937	74.4115909903841	0	1
51.1248781652634	74.4148847093646	0	1
51.4260282011331	74.4181784283451	0	1
51.7271782370028	74.4214721473255	0	1
52.0283282728725	74.424765866306	0	1
52.3294783087422	74.4280595852865	0	1
52.6306283446119	74.4313533042669	0	1
52.9317783804816	74.4346470232474	0	1
53.2329284163513	74.4379407422279	0	1
53.534078452221	74.4412344612084	0	1
53.8352284880907	74.4445281801888	0	1
54.1363785239604	74.4478218991693	0	1
54.43752855983	74.4511156181498	0	1
54.7386785956997	74.4544093371302	0	1
55.0398286315694	74.4577030561107	0	1
55.3409786674391	74.4609967750912	0	1
55.6421287033088	74.4642904940716	0	1
55.9432787391785	74.4675842130521	0	1
56.2444287750482	74.4708779320326	0	1
56.5455788109179	74.4741716510131	0	1
56.8467288467876	74.4774653699935	0	1
57.1478788826573	74.480759088974	0	1
57.449028918527	74.4840528079545	0	1
57.7501789543967	74.487346526935	0	1
58.0513289902663	74.4906402459154	0	1
58.352479026136	74.4939339648959	0	1
58.6536290620057	74.4972276838764	0	1
58.9547790978754	74.5005214028568	0	1
59.2559291337451	74.5038151218373	0	1
59.5570791696148	74.5071088408178	0	1
59.8582292054845	74.5104025597983	0	1
60.1593792413542	74.5136962787787	0	1
60.4605292772239	74.5169899977592	0	1
60.7616793130936	74.5202837167397	0	1
61.0628293489633	74.5235774357201	0	1
61.3639793848329	74.5268711547006	0	1
61.6651294207026	74.5301648736811	0	1
61.9662794565723	74.5334585926615	0	1
62.267429492442	74.536752311642	0	1
62.5685795283117	74.5400460306225	0	1
62.8697295641814	74.5433397496029	0	1
63.1708796000511	74.5466334685834	0	1
63.4720296359208	74.5499271875639	0	1
63.7731796717905	74.5532209065444	0	1
64.0743297076602	74.5565146255248	0	1
64.3754797435299	74.5598083445053	0	1
64.6766297793995	74.5631020634858	0	1
64.9777798152692	74.5663957824663	0	1
65.2789298511389	74.5696895014467	0	1
65.5800798870086	74.5729832204272	0	1
65.8812299228783	74.5762769394077	0	1
66.182379958748	74.5795706583881	0	1
66.4835299946177	74.5828643773686	0	1
66.7846800304874	74.5861580963491	0	1
67.0858300663571	74.5894518153296	0	1
67.3869801022268	74.59274553431	0	1
67.6881301380965	74.5960392532905	0	1
67.9892801739662	74.599332972271	0	1
68.2904302098358	74.6026266912514	0	1
68.5915802457055	74.6059204102319	0	1
68.8927302815752	74.6092141292124	0	1
69.1938803174449	74.6125078481928	0	1
69.4950303533146	74.6158015671733	0	1
69.7961803891843	74.6190952861538	0	1
70.097330425054	74.6223890051343	0	1
70.3984804609237	74.6256827241147	0	1
70.6996304967934	74.6289764430952	0	1
71.0007805326631	74.6322701620757	0	1
71.3019305685328	74.6355638810562	0	1
71.6030806044025	74.6388576000366	0	1
71.9042306402721	74.6421513190171	0	1
72.2053806761418	74.6454450379976	0	1
72.5065307120115	74.648738756978	0	1
72.8076807478812	74.6520324759585	0	1
73.1088307837509	74.655326194939	0	1
73.4099808196206	74.6586199139194	0	1
73.7111308554903	74.6619136328999	0	1
74.01228089136	74.6652073518804	0	1
74.3134309272297	74.6685010708609	0	1
74.6145809630994	74.6717947898413	0	1
74.9157309989691	74.6750885088218	0	1
75.2168810348387	74.6783822278023	0	1
75.5180310707084	74.6816759467827	0	1
75.8191811065781	74.6849696657632	0	1
76.1203311424478	74.6882633847437	0	1
76.4214811783175	74.6915571037242	0	1
76.7226312141872	74.6948508227046	0	1
77.0237812500569	74.6981445416851	0	1
77.3249312859266	74.7014382606656	0	1
77.6260813217963	74.7047319796461	0	1
77.927231357666	74.7080256986265	0	1
78.2283813935357	74.711319417607	0	1
78.5295314294054	74.7146131365875	0	1
78.830681465275	74.7179068555679	0	1
79.1318315011447	74.7212005745484	0	1
79.4329815370144	74.7244942935289	0	1
79.7341315728841	74.7277880125093	0	1
80.0352816087538	74.7310817314898	0	1
80.3364316446235	74.7343754504703	0	1
80.6375816804932	74.7376691694508	0	1
80.9387317163629	74.7409628884312	0	1
81.2398817522326	74.7442566074117	0	1
81.5410317881023	74.7475503263922	0	1
81.842181823972	74.7508440453726	0	1
82.1433318598417	74.7541377643531	0	1
82.4444818957113	74.7574314833336	0	1
82.745631931581	74.7607252023141	0	1
83.0467819674507	74.7640189212945	0	1
83.3479320033204	74.767312640275	0	1
83.6490820391901	74.7706063592555	0	1
83.9502320750598	74.7739000782359	0	1
84.2513821109295	74.7771937972164	0	1
84.5525321467992	74.7804875161969	0	1
84.8536821826689	74.7837812351774	0	1
85.1548322185386	74.7870749541578	0	1
85.4559822544082	74.7903686731383	0	1
85.757132290278	74.7936623921188	0	1
86.0582823261476	74.7969561110992	0	1
86.3594323620173	74.8002498300797	0	1
86.660582397887	74.8035435490602	0	1
86.9617324337567	74.8068372680407	0	1
87.2628824696264	74.8101309870211	0	1
87.5640325054961	74.8134247060016	0	1
87.8651825413658	74.8167184249821	0	1
88.1663325772355	74.8200121439625	0	1
88.4674826131052	74.823305862943	0	1
88.7686326489749	74.8265995819235	0	1
89.0697826848445	74.8298933009039	0	1
89.3709327207142	74.8331870198844	0	1
89.6720827565839	74.8364807388649	0	1
89.9732327924536	74.8397744578454	0	1
90.2743828283233	74.8430681768258	0	1
90.575532864193	74.8463618958063	0	1
90.8766829000627	74.8496556147868	0	1
91.1778329359324	74.8529493337672	0	1
91.4789829718021	74.8562430527477	0	1
91.7801330076718	74.8595367717282	0	1
92.0812830435415	74.8628304907087	0	1
92.3824330794112	74.8661242096891	0	1
92.6835831152808	74.8694179286696	0	1
92.9847331511505	74.8727116476501	0	1
93.2858831870202	74.8760053666306	0	1
93.5870332228899	74.879299085611	0	1
93.8881832587596	74.8825928045915	0	1
94.1893332946293	74.885886523572	0	1
94.490483330499	74.8891802425524	0	1
94.7916333663687	74.8924739615329	0	1
95.0927834022384	74.8957676805134	0	1
95.3939334381081	74.8990613994938	0	1
95.6950834739778	74.9023551184743	0	1
95.9962335098474	74.9056488374548	0	1
96.2973835457171	74.9089425564353	0	1
96.5985335815868	74.9122362754157	0	1
96.8996836174565	74.9155299943962	0	1
97.2008336533262	74.9188237133767	0	1
97.5019836891959	74.9221174323571	0	1
97.8031337250656	74.9254111513376	0	1
98.1042837609353	74.9287048703181	0	1
98.405433796805	74.9319985892986	0	1
98.7065838326747	74.935292308279	0	1
99.0077338685444	74.9385860272595	0	1
99.3088839044141	74.94187974624	0	1
99.6100339402837	74.9451734652204	0	1
99.9111839761534	74.9484671842009	0	1
100.212334012023	74.9517609031814	0	1
100.513484047893	74.9550546221619	0	1
100.814634083763	74.9583483411423	0	1
101.115784119632	74.9616420601228	0	1
101.416934155502	74.9649357791033	0	1
101.718084191372	74.9682294980837	0	1
102.019234227241	74.9715232170642	0	1
102.320384263111	74.9748169360447	0	1
102.621534298981	74.9781106550251	0	1
102.92268433485	74.9814043740056	0	1
103.22383437072	74.9846980929861	0	1
103.52498440659	74.9879918119666	0	1
103.826134442459	74.991285530947	0	1
104.127284478329	74.9945792499275	0	1
104.428434514199	74.997872968908	0	1
104.729584550068	75.0011666878885	0	1
105.030734585938	75.0044604068689	0	1
105.331884621808	75.0077541258494	0	1
105.633034657678	75.0110478448299	0	1
105.934184693547	75.0143415638103	0	1
106.235334729417	75.0176352827908	0	1
106.536484765287	75.0209290017713	0	1
106.837634801156	75.0242227207517	0	1
107.138784837026	75.0275164397322	0	1
107.439934872896	75.0308101587127	0	1
107.741084908765	75.0341038776932	0	1
108.042234944635	75.0373975966736	0	1
108.343384980505	75.0406913156541	0	1
108.644535016374	75.0439850346346	0	1
108.945685052244	75.047278753615	0	1
109.246835088114	75.0505724725955	0	1
109.547985123984	75.053866191576	0	1
109.849135159853	75.0571599105565	0	1
110.150285195723	75.0604536295369	0	1
110.451435231593	75.0637473485174	0	1
110.752585267462	75.0670410674979	0	1
111.053735303332	75.0703347864783	0	1
111.354885339202	75.0736285054588	0	1
111.656035375071	75.0769222244393	0	1
111.957185410941	75.0802159434198	0	1
112.258335446811	75.0835096624002	0	1
112.55948548268	75.0868033813807	0	1
112.86063551855	75.0900971003612	0	1
113.16178555442	75.0933908193416	0	1
113.46293559029	75.0966845383221	0	1
113.764085626159	75.0999782573026	0	1
114.065235662029	75.1032719762831	0	1
114.366385697899	75.1065656952635	1	1
114.667517506796	75.1016076212474	1	1
114.96807232089	75.0823267352609	1	1
115.267369286698	75.0487667132477	1	1
115.564730400498	75.0010035802336	1	1
115.859482043701	74.9391455362858	1	1
116.150956508895	74.8633327072677	1	1
116.438493512893	74.7737368362798	1	1
116.7214416917	74.6705608842387	1	1
116.999160076697	74.5540385802817	1	1
117.271019546594	74.424433883287	1	1
117.536404252098	74.2820403892622	1	1
117.794713011494	74.1271806672523	1	1
118.045360672392	73.9602055222569	1	1
118.287779437293	73.7814932082622	1	1
118.5214201496	73.591448565254	1	1
118.745753538098	73.3905021052417	1	1
118.960271415303	73.1791090372792	1	1
119.16448782939	72.9577482342795	1	1
119.357940164499	72.7269211502355	1	1
119.540190188798	72.4871506822603	0	1
119.710825047502	72.2389799872837	0	1
119.869458197502	71.9829712512512	0	1
120.015730283997	71.719704418276	0	1
120.1493099534	71.4497758702566	0	1
120.269894604995	71.1737970842589	0	1
120.3772110757	70.8923932392574	0	1
120.471016259095	70.6062018062878	0	1
120.551097656399	70.3158711002399	0	1
120.617273857499	70.0220588142476	0	1
120.669394951898	69.7254305282333	0	1
120.677191218596	69.4224826362408	0	1
120.684987485193	69.1195347452378	0	1
120.692783751891	68.8165868532453	0	1
120.700580018589	68.5136389622423	0	1
120.7083762852	68.2106910702498	0	1
120.716172551898	67.9077431782573	0	1
120.723968818495	67.6047952872543	0	1
120.731765085193	67.3018473952618	0	1
120.739561351891	66.9988995042588	0	1
120.747357618502	66.6959516122663	0	1
120.755075466906	66.3960509040044	0	1
120.762871733605	66.0931030120119	0	1
120.770668000201	65.7901551210089	0	1
120.778464266899	65.4872072290163	0	1
120.786260533598	65.1842593380134	0	1
120.794056800194	64.8813114460208	0	1
120.801853066907	64.5783635550179	0	1
120.809649333605	64.2754156630253	0	1
120.817445600202	63.9724677709746	0	1
120.8252418669	63.6695198799716	0	1
120.833038133496	63.3665719879791	0	1
120.840834400195	63.0636240969761	0	1
120.848630666806	62.7606762049836	0	1
120.856426933504	62.4577283139806	0	1
120.864223200202	62.1547804219881	0	1
120.872019466799	61.8518325299956	0	1
120.879815733497	61.5488846389926	0	1
120.887612000195	61.2459367470001	0	1
120.895408266806	60.9429888559971	0	1
120.903204533504	60.6400409640046	0	1
120.911000800101	60.3370930730016	0	1
120.918797066799	60.0341451810091	0	1
120.926593333497	59.7311972890166	0	1
120.934389600094	59.4282493980136	0	1
120.942185866807	59.1253015060211	0	1
120.949982133403	58.8223536150181	0	1
120.957778400101	58.5194057230256	0	1
120.9655746668	58.2164578320226	0	1
120.973370933396	57.9135099399718	0	1
120.981167200094	57.6105620479793	0	1
120.988963466807	57.3076141569763	0	1
120.996759733403	57.0046662649838	0	1
121.004556000102	56.7017183739808	0	1
121.012352266698	56.3987704819883	0	1
121.020148533396	56.0958225899958	0	1
121.027944800095	55.7928746989928	0	1
121.035741066706	55.4899268070003	0	1
121.043537333404	55.1869789159973	0	1
121.0513336	54.8840310240048	0	1
121.059129866699	54.5810831330018	0	1
121.066926133397	54.2781352410093	0	1
121.074722399993	53.9751873490168	0	1
121.082518666706	53.6722394580138	0	1
121.090314933303	53.3692915660213	0	1
121.098111200001	53.0663436750183	0	1
121.105907466699	52.7633957830258	0	1
121.113703733296	52.4604478920228	0	1
121.121499999994	52.1574999999721	0	1
121.124249999993	51.8547068969929	0	1
121.126999999993	51.5519137930241	0	1
121.129749999993	51.2491206899867	0	1
121.132500000007	50.946327586018	0	1
121.135250000007	50.6435344829806	0	1
121.138000000006	50.3407413790119	0	1
121.140750000006	50.0379482759745	0	1
121.143500000006	49.7351551720058	0	1
121.146250000005	49.4323620690266	0	1
121.149000000005	49.1295689649996	0	1
121.151750000005	48.8267758620204	0	1
121.154500000004	48.523982758983	0	1
121.157250000004	48.2211896550143	0	1
121.160000000003	47.9183965519769	0	1
121.162750000003	47.6156034480082	0	1
121.165500000003	47.312810345029	0	1
121.168250000002	47.0100172410021	0	1
121.171000000002	46.7072241380229	0	1
121.173750000002	46.4044310339959	0	1
121.176500000001	46.1016379310167	0	1
121.179250000001	45.7988448279793	0	1
121.182000000001	45.4960517240106	0	1
121.18475	45.1932586209732	0	1
121.1875	44.8904655170045	0	1
121.19025	44.5876724140253	0	1
121.192999999999	44.2848793099984	0	1
121.195749999999	43.9820862070192	0	1
121.198499999999	43.6792931029922	0	1
121.201249999998	43.376500000013	0	1
121.203999999998	43.0737068969756	0	1
121.206749999998	42.7709137930069	0	1
121.209499999997	42.4681206900277	0	1
121.212249999997	42.1653275860008	0	1
121.214999999997	41.8625344830216	0	1
121.217749999996	41.5597413789947	0	1
121.220499999996	41.2569482760155	0	1
121.223249999995	40.9541551719885	0	1
121.225999999995	40.6513620690093	0	1
121.228749999995	40.3485689659719	0	1
121.231499999994	40.0457758620032	0	1
121.234249999994	39.742982759024	0	1
121.236999999994	39.4401896549971	0	1
121.239749999993	39.1373965520179	0	1
121.242499999993	38.834603447991	0	1
121.245250000007	38.5318103450118	0	1
121.248000000007	38.2290172409848	0	1
121.250750000007	37.9262241380056	0	1
121.253500000006	37.6234310350264	0	1
121.256250000006	37.3206379309995	0	1
121.259000000005	37.0178448280203	0	1
121.261750000005	36.7150517239934	0	1
121.264500000005	36.4122586210142	0	1
121.267250000004	36.1094655169873	2	1
121.270000000004	35.8066724140081	2	1
121.272750000004	35.5038793099811	2	1
121.243812500004	35.1810560349841	2	1
121.214875000005	34.8582327589975	2	1
121.185937500006	34.5354094830109	2	1
121.157000000007	34.2125862070243	2	1
121.128062500007	33.8897629309795	2	1
121.099124999993	33.5669396549929	2	1
121.070187499994	33.2441163790063	2	1
121.041249999995	32.9212931030197	2	1
121.012312499995	32.5984698280226	2	1
120.983374999996	32.2756465519778	2	1
120.954437499997	31.9528232759912	2	1
120.925499999998	31.6300000000047	2	1
120.891423076901	31.3174615380121	2	1
120.857346153804	31.0049230770092	2	1
120.823269230794	30.6923846150166	2	1
120.789192307697	30.3798461540136	2	1
120.7551153846	30.0673076920211	2	1
120.721038461503	29.7547692310181	2	1
120.686961538493	29.4422307690256	2	1
120.652884615396	29.1296923080226	2	1
120.618807692299	28.8171538459719	2	1
120.580818387098	28.5049874910037	2	1
120.559624456102	28.2055385829881	2	1
120.552922663701	27.9054154130281	2	1
120.560728662007	27.6053189319791	2	1
120.583024219901	27.305950029986	2	1
120.619757264998	27.0080078970059	2	1
120.670842005595	26.7121883900254	2	1
120.736159130902	26.419182409998	2	1
120.815556089801	26.12967428501	2	1
120.908847446903	25.8443401759723	2	1
121.015815316001	25.5638464919757	1	1
121.136209868695	25.288848340977	1	1
121.269749917803	25.0199879939901	1	1
121.4161235746	24.7578933850164	1	1
121.574988976296	24.5031766489847	1	1
121.745975085694	24.2564326890279	1	1
121.928682556696	24.0182377870078	1	1
122.122684667396	23.7891482579871	1	1
122.327528317095	23.5696991509758	0	1
122.542735083902	23.3604030000279	0	1
122.767802342307	23.1617486249888	0	1
123.002204437405	22.9741999940015	0	1
123.245393912293	22.7981951339752	0	1
123.496802786598	22.6341451129992	0	1
123.755843883293	22.4824330779957	0	1
124.021912199896	22.3434133590199	0	1
124.294386321402	22.2174106439925	0	1
124.572629872098	22.104719216004	0	1
124.855993001096	22.0056022719946	0	1
125.179328667393	21.9270681819762	0	1
125.502664333704	21.8485340910265	0	1
125.826000000001	21.7700000000186	0	1
126.169999999998	21.7712499999907	0	1
126.482250000001	21.8273437499884	0	1
126.794500000004	21.883437499986	0	1
127.106750000006	21.9395312499837	0	1
127.418999999994	21.9956249999814	0	1
127.731249999997	22.051718749979	0	1
128.0435	22.1078124999767	0	1
128.355750000002	22.1639062499744	0	1
128.668000000005	22.2199999999721	0	1
128.977437499998	22.2760625000228	0	1
129.286875000005	22.3321250000154	0	1
129.596312499998	22.3881875000079	0	1
129.905750000005	22.4442500000005	0	1
130.215187499998	22.500312499993	0	1
130.520033018896	22.5066650939989	0	1
130.824878537707	22.5130176889943	0	1
131.129724056605	22.5193702830002	0	1
131.434569575504	22.525722877006	0	1
131.7394150943	22.5320754720015	0	1
132.044260613198	22.5384280660073	0	1
132.349106132096	22.5447806600132	0	1
132.653951650893	22.5511332550086	0	1
132.958797169806	22.5574858490145	0	1
133.263642688704	22.5638384430204	0	1
133.5684882075	22.5701910380158	0	1
133.873333726398	22.5765436320216	0	1
134.178179245297	22.5828962260275	0	1
134.483024764195	22.5892488210229	0	1
134.787870283006	22.5956014150288	0	1
135.092715801904	22.6019540089765	0	1
135.3975613207	22.6083066039719	0	1
135.702406839599	22.6146591979777	0	1
136.007252358497	22.6210117919836	0	1
136.312097877395	22.627364386979	0	1
136.616943396206	22.6337169809849	0	1
136.921788915104	22.6400695759803	0	1
137.226634434002	22.6464221699862	0	1
137.531479952799	22.6527747639921	0	1
137.836325471697	22.6591273589875	0	1
138.141170990595	22.6654799529933	0	1
138.446016509406	22.6718325469992	0	1
138.750862028304	22.6781851419946	0	1
139.055707547202	22.6845377360005	0	1
139.360553065999	22.6908903300064	0	1
139.665398584897	22.6972429250018	0	1
139.970244103795	22.7035955190076	0	1
140.275089622606	22.7099481130135	0	1
140.579935141504	22.7163007080089	0	1
140.884780660403	22.7226533020148	0	1
141.189626179199	22.7290058960207	0	1
141.494471698097	22.7353584910161	0	1
141.799317216995	22.741711085022	0	1
142.104162735806	22.7480636790278	0	1
142.409008254705	22.7544162740232	0	1
142.713853773603	22.7607688679709	0	1
143.018699292501	22.7671214619768	0	1
143.323544811297	22.7734740569722	0	1
143.628390330196	22.7798266509781	0	1
143.933235849094	22.7861792449839	0	1
144.238081367905	22.7925318399793	0	1
144.542926886803	22.7988844339852	0	1
144.847772405701	22.8052370279911	0	1
145.152617924497	22.8115896229865	0	1
145.457463443396	22.8179422169924	0	1
145.762308962294	22.8242948109983	0	1
146.067154481105	22.8306474059937	0	1
146.372000000003	22.8369999999995	0	1
146.676641509403	22.8381792450091	0	1
146.981283018904	22.8393584910082	0	1
147.285924528303	22.8405377360177	0	1
147.590566037703	22.8417169810273	0	1
147.895207547204	22.8428962259786	0	1
148.199849056604	22.8440754719777	0	1
148.504490566003	22.8452547169873	0	1
148.809132075505	22.8464339619968	0	1
149.113773584904	22.8476132079959	0	1
149.418415094304	22.8487924530054	0	1
149.723056603805	22.849971698015	0	1
150.027698113205	22.8511509430245	0	1
150.332339622604	22.8523301890236	0	1
150.636981132106	22.853509433975	0	1
150.941622641505	22.8546886789845	0	1
151.246264150905	22.8558679249836	0	1
151.550905660406	22.8570471699932	0	1
151.855547169806	22.8582264150027	0	1
152.160188679205	22.8594056600123	0	1
152.464830188706	22.8605849060114	0	1
152.769471698106	22.8617641510209	0	1
153.074113207505	22.8629433959723	0	1
153.378754717007	22.8641226419713	0	1
153.683396226406	22.8653018869809	0	1
153.988037735806	22.8664811319904	0	1
154.292679245307	22.867660377	0	1
154.597320754707	22.8688396229991	0	1
154.901962264106	22.8700188680086	0	1
155.206603773593	22.8711981130182	0	1
155.511245283007	22.8723773580277	0	1
155.815886792494	22.8735566040268	0	1
156.120528301894	22.8747358489782	0	1
156.425169811293	22.8759150939877	0	1
156.729811320794	22.8770943399868	0	1
157.034452830194	22.8782735849964	0	1
157.339094339593	22.8794528300059	0	1
157.643735849095	22.8806320750155	0	1
157.948377358494	22.8818113210145	0	1
158.253018867894	22.8829905660241	0	1
158.557660377395	22.8841698109754	0	1
158.862301886795	22.8853490569745	0	1
159.166943396194	22.8865283019841	0	1
159.471584905696	22.8877075469936	0	1
159.776226415095	22.8888867920032	0	1
160.080867924495	22.8900660380023	0	1
160.385509433996	22.8912452830118	0	1
160.690150943396	22.8924245280214	0	1
160.994792452795	22.8936037740204	0	1
161.299433962296	22.8947830189718	2	1
161.604075471696	22.8959622639813	2	1
161.902003537703	22.8559044810245	2	1
162.199931603798	22.8158466980094	2	1
162.497859669806	22.7757889149943	2	1
162.795787735799	22.7357311319793	2	1
163.093715801893	22.6956733490224	2	1
163.391643867901	22.6556155660073	2	1
163.689571933995	22.6155577829923	2	1
163.987500000003	22.5754999999772	2	1
164.308749999997	22.5218749999767	2	1
164.630000000005	22.4682499999763	2	1
164.951249999998	22.4146249999758	2	1
165.272500000006	22.3609999999753	2	1
165.59375	22.3073749999749	2	1
165.899009615401	22.2979951919988	2	1
166.204269230802	22.2886153850122	2	1
166.509528846203	22.279235576978	2	1
166.814788461503	22.2698557690019	2	1
167.120048076904	22.2604759610258	2	1
167.425307692305	22.2510961539811	2	1
167.730567307706	22.241716346005	2	1
168.035826923093	22.2323365380289	2	1
168.341086538494	22.2229567309842	2	1
168.646346153793	22.2135769230081	2	1
168.951605769194	22.2041971149738	2	1
169.256865384596	22.1948173079873	2	1
169.562124999997	22.1854375000112	2	1
169.867384615398	22.1760576919769	2	1
170.172644230799	22.1666778849903	2	1
170.4779038462	22.1572980770143	2	1
170.783163461499	22.14791826898	2	1
171.088423076901	22.1385384619934	2	1
171.393682692302	22.1291586540174	2	1
171.698942307703	22.1197788459831	2	1
172.004201923104	22.110399038007	2	1
172.309461538505	22.1010192310205	2	1
172.614721153805	22.0916394229862	2	1
172.919980769206	22.0822596150101	2	1
173.225240384607	22.0728798080236	2	1
173.530499999993	22.0634999999893	2	1
173.833923076905	22.0689038460259	2	1
174.137346153802	22.0743076920044	2	1
174.440769230801	22.0797115379828	2	1
174.731363636398	22.0783181819716	2	1
175.033670454504	22.0844772729906	0	1
175.335977272698	22.0906363640097	0	1
175.638284090906	22.0967954550288	0	1
175.9405909091	22.1029545450001	0	1
176.242897727294	22.1091136360192	0	1
176.545204545502	22.11527272698	0	1
176.847511363594	22.1214318179991	0	1
177.149818181802	22.1275909090182	0	1
177.452124999996	22.133749999979	0	1
177.754431818204	22.1399090909981	0	1
178.056738636398	22.1460681820172	0	1
178.359045454505	22.1522272729781	0	1
178.661352272698	22.1583863639971	0	1
178.963659090907	22.1645454550162	0	1
179.2659659091	22.1707045449875	0	1
179.568272727294	22.1768636360066	0	1
179.880371122301	22.1359446800197	1	1
180.178358945603	22.1838907750207	1	1
180.479472129999	22.2045407400001	1	1
180.781215556693	22.1977234630031	1	1
181.081088884806	22.1634954339825	1	1
181.376607269296	22.1021402769838	1	1
181.665321951907	22.0141664010007	1	1
181.944840551805	21.9003027849831	1	1
182.212846889903	21.7614929379779	1	1
182.467120181202	21.5988870830042	1	1
182.690782560908	21.4092821260697	1	1
182.9107891645	21.2045335677772	1	1
183.121318986776	20.9900526323085	1	1
183.321941927372	20.766277491925	1	1
183.512248125117	20.5336653064163	1	1
183.691848795352	20.2926912891485	1	1
183.860377024199	20.0438477362312	1	1
184.017488518145	19.7876430207842	1	1
184.162862307409	19.5246005543606	1	1
184.301698618001	19.2585620870232	1	1
184.433383235402	18.9889111359953	1	1
184.558194601501	18.7160107939853	1	1
184.676052606097	18.4400362209999	1	1
184.786881602195	18.1611645530211	1	1
184.890610454197	17.8795747819822	1	1
184.987172583802	17.5954476459883	1	1
185.076506012701	17.3089655140066	1	1
185.158553402303	17.0203122620005	1	1
185.233262090405	16.7296731629758	1	1
185.300584125507	16.4372347629978	1	1
185.360476296803	16.1431847650092	1	1
185.412900162599	15.8477119029849	1	1
185.457822074706	15.551005826972	1	1
185.495213200003	15.2532569770119	1	1
185.525049539006	14.954656463	1	1
185.547311941307	14.6553959419834	1	1
185.561986117798	14.3556674940046	1	1
185.569062649796	14.0556634999812	1	1
185.568536995299	13.7555765170255	1	1
185.560409491605	13.455599154986	1	1
185.544685355504	13.1559239550261	1	1
185.521374679403	12.8567432630225	1	1
185.490492425306	12.5582491090172	1	1
185.4520584149	12.2606330799754	1	1
185.4060973171	11.9640862009837	1	1
185.352638632001	11.6687988099875	1	1
185.291716672102	11.3749604389886	1	1
185.223370539898	11.0827596849995	1	1
185.147644103505	10.792384099972	1	1
185.064585967906	10.5040200590156	1	1
184.974249443796	10.2178526499774	1	1
184.876692513601	9.93406554701505	1	1
184.801883308697	9.64028051501373	1	1
184.680001419896	9.36498006398324	1	1
184.547664210506	9.09455004299525	1	1
184.4050659036	8.82938734599156	1	1
184.252415781797	8.56988113501575	1	1
184.089937880301	8.31641227100044	1	1
183.917870657795	8.06935275602154	1	1
183.736466646602	7.82906518300297	1	1
183.545992082305	7.59590220701648	1	1
183.346726512405	7.37020602601115	0	1
183.138962386598	7.15230788197368	0	1
182.923004627504	6.94252757000504	0	1
182.699170182896	6.74117297097109	0	1
182.467787560701	6.54853960097535	0	1
182.2291963467	6.36491017602384	0	1
181.983746706595	6.19055419700453	0	1
181.731798871406	6.0257275570184	0	1
181.473722609298	5.87067216000287	0	1
181.209896682994	5.7256155720097	0	1
180.940708293201	5.59077068301849	0	1
180.666552511204	5.46633539698087	0	1
180.387831698201	5.35249234101502	0	1
180.104954915601	5.24940859299386	0	1
179.818337324003	5.15723544498906	0	1
179.528399574294	5.07610817201203	0	1
179.23556719	5.00614583998686	0	1
178.940269943094	4.94745112897363	0	1
178.642941223094	4.90011018101359	0	1
178.344017400697	4.8641924749827	0	1
177.972775000002	4.84182500001043	0	1
177.670050000001	4.83514999999898	0	1
177.367324999999	4.82847499998752	0	1
177.064599999998	4.82179999997607	0	1
176.761874999997	4.81512500002282	0	1
176.459149999995	4.80845000001136	0	1
176.156424999994	4.80177499999991	0	1
175.853700000007	4.79509999998845	0	1
175.550975000006	4.788424999977	0	1
175.248250000004	4.78175000002375	0	1
174.945525000003	4.77507500001229	0	1
174.642800000001	4.76840000000084	0	1
174.340075	4.76172499998938	0	1
174.037349999999	4.75504999997793	0	1
173.734624999997	4.74837500002468	0	1
173.431899999996	4.74170000001322	0	1
173.2461136364	4.70206363598118	0	1
172.928545454502	4.65394545497838	0	1
172.610977272707	4.60582727298606	0	1
172.293409090897	4.55770909099374	0	1
171.975840909101	4.50959090900142	0	1
171.658272727305	4.4614727270091	0	1
171.340704545495	4.41335454501677	0	1
171.023136363598	4.36523636401398	0	1
170.705568181802	4.31711818202166	0	1
170.388000000006	4.26899999997113	0	1
170.0671	4.22385000000941	0	1
169.746199999994	4.17869999998948	0	1
169.425300000003	4.13355000002775	0	1
169.104399999997	4.08840000000782	0	1
168.783500000005	4.04324999998789	0	1
168.462599999999	3.99810000002617	0	1
168.141699999993	3.95295000000624	0	1
167.840989200005	3.94819020002615	0	1
167.540278400003	3.94343039998785	0	1
167.239567600001	3.93867060000775	0	1
166.938856799999	3.93391080002766	0	1
166.638145999998	3.92915099998936	0	1
166.337435199996	3.92439120000927	0	1
166.036724399994	3.91963139997097	0	1
165.736013600006	3.91487159999087	0	1
165.435302800004	3.91011180001078	0	1
165.134592000002	3.90535199997248	0	1
164.8338812	3.90059219999239	0	1
164.533170399998	3.8958324000123	0	1
164.232459599996	3.891072599974	0	1
163.931748799994	3.8863127999939	0	1
163.631038000007	3.88155300001381	0	1
163.330327200005	3.87679319997551	0	1
163.029616400003	3.87203339999542	0	1
162.728905600001	3.86727360001532	0	1
162.428194799999	3.86251379997702	0	1
162.127483999997	3.85775399999693	0	1
161.826773199995	3.85299420001684	0	1
161.526062399993	3.84823439997854	0	1
161.225351600006	3.84347459999844	0	1
160.924640800004	3.83871480001835	0	1
160.623930000002	3.83395499998005	0	1
160.3232192	3.82919519999996	0	1
160.022508399998	3.82443540001987	0	1
159.721797599996	3.81967559998157	0	1
159.421086799994	3.81491580000147	0	1
159.120376000006	3.81015600002138	0	1
158.819665200004	3.80539619998308	0	1
158.518954400002	3.80063640000299	0	1
158.2182436	3.79587660002289	0	1
157.917532799998	3.79111679998459	0	1
157.616821999996	3.7863570000045	0	1
157.316111199994	3.78159720002441	0	1
157.015400400007	3.77683739998611	0	1
156.714689600005	3.77207760000601	0	1
156.413978800003	3.76731780002592	0	1
156.113268000001	3.76255799998762	0	1
155.812557199999	3.75779820000753	0	1
155.511846399997	3.75303840002744	0	1
155.211135599995	3.74827859998913	0	1
154.910424799993	3.74351880000904	0	1
154.609714000006	3.73875900002895	0	1
154.309003200004	3.73399919999065	0	1
154.008292400002	3.72923940001056	0	1
153.7075816	3.72447959997226	0	1
153.406870799998	3.71971979999216	0	1
153.106159999996	3.71496000001207	0	1
152.805449199994	3.71020019997377	0	1
152.504738400006	3.70544039999368	0	1
152.204027600004	3.70068060001358	0	1
151.903316800002	3.69592079997528	0	1
151.602606	3.69116099999519	0	1
151.301895199998	3.6864012000151	0	1
151.001184399996	3.6816413999768	0	1
150.700473599994	3.6768815999967	0	1
150.399762800007	3.67212180001661	0	1
150.099052000005	3.66736199997831	0	1
149.798341200003	3.66260219999822	0	1
149.497630400001	3.65784240001813	0	1
149.196919599999	3.65308259997983	0	1
148.896208799997	3.64832279999973	0	1
148.595497999995	3.64356300001964	0	1
148.294787199993	3.63880319998134	0	1
147.994076400006	3.63404340000125	0	1
147.693365600004	3.62928360002115	0	1
147.392654800002	3.62452379998285	0	1
147.091944	3.61976400000276	0	1
146.791233199998	3.61500420002267	0	1
146.490522399996	3.61024439998437	0	1
146.189811599994	3.60548460000427	0	1
145.889100800006	3.60072480002418	0	1
145.588390000004	3.59596499998588	0	1
145.287679200002	3.59120520000579	0	1
144.9869684	3.5864454000257	0	1
144.686257599998	3.5816855999874	0	1
144.385546799997	3.5769258000073	0	1
144.084835999995	3.57216600002721	0	1
143.784125200007	3.56740619998891	0	1
143.483414400005	3.56264640000882	0	1
143.182703600003	3.55788660002872	0	1
142.881992800001	3.55312679999042	0	1
142.581281999999	3.54836700001033	0	1
142.280571199997	3.54360719997203	0	1
141.979860399995	3.53884739999194	0	1
141.679149599993	3.53408760001184	0	1
141.378438800006	3.52932779997354	0	1
141.077728000004	3.52456799999345	0	1
140.777017200002	3.51980820001336	0	1
140.4763064	3.51504839997506	0	1
140.175595599998	3.51028859999496	0	1
139.874884799996	3.50552880001487	0	1
139.574173999994	3.50076899997657	0	1
139.273463200007	3.49600919999648	0	1
138.972752400005	3.49124940001639	0	1
138.672041600003	3.48648959997809	0	1
138.371330800001	3.48172979999799	0	1
138.070619999999	3.4769700000179	0	1
137.769909199997	3.4722101999796	0	1
137.469198399995	3.46745039999951	0	1
137.168487600007	3.46269060001941	0	1
136.867776800005	3.45793079998111	0	1
136.567066000003	3.45317100000102	0	1
136.266355200001	3.44841120002093	0	1
135.965644399999	3.44365139998263	0	1
135.664933599997	3.43889160000253	0	1
135.364222799995	3.43413180002244	0	1
135.063511999993	3.42937199998414	0	1
134.762801200006	3.42461220000405	0	1
134.462090400004	3.41985240002396	0	1
134.161379600002	3.41509259998566	0	1
133.8606688	3.41033280000556	0	1
133.559957999998	3.40557300002547	0	1
133.259247199996	3.40081319998717	0	1
132.958536399994	3.39605340000708	0	1
132.657825600007	3.39129360002698	0	1
132.357114800005	3.38653379998868	0	1
132.056404000003	3.38177400000859	0	1
131.755693200001	3.3770142000285	0	1
131.454982399999	3.3722543999902	0	1
131.154271599997	3.3674946000101	0	1
130.853560799995	3.3627347999718	0	1
130.552849999993	3.35797499999171	0	1
130.252139200005	3.35321520001162	0	1
129.951428400003	3.34845539997332	0	1
129.650717600001	3.34369559999323	0	1
129.350006799999	3.33893580001313	0	1
129.049295999997	3.33417599997483	0	1
128.748585199995	3.32941619999474	0	1
128.447874399993	3.32465640001465	0	1
128.147163600006	3.31989659997635	0	1
127.846452800004	3.31513679999625	0	1
127.545742000002	3.31037700001616	0	1
127.2450312	3.30561719997786	0	1
126.944320399998	3.30085739999777	0	1
126.643609599996	3.29609760001767	0	1
126.342898799994	3.29133779997937	0	1
126.042188000007	3.28657799999928	0	1
125.741477200005	3.28181820001919	0	1
125.440766400003	3.27705839998089	0	1
125.140055600001	3.27229860000079	0	1
124.839344799999	3.2675388000207	0	1
124.538633999997	3.2627789999824	0	1
124.237923199995	3.25801920000231	0	1
123.937212399993	3.25325940002222	0	1
123.636501600005	3.24849959998392	0	1
123.335790800003	3.24373980000382	0	1
123.035080000001	3.23898000002373	0	1
122.734369199999	3.23422019998543	0	1
122.433658399998	3.22946040000534	0	1
122.132947599996	3.22470060002524	0	1
121.832236799994	3.21994079998694	0	1
121.531526000006	3.21518100000685	0	1
121.230815200004	3.21042120002676	0	1
120.930104400002	3.20566139998846	0	1
120.6293936	3.20090160000836	0	1
120.328682799998	3.19614180002827	0	1
120.027971999996	3.19138199998997	0	1
119.727261199994	3.18662220000988	0	1
119.426550400007	3.18186239997158	0	1
119.125839600005	3.17710259999149	0	1
118.825128800003	3.17234280001139	0	1
118.524418000001	3.16758299997309	0	1
118.223707199999	3.162823199993	0	1
117.922996399997	3.15806340001291	0	1
117.622285599995	3.15330359997461	0	1
117.321574799993	3.14854379999451	0	1
117.020864000006	3.14378400001442	0	1
116.720153200004	3.13902419997612	0	1
116.419442400002	3.13426439999603	0	1
116.1187316	3.12950460001593	0	1
115.818020799998	3.12474479997763	0	1
115.517309999996	3.11998499999754	0	1
115.216599199994	3.11522520001745	0	1
114.915888400006	3.11046539997915	0	1
114.615177600004	3.10570559999906	0	1
114.314466800002	3.10094580001896	0	1
114.013756	3.09618599998066	0	1
113.713045199998	3.09142620000057	0	1
113.412334399996	3.08666640002048	0	1
113.111623599994	3.08190659998218	0	1
112.810912800007	3.07714680000208	0	1
112.510202000005	3.07238700002199	0	1
112.209491200003	3.06762719998369	0	1
111.908780400001	3.0628674000036	0	1
111.608069599999	3.0581076000235	0	1
111.307358799997	3.0533477999852	0	1
111.006647999995	3.04858800000511	0	1
110.705937199993	3.04382820002502	0	1
110.405226400006	3.03906839998672	0	1
110.104515600004	3.03430860000663	0	1
109.803804800002	3.02954880002653	0	1
109.503094	3.02478899998823	0	1
109.202383199998	3.02002920000814	0	1
108.901672399996	3.01526940002805	0	1
108.600961599994	3.01050959998975	0	1
108.300250800006	3.00574980000965	0	1
107.999540000004	3.00098999997135	0	1
107.698829200002	2.99623019999126	0	1
107.3981184	2.99147040001117	0	1
107.097407599998	2.98671059997287	0	1
106.796696799996	2.98195079999277	0	1
106.495985999994	2.97719100001268	0	1
106.195275200007	2.97243119997438	0	1
105.894564400005	2.96767139999429	0	1
105.593853600003	2.96291160001419	0	1
105.293142800001	2.95815179997589	0	1
104.992431999999	2.9533919999958	0	1
104.691721199997	2.94863220001571	0	1
104.391010399995	2.94387239997741	0	1
104.090299599993	2.93911259999732	0	1
103.789588800006	2.93435280001722	0	1
103.488878000004	2.92959299997892	0	1
103.188167200002	2.92483319999883	0	1
102.8874564	2.92007340001874	0	1
102.586745599998	2.91531359998044	0	1
102.286034799996	2.91055380000034	0	1
101.985323999994	2.90579400002025	0	1
101.684613200006	2.90103419998195	0	1
101.383902400004	2.89627440000186	0	1
101.083191600002	2.89151460002176	0	1
100.7824808	2.88675479998346	0	1
100.481769999999	2.88199500000337	0	1
100.181059199997	2.87723520002328	0	1
99.8803483999945	2.87247539998498	0	1
99.5796376000071	2.86771560000489	0	1
99.2789268000051	2.86295580002479	0	1
98.9782160000032	2.85819599998649	0	1
98.6775052000012	2.8534362000064	0	1
98.3767943999992	2.84867640002631	0	1
98.0760835999972	2.84391659998801	0	1
97.7753727999952	2.83915680000791	0	1
97.4746619999933	2.83439700002782	0	1
97.1739512000058	2.82963719998952	0	1
96.8732404000039	2.82487740000943	0	1
96.5725296000019	2.82011759997113	0	1
96.2718187999999	2.81535779999103	0	1
95.9711079999979	2.81059800001094	0	1
95.6703971999959	2.80583819997264	0	1
95.369686399994	2.80107839999255	0	1
95.0689756000065	2.79631860001246	0	1
94.7682648000045	2.79155879997415	0	1
94.4675540000026	2.78679899999406	0	1
94.1668432000006	2.78203920001397	0	1
93.8661323999986	2.77727939997567	0	1
93.5654215999966	2.77251959999558	0	1
93.2647107999946	2.76775980001548	0	1
92.9640000000072	2.76299999997718	0	1
92.6634639999975	2.76008999999613	0	1
92.3629280000023	2.75718000001507	0	1
92.0623920000071	2.7542699999758	0	1
91.7618559999974	2.75135999999475	0	1
91.4613200000022	2.74845000001369	0	1
91.160784000007	2.74553999997443	0	1
90.8602479999972	2.74262999999337	0	1
90.559712000002	2.73972000001231	0	1
90.2591760000068	2.73680999997305	0	1
89.9586399999971	2.73389999999199	0	1
89.6581040000019	2.73099000001093	0	1
89.3575680000067	2.72807999997167	0	1
89.057031999997	2.72516999999061	0	1
88.7564960000018	2.72226000000956	0	1
88.4559600000066	2.7193500000285	0	1
88.1554239999969	2.71643999998923	0	1
87.8548880000017	2.71353000000818	0	1
87.5543520000065	2.71062000002712	0	1
87.2538159999967	2.70770999998786	0	1
86.9532800000015	2.7048000000068	0	1
86.6527440000064	2.70189000002574	0	1
86.3522079999966	2.69897999998648	0	1
86.0516720000014	2.69607000000542	0	1
85.7511360000062	2.69316000002436	0	1
85.4505999999965	2.6902499999851	0	1
85.1500640000013	2.68734000000404	0	1
84.8495280000061	2.68443000002299	0	1
84.5489919999964	2.68151999998372	0	1
84.2484560000012	2.67861000000266	0	1
83.947920000006	2.67570000002161	0	1
83.6473839999962	2.67278999998234	0	1
83.346848000001	2.66988000000129	0	1
83.0463120000059	2.66697000002023	0	1
82.7457759999961	2.66405999998096	0	1
82.4452400000009	2.66114999999991	0	1
82.1447040000057	2.65824000001885	0	1
81.844167999996	2.65532999997959	0	1
81.5436320000008	2.65241999999853	0	1
81.2430960000056	2.64951000001747	0	1
80.9425599999959	2.64659999997821	0	1
80.6420240000007	2.64368999999715	0	1
80.3414880000055	2.64078000001609	0	1
80.0409519999957	2.63786999997683	0	1
79.7404160000006	2.63495999999577	0	1
79.4398800000054	2.63205000001471	0	1
79.1393439999956	2.62913999997545	0	1
78.8388080000004	2.62622999999439	0	1
78.5382720000052	2.62332000001334	0	1
78.2377359999955	2.62040999997407	0	1
77.9372000000003	2.61749999999302	0	1
77.6366640000051	2.61459000001196	0	1
77.3361279999954	2.61167999997269	0	1
77.0355920000002	2.60876999999164	0	1
76.735056000005	2.60586000001058	0	1
76.4345199999952	2.60294999997132	0	1
76.1339840000001	2.60003999999026	0	1
75.8334480000049	2.5971300000092	0	1
75.5329119999951	2.59422000002814	0	1
75.2323759999999	2.59130999998888	0	1
74.9318400000047	2.58840000000782	0	1
74.631303999995	2.58549000002677	0	1
74.3307679999998	2.5825799999875	0	1
74.0302320000046	2.57967000000644	0	1
73.7296959999949	2.57676000002539	0	1
73.4291599999997	2.57384999998612	0	1
73.1286240000045	2.57094000000507	0	1
72.8280879999948	2.56803000002401	0	1
72.5275519999996	2.56511999998474	0	1
72.2270160000044	2.56221000000369	0	1
71.9264799999946	2.55930000002263	0	1
71.6259439999994	2.55638999998337	0	1
71.3254080000042	2.55348000000231	0	1
71.0248719999945	2.55057000002125	0	1
70.7243359999993	2.54765999998199	0	1
70.4238000000041	2.54475000000093	0	1
70.1232639999944	2.54184000001987	0	1
69.8227279999992	2.53892999998061	0	1
69.522192000004	2.53601999999955	0	1
69.2216559999943	2.5331100000185	0	1
68.9211199999991	2.53019999997923	0	1
68.6205840000039	2.52728999999817	0	1
68.3200479999941	2.52438000001712	0	1
68.0195119999989	2.52146999997785	0	1
67.7189760000037	2.5185599999968	0	1
67.418439999994	2.51565000001574	0	1
67.1179039999988	2.51273999997647	0	1
66.8173680000036	2.50982999999542	0	1
66.5168319999939	2.50692000001436	0	1
66.2162959999987	2.5040099999751	0	1
65.9157600000035	2.50109999999404	0	1
65.6152239999938	2.49819000001298	0	1
65.3146879999986	2.49527999997372	0	1
65.0141520000034	2.49236999999266	0	1
64.7136159999936	2.4894600000116	0	1
64.4130799999984	2.48654999997234	0	1
64.1125440000033	2.48363999999128	0	1
63.8120079999935	2.48073000001023	0	1
63.5114719999983	2.47781999997096	0	1
63.2109360000031	2.4749099999899	0	1
62.9103999999934	2.47200000000885	0	1
62.6098639999982	2.46909000002779	0	1
62.309328000003	2.46617999998853	0	1
62.0087919999933	2.46327000000747	0	1
61.7082559999981	2.46036000002641	0	1
61.4077200000029	2.45744999998715	0	1
61.1071839999931	2.45454000000609	0	1
60.8066479999979	2.45163000002503	0	1
60.5061120000028	2.44871999998577	0	1
60.205575999993	2.44581000000471	0	1
59.9050399999978	2.44290000002366	0	1
59.6045040000026	2.43998999998439	0	1
59.3039679999929	2.43708000000333	0	1
59.0034319999977	2.43417000002228	0	1
58.7028960000025	2.43125999998301	0	1
58.4023599999928	2.42835000000196	0	1
58.1018239999976	2.4254400000209	0	1
57.8012880000024	2.42252999998163	0	1
57.5007520000072	2.41962000000058	0	1
57.2002159999975	2.41671000001952	0	1
56.8996800000023	2.41379999998026	0	1
56.5991440000071	2.4108899999992	0	1
56.2986079999973	2.40798000001814	0	1
55.9980720000021	2.40506999997888	0	1
55.6975360000069	2.40215999999782	0	1
55.3969999999972	2.39925000001676	0	1
55.096464000002	2.3963399999775	0	1
54.7959280000068	2.39342999999644	0	1
54.4953919999971	2.39052000001539	0	1
54.1948560000019	2.38760999997612	0	1
53.8943200000067	2.38469999999506	0	1
53.593783999997	2.38179000001401	0	1
53.2932480000018	2.37887999997474	0	1
52.9927120000066	2.37596999999369	0	1
52.6921759999968	2.37306000001263	0	1
52.3916400000016	2.37014999997336	0	1
52.0911040000065	2.36723999999231	0	1
51.7905679999967	2.36433000001125	0	1
51.4900320000015	2.36141999997199	0	1
51.1894960000063	2.35850999999093	0	1
50.8889599999966	2.35560000000987	0	1
50.5884240000014	2.35269000002882	0	1
50.2878880000062	2.34977999998955	0	1
49.9873519999965	2.34687000000849	0	1
49.6868160000013	2.34396000002744	0	1
49.3862800000061	2.34104999998817	0	1
49.0857439999963	2.33814000000712	0	1
48.7852080000011	2.33523000002606	0	1
48.484672000006	2.33231999998679	0	1
48.1841359999962	2.32941000000574	0	1
47.883600000001	2.32650000002468	0	1
47.5830640000058	2.32358999998542	0	1
47.2825279999961	2.32068000000436	0	1
46.9819920000009	2.3177700000233	0	1
46.6814560000057	2.31485999998404	0	1
46.380919999996	2.31195000000298	0	1
46.0803840000008	2.30904000002192	0	1
45.7798480000056	2.30612999998266	0	1
45.4793119999958	2.3032200000016	0	1
45.1787760000007	2.30031000002054	0	1
44.8782400000055	2.29739999998128	0	1
44.5777039999957	2.29449000000022	0	1
44.2771680000005	2.29158000001917	0	1
43.9766320000053	2.2886699999799	0	1
43.6760959999956	2.28575999999885	0	1
43.3755600000004	2.28285000001779	0	1
43.0750240000052	2.27993999997852	0	1
42.7744879999955	2.27702999999747	0	1
42.4739520000003	2.27412000001641	0	1
42.1734160000051	2.27120999997715	0	1
41.8728799999953	2.26829999999609	0	1
41.5723440000002	2.26539000001503	0	1
41.271808000005	2.26247999997577	0	1
40.9712719999952	2.25956999999471	0	1
40.670736	2.25666000001365	0	1
40.3702000000048	2.25374999997439	0	1
40.0696639999951	2.25083999999333	0	1
39.7691279999999	2.24793000001227	0	1
39.4685920000047	2.24501999997301	0	1
39.168055999995	2.24210999999195	0	1
38.8675199999998	2.2392000000109	0	1
38.5669840000046	2.23628999997163	0	1
38.2664479999949	2.23337999999058	0	1
37.9659119999997	2.23047000000952	0	1
37.6653760000045	2.22756000002846	0	1
37.3648399999947	2.2246499999892	0	1
37.0643039999995	2.22174000000814	0	1
36.7637680000043	2.21883000002708	0	1
36.4632319999946	2.21591999998782	0	1
36.1626959999994	2.21301000000676	0	1
35.8621600000042	2.2101000000257	0	1
35.5616239999945	2.20718999998644	0	1
35.2610879999993	2.20428000000538	0	1
34.9605520000041	2.20137000002433	0	1
34.6600159999944	2.19845999998506	0	1
34.3594799999992	2.195550000004	0	1
34.058944000004	2.19264000002295	0	1
33.7584079999942	2.18972999998368	0	1
33.457871999999	2.18682000000263	0	1
33.1573360000039	2.18391000002157	0	1
32.8567999999941	2.1809999999823	0	1
32.5562639999989	2.17809000000125	0	1
32.2557280000037	2.17518000002019	0	1
31.955191999994	2.17226999998093	0	1
31.6546559999988	2.16935999999987	0	1
31.3541200000036	2.16645000001881	0	1
31.0535839999939	2.16353999997955	0	1
30.7530479999987	2.16062999999849	0	1
30.4525120000035	2.15772000001743	0	1
30.1519759999937	2.15480999997817	0	1
29.8514399999985	2.15189999999711	0	1
29.5509040000034	2.14899000001606	0	1
29.2503679999936	2.14607999997679	0	1
28.9498319999984	2.14316999999573	0	1
28.6492960000032	2.14026000001468	0	1
28.3487599999935	2.13734999997541	0	1
28.0482239999983	2.13443999999436	0	1
27.7476880000031	2.1315300000133	0	1
27.4471519999934	2.12861999997403	0	1
27.1466159999982	2.12570999999298	0	1
26.846080000003	2.12280000001192	0	1
26.5455439999932	2.11988999997266	0	1
26.2450079999981	2.1169799999916	0	1
25.9444720000029	2.11407000001054	0	1
25.6439359999931	2.11115999997128	0	1
25.3433999999979	2.10824999999022	0	1
25.0428640000027	2.10534000000916	0	1
24.742327999993	2.10243000002811	0	1
24.4417919999978	2.09951999998884	0	1
24.1412560000026	2.09661000000779	0	1
23.8407199999929	2.09370000002673	0	1
23.5401839999977	2.09078999998746	0	1
23.2396480000025	2.08788000000641	0	1
22.9391119999927	2.08497000002535	0	1
22.6385759999976	2.08205999998609	0	1
22.3380400000024	2.07915000000503	0	1
22.0375040000072	2.07624000002397	0	1
21.7369679999974	2.07332999998471	0	1
21.4364320000022	2.07042000000365	0	1
21.1358960000071	2.06751000002259	2	1
20.8353599999973	2.06459999998333	2	1
20.5348240000021	2.06169000000227	2	1
20.2342880000069	2.05878000002122	2	1
19.9337519999972	2.05586999998195	2	1
19.633216000002	2.05296000000089	2	1
19.3326800000068	2.05005000001984	2	1
19.0321439999971	2.04713999998057	2	1
18.7316080000019	2.04422999999952	2	1
18.419390666706	2.07000250002602	2	1
18.1071733332938	2.09577499999432	2	1
17.7949559999979	2.12154750002082	2	1
17.4827386667021	2.14731999998912	2	1
17.1705213333044	2.17309250001563	2	1
16.858303999994	2.19886499998393	2	1
16.5460866666981	2.22463750001043	2	1
16.2338693333004	2.25040999997873	2	1
15.9216520000045	2.27618250000523	2	1
15.6094346666941	2.30195499997353	2	1
15.2972173332964	2.32772750000004	2	1
14.9850000000006	2.35350000002654	2	1
14.6713750000054	2.39804166700924	2	1
14.3577499999956	2.4425833330024	2	1
14.0441250000003	2.4871249999851	2	1
13.7305000000051	2.531666667026	2	1
13.4168749999953	2.57620833301917	2	1
13.1032500000001	2.62075000000186	2	1
12.7896250000049	2.66529166698456	2	1
12.4759999999951	2.70983333297772	2	1
12.1623749999999	2.75437500001863	2	1
12.0332763726608	2.77465576287057	2	1
11.7359832170039	2.81745762725819	2	1
11.4379498924331	2.85475853127868	2	1
11.1392781770556	2.8865457367075	2	1
10.8400700669886	2.91280838824311	2	1
10.5404277415277	2.93353751721408	2	1
10.2404535282525	2.94872604464184	2	1
9.94024986808204	2.9583687836582	2	1
9.63991928029117	2.96246244127662	2	1
9.33956432750053	2.96100561951676	2	1
9.03928758065135	2.95399881588193	2	1
8.73919158397759	2.94144442318915	1	1
8.4392705353925	2.93106063123059	1	1
8.13930808532938	2.92200093982994	1	1
7.83930618291995	2.91435842670572	1	1
7.53927152361241	2.9081332624237	1	1
7.23921080358603	2.9033255859172	1	1
6.93913071960176	2.89993550448404	1	1
6.63903796885265	2.89796309378412	1	1
6.33893924881448	2.89740839783774	1	1
6.03884125709628	2.89827142902462	1	1
5.73875069129074	2.90055216808362	1	1
5.43867424882493	2.90425056411314	1	1
5.13861862681062	2.90936653457233	1	1
4.83859052189494	2.91589996528284	0	1
4.53859663011094	2.92385071043146	0	1
4.23670926160412	2.94382203702116	0	1
3.93774348120496	2.99042669701157	0	1
3.64389078010572	3.06255936797243	0	1
3.35732674080646	3.15968600497581	0	1
3.08017298320192	3.28108751599211	0	1
2.81448145689501	3.42586508701788	0	1
2.56221924879355	3.59294683497865	0	1
2.32525402010651	3.78109574597329	0	1
2.10534017850296	3.98891883000033	0	1
1.90410588910163	4.21487743902253	0	1
1.7230410202028	4.45729865401518	0	1
1.56348611270369	4.71438767301152	0	1
1.42662245529937	4.98424109898042	0	1
1.31346333869442	5.26486103102798	0	1
1.22484655340668	5.55416985898046	0	1
1.16142818699882	5.85002563899616	0	1
1.1236777669983	6.15023796097375	0	1
1.11187478419743	6.45258415600983	0	1
1.12610662379302	6.75482576002833	0	1
1.12763462223759	7.05632118703821	0	1
1.12916262068216	7.35781661404809	0	1
1.13069061912673	7.65931204105797	0	1
1.1322186175713	7.96080746806785	0	1
1.13374661601588	8.26230289507773	0	1
1.13527461446045	8.56379832208761	0	1
1.13680261290502	8.86529374909749	0	1
1.13833061134959	9.16678917610737	0	1
1.13985860979416	9.46828460311725	0	1
1.14138660823873	9.76978003012713	0	1
1.1429146066833	10.071275457137	0	1
1.14444260512787	10.3727708841469	0	1
1.14597060357245	10.6742663111568	0	1
1.14749860201702	10.9757617381666	0	1
1.14902660046159	11.2772571651765	0	1
1.15055459890616	11.5787525921864	0	1
1.15208259735073	11.8802480191963	0	1
1.1536105957953	12.1817434462062	0	1
1.15513859423987	12.483238873216	0	1
1.15666659268444	12.7847343002259	0	1
1.15819459112902	13.0862297272358	0	1
1.15972258957359	13.3877251542457	0	1
1.16125058801816	13.6892205812556	0	1
1.16277858646273	13.9907160082654	0	1
1.1643065849073	14.2922114352753	0	1
1.16583458335187	14.5937068622852	0	1
1.16736258179644	14.8952022892951	0	1
1.16889058024101	15.196697716305	0	1
1.17041857868558	15.4981931433148	0	1
1.17194657713016	15.7996885703247	0	1
1.17347457557473	16.1011839973346	0	1
1.1750025740193	16.4026794243445	0	1
1.17653057246387	16.7041748513544	0	1
1.17805857090844	17.0056702783642	0	1
1.17958656935301	17.3071657053741	0	1
1.18111456779758	17.608661132384	0	1
1.18264256624215	17.9101565593939	0	1
1.18417056468673	18.2116519864038	0	1
1.1856985631313	18.5131474134136	0	1
1.18722656157587	18.8146428404235	0	1
1.18875456002044	19.1161382674334	0	1
1.19028255846501	19.4176336944433	0	1
1.19181055690958	19.7191291214532	0	1
1.19333855535415	20.020624548463	0	1
1.19486655379872	20.3221199754729	0	1
1.19639455224329	20.6236154024828	0	1
1.19792255068787	20.9251108294927	0	1
1.19945054913244	21.2266062565026	0	1
1.20097854757701	21.5281016835124	0	1
1.20250654602158	21.8295971105223	0	1
1.20403454446615	22.1310925375322	0	1
1.20556254291072	22.4325879645421	0	1
1.20709054135529	22.734083391552	0	1
1.20861853979986	23.0355788185618	0	1
1.21014653824444	23.3370742455717	0	1
1.21167453668901	23.6385696725816	0	1
1.21320253513358	23.9400650995915	0	1
1.21473053357815	24.2415605266014	0	1
1.21625853202272	24.5430559536112	0	1
1.21778653046729	24.8445513806211	0	1
1.21931452891186	25.146046807631	0	1
1.22084252735643	25.4475422346409	0	1
1.222370525801	25.7490376616508	0	1
1.22389852424558	26.0505330886606	0	1
1.22542652269015	26.3520285156705	0	1
1.22695452113472	26.6535239426804	0	1
1.22848251957929	26.9550193696903	0	1
1.23001051802386	27.2565147967002	0	1
1.23153851646843	27.55801022371	0	1
1.233066514913	27.8595056507199	0	1
1.23459451335757	28.1610010777298	0	1
1.23612251180215	28.4624965047397	0	1
1.23765051024672	28.7639919317496	0	1
1.23917850869129	29.0654873587594	0	1
1.24070650713586	29.3669827857693	0	1
1.24223450558043	29.6684782127792	0	1
1.243762504025	29.9699736397891	0	1
1.24529050246957	30.271469066799	0	1
1.24681850091414	30.5729644938088	0	1
1.24834649935872	30.8744599208187	0	1
1.24987449780329	31.1759553478286	0	1
1.25140249624786	31.4774507748385	0	1
1.25293049469243	31.7789462018484	0	1
1.254458493137	32.0804416288582	0	1
1.25598649158157	32.3819370558681	0	1
1.25751449002614	32.683432482878	0	1
1.25904248847071	32.9849279098879	0	1
1.26057048691528	33.2864233368978	0	1
1.26209848535986	33.5879187639076	0	1
1.26362648380443	33.8894141909175	0	1
1.265154482249	34.1909096179274	0	1
1.26668248069357	34.4924050449373	0	1
1.26821047913814	34.7939004719472	0	1
1.26973847758271	35.095395898957	0	1
1.27126647602728	35.3968913259669	0	1
1.27279447447185	35.6983867529768	0	1
1.27432247291643	35.9998821799867	0	1
1.275850471361	36.3013776069966	0	1
1.27737846980557	36.6028730340064	0	1
1.27890646825014	36.9043684610163	0	1
1.28043446669471	37.2058638880262	1	1
1.29948822139704	37.5058616879978	1	1
1.32281414199679	37.8055575800245	1	1
1.35040749360633	38.1048907269724	1	1
1.38226267500431	38.403800368018	1	1
1.4183732199017	38.7022258269717	1	1
1.45873179819318	39.0001065270044	1	1
1.50333021749975	39.2973820000188	1	1
1.55215942490031	39.5939919030061	1	1
1.60520950829959	39.8898760270094	1	1
1.66246969919303	40.1849743089988	1	1
1.72392837429652	40.4792268489837	1	1
1.78957305809308	40.7725739160087	1	1
1.85939042539394	41.0649559629965	1	1
1.93336630389967	41.3563136389712	1	1
2.01148567719792	41.6465878019808	1	1
2.19264563110482	41.9927718450199	0	1
2.303791262093	42.2745436889818	0	1
2.41493689319759	42.5563155339914	0	1
2.52608252430218	42.8380873790011	0	1
2.63722815530491	43.1198592230212	0	1
2.74837378639495	43.4016310679726	0	1
2.85951941749954	43.6834029129823	0	1
2.97066504850227	43.9651747570024	0	1
3.08181067960686	44.246946602012	0	1
3.1929563106969	44.5287184470217	0	1
3.30410194169963	44.8104902909836	0	1
3.41524757280422	45.0922621359932	0	1
3.52639320389426	45.3740339810029	0	1
3.63753883489699	45.655805825023	0	1
3.74868446600158	45.9375776699744	0	1
3.85983009710617	46.2193495149841	0	1
3.97097572819621	46.5011213590042	0	1
4.08212135919894	46.7828932040138	0	1
4.19326699030353	47.0646650490235	0	1
4.30441262139357	47.3464368929854	0	1
4.41555825239629	47.628208737995	0	1
4.52670388350089	47.9099805830047	0	1
4.63784951460548	48.1917524270248	0	1
4.74899514559365	48.4735242719762	0	1
4.86014077669824	48.7552961169858	0	1
4.97128640780284	49.037067961006	0	1
5.08243203880556	49.3188398060156	0	1
5.1935776698956	49.6006116510252	0	1
5.30472330100019	49.8823834949872	0	1
5.41586893200292	50.1641553399968	0	1
5.52701456309296	50.4459271840169	0	1
5.63816019419755	50.7276990290266	0	1
5.74930582520028	51.009470873978	0	1
5.86045145630487	51.2912427179981	0	1
5.97159708739491	51.5730145630077	0	1
6.0827427184995	51.8547864080174	0	1
6.19388834950223	52.1365582519793	0	1
6.30503398060682	52.4183300969889	0	1
6.41617961169686	52.7001019419986	0	1
6.52732524269959	52.9818737860187	0	1
6.63847087380418	53.2636456310283	0	1
6.74961650489422	53.5454174759798	0	1
6.86076213589695	53.8271893199999	0	1
6.97190776700154	54.1089611650095	0	1
7.08305339810613	54.3907330100192	0	1
7.19419902909431	54.6725048539811	0	1
7.3053446601989	54.9542766989907	0	1
7.41649029130349	55.2360485440004	0	1
7.52763592230622	55.5178203880205	0	1
7.63878155339626	55.7995922329719	0	1
7.74992718450085	56.0813640779816	0	1
7.86107281550358	56.3631359220017	0	1
7.97221844659362	56.6449077670113	0	1
8.08336407769821	56.926679612021	0	1
8.19450970870093	57.2084514559829	0	1
8.30565533980553	57.4902233009925	0	1
8.41680097089557	57.7719951460022	0	1
8.52794660189829	58.0537669900223	0	1
8.63909223300288	58.3355388349737	0	1
8.75023786409292	58.6173106799833	0	1
8.86138349519752	58.8990825240035	0	1
8.97252912620024	59.1808543690131	0	1
9.08367475730483	59.4626262140227	0	1
9.19482038839487	59.7443980579847	0	1
9.3059660193976	60.0261699029943	0	1
9.41711165050219	60.3079417480039	0	1
9.52825728150492	60.5897135920241	0	1
9.63940291259496	60.8714854369755	0	1
9.75054854369955	61.1532572819851	0	1
9.86169417480414	61.4350291260052	0	1
9.97283980580687	61.7168009710149	0	1
10.0839854368969	61.9985728160245	0	1
10.1951310680015	62.2803446599864	0	1
10.3062766990042	62.5621165049961	0	1
10.4174223300943	62.8438883490162	0	1
10.5285679611989	63.1256601940258	0	1
10.6397135922016	63.4074320389773	0	1
10.7508592233062	63.6892038829974	0	1
10.8620048543962	63.970975728007	0	1
10.9731504853989	64.2527475730167	0	1
11.0842961165035	64.5345194169786	0	1
11.1954417475936	64.8162912619882	0	1
11.3065873785963	65.0980631069979	0	1
11.4177330097009	65.379834951018	0	1
11.5288786408055	65.6616067960276	0	1
11.6400242718955	65.9433786409791	0	1
11.7511699028983	66.2251504849992	0	1
11.8623155340028	66.5069223300088	0	1
11.9734611650056	66.7886941750185	0	1
12.0846067960956	67.0704660189804	0	1
12.1957524272002	67.35223786399	0	1
12.3068980583048	67.6340097089997	0	1
12.418043689293	67.9157815530198	0	1
12.5291893203976	68.1975533979712	0	1
12.6403349515022	68.4793252429808	0	1
12.7514805825049	68.761097087001	0	1
12.8626262135949	69.0428689320106	0	1
12.9737718446995	69.3246407770202	0	1
13.0849174757022	69.6064126209822	0	1
13.2062501793989	69.8855199309764	1	1
13.2934892259946	70.173985454021	1	1
13.4022947096964	70.4550270449836	1	1
13.5320434025052	70.727034924028	1	1
13.6819921157003	70.988451052981	1	1
13.851281956493	71.2377780650277	1	1
14.0389432482043	71.4735878380015	1	1
14.2439010837988	71.6945296740159	1	1
14.4649814832956	71.8993380389875	1	1
14.7009181183967	72.0868398079765	1	1
14.950359565395	72.2559609889868	1	1
15.2118770460947	72.4057328699855	1	1
15.4839726122009	72.5352975730202	1	1
15.7650877247943	72.6439129619976	1	1
16.0536121821933	72.7309568980127	0	1
16.3478791794321	72.7960500449957	0	1
16.6458518796228	72.8312332561343	0	1
16.9438726602801	72.8660068481445	0	1
17.2419409583066	72.900370755323	0	1
17.5400562105144	72.9343249127408	0	1
17.8382178536276	72.9678692562429	0	1
18.1364253242821	73.0010037224486	0	1
18.4346780590276	73.0337282487518	0	1
18.732975494328	73.0660427733208	0	1
19.0313170665629	73.0979472350987	0	1
19.3297022120284	73.1294415738034	0	1
19.6281303669384	73.1605257299277	0	1
19.9266009674254	73.1911996447393	0	1
20.2251134495417	73.2214632602812	0	1
20.5236672492607	73.2513165193715	0	1
20.8222618024774	73.2807593656038	0	1
21.1208965450099	73.309791743347	0	1
21.4195709126006	73.3384135977458	0	1
21.7182843409168	73.3666248747202	0	1
22.017036265552	73.3944255209663	0	1
22.315826122027	73.4218154839559	0	1
22.6146533457909	73.4487947119369	0	1
22.9135173722224	73.4753631539331	0	1
23.2124176366303	73.5015207597446	0	1
23.5113535742553	73.5272674799477	0	1
23.8103246202704	73.552603265895	0	1
24.1093302097824	73.5775280697156	0	1
24.4083697778328	73.6020418443152	0	1
24.707442759399	73.6261445433761	0	1
25.0065485893952	73.6498361213571	0	1
25.3056867026734	73.673116533494	0	1
25.6048565340249	73.6959857357996	0	1
25.9040575181806	73.7184436850633	0	1
26.2032890898131	73.7404903388519	0	1
26.5025506835369	73.7621256555091	0	1
26.8018417339097	73.7833495941559	0	1
27.1011616754336	73.8041621146905	0	1
27.4005099425564	73.8245631777887	0	1
27.6998859696719	73.8445527449033	0	1