27.6290000000008	71.9257894739858	2	1
27.3295000000071	71.9650789470179	2	1
27.0299999999988	72.0043684209813	2	1
26.7305000000051	72.043657895003	2	1
26.4309999999969	72.0829473679769	2	1
26.1315000000031	72.1222368419985	2	1
25.8319999999949	72.1615263160202	2	1
25.5325000000012	72.2008157889941	2	1
25.2329999999929	72.2401052630157	2	1
24.9334999999992	72.2793947369792	2	1
24.6340000000055	72.3186842110008	2	1
24.3344999999972	72.3579736839747	2	1
24.0350000000035	72.3972631579963	2	1
23.7354999999952	72.436552632018	2	1
23.4360000000015	72.4758421049919	2	1
23.1364999999932	72.5151315790135	2	1
22.8369999999995	72.554421052977	2	1
22.5375000000058	72.5937105260091	2	1
22.2379999999976	72.6329999999725	2	1
21.9203846153978	72.6402307690005	2	1
21.602769230798	72.6474615380284	2	1
21.2851538461982	72.6546923079877	2	1
20.9675384614966	72.6619230770157	2	1
20.6499230768968	72.6691538459854	2	1
20.332307692297	72.6763846150134	2	1
20.0146923076973	72.6836153849727	2	1
19.6970769230975	72.6908461540006	2	1
19.3794561046631	72.6982880588774	2	1
19.0791090399349	72.6939416337198	2	1
18.7787402602464	72.6963596682341	2	1
18.4785020964124	72.705540936124	2	1
18.1785468130065	72.7214807811464	2	1
17.8790265311405	72.7441711194732	1	1
17.580093151317	72.7736004437909	1	1
17.2818982763937	72.8097538291365	1	1
16.9469599884033	72.8583083970007	1	1
16.6462455892033	72.8384625060135	1	1
16.347893342303	72.7959308010177	1	1
16.0536121821933	72.7309568980127	1	1
15.7650877247943	72.6439129619976	1	1
15.4839726122009	72.5352975730202	1	1
15.2118770460947	72.4057328699855	1	1
14.950359565395	72.2559609889868	1	1
14.7009181183967	72.0868398079765	1	1
14.4649814832956	71.8993380389875	1	1
14.2439010837988	71.6945296740159	1	1
14.0389432482043	71.4735878380015	1	1
13.851281956493	71.2377780650277	1	1
13.6819921157003	70.988451052981	1	1
13.5320434025052	70.727034924028	1	1
13.4022947096964	70.4550270449836	1	1
13.2934892259946	70.173985454021	1	1
13.2062501793989	69.8855199309764	1	1
13.0849174757022	69.6064126209822	0	1
12.9737718446995	69.3246407770202	0	1
12.8626262135949	69.0428689320106	0	1
12.7514805825049	68.761097087001	0	1
12.6403349515022	68.4793252429808	0	1
12.5291893203976	68.1975533979712	0	1
12.418043689293	67.9157815530198	0	1
12.3068980583048	67.6340097089997	0	1
12.1957524272002	67.35223786399	0	1
12.0846067960956	67.0704660189804	0	1
11.9734611650056	66.7886941750185	0	1
11.8623155340028	66.5069223300088	0	1
11.7511699028983	66.2251504849992	0	1
11.6400242718955	65.9433786409791	0	1
11.5288786408055	65.6616067960276	0	1
11.4177330097009	65.379834951018	0	1
11.3065873785963	65.0980631069979	0	1
11.1954417475936	64.8162912619882	0	1
11.0842961165035	64.5345194169786	0	1
10.9731504853989	64.2527475730167	0	1
10.8620048543962	63.970975728007	0	1
10.7508592233062	63.6892038829974	0	1
10.6397135922016	63.4074320389773	0	1
10.5285679611989	63.1256601940258	0	1
10.4174223300943	62.8438883490162	0	1
10.3062766990042	62.5621165049961	0	1
10.1951310680015	62.2803446599864	0	1
10.0839854368969	61.9985728160245	0	1
9.97283980580687	61.7168009710149	0	1
9.86169417480414	61.4350291260052	0	1
9.75054854369955	61.1532572819851	0	1
9.63940291259496	60.8714854369755	0	1
9.52825728150492	60.5897135920241	0	1
9.41711165050219	60.3079417480039	0	1
9.3059660193976	60.0261699029943	0	1
9.19482038839487	59.7443980579847	0	1
9.08367475730483	59.4626262140227	0	1
8.97252912620024	59.1808543690131	0	1
8.86138349519752	58.8990825240035	0	1
8.75023786409292	58.6173106799833	0	1
8.63909223300288	58.3355388349737	0	1
8.52794660189829	58.0537669900223	0	1
8.41680097089557	57.7719951460022	0	1
8.30565533980553	57.4902233009925	0	1
8.19450970870093	57.2084514559829	0	1
8.08336407769821	56.926679612021	0	1
7.97221844659362	56.6449077670113	0	1
7.86107281550358	56.3631359220017	0	1
7.74992718450085	56.0813640779816	0	1
7.63878155339626	55.7995922329719	0	1
7.52763592230622	55.5178203880205	0	1
7.41649029130349	55.2360485440004	0	1
7.3053446601989	54.9542766989907	0	1
7.19419902909431	54.6725048539811	0	1
7.08305339810613	54.3907330100192	0	1
6.97190776700154	54.1089611650095	0	1
6.86076213589695	53.8271893199999	0	1
6.74961650489422	53.5454174759798	0	1
6.63847087380418	53.2636456310283	0	1
6.52732524269959	52.9818737860187	0	1
6.41617961169686	52.7001019419986	0	1
6.30503398060682	52.4183300969889	0	1
6.19388834950223	52.1365582519793	0	1
6.0827427184995	51.8547864080174	0	1
5.97159708739491	51.5730145630077	0	1
5.86045145630487	51.2912427179981	0	1
5.74930582520028	51.009470873978	0	1
5.63816019419755	50.7276990290266	0	1
5.52701456309296	50.4459271840169	0	1
5.41586893200292	50.1641553399968	0	1
5.30472330100019	49.8823834949872	0	1
5.1935776698956	49.6006116510252	0	1
5.08243203880556	49.3188398060156	0	1
4.97128640780284	49.037067961006	0	1
4.86014077669824	48.7552961169858	0	1
4.74899514559365	48.4735242719762	0	1
4.63784951460548	48.1917524270248	0	1
4.52670388350089	47.9099805830047	0	1
4.41555825239629	47.628208737995	0	1
4.30441262139357	47.3464368929854	0	1
4.19326699030353	47.0646650490235	0	1
4.08212135919894	46.7828932040138	0	1
3.97097572819621	46.5011213590042	0	1
3.85983009710617	46.2193495149841	0	1
3.74868446600158	45.9375776699744	0	1
3.63753883489699	45.655805825023	0	1
3.52639320389426	45.3740339810029	0	1
3.41524757280422	45.0922621359932	0	1
3.30410194169963	44.8104902909836	0	1
3.1929563106969	44.5287184470217	0	1
3.08181067960686	44.246946602012	0	1
2.97066504850227	43.9651747570024	0	1
2.85951941749954	43.6834029129823	0	1
2.74837378639495	43.4016310679726	0	1
2.63722815530491	43.1198592230212	0	1
2.52608252430218	42.8380873790011	0	1
2.41493689319759	42.5563155339914	0	1
2.303791262093	42.2745436889818	0	1
2.19264563110482	41.9927718450199	0	1
2.01148567719792	41.6465878019808	1	1
1.93336630389967	41.3563136389712	1	1
1.85939042539394	41.0649559629965	1	1
1.78957305809308	40.7725739160087	1	1
1.72392837429652	40.4792268489837	1	1
1.66246969919303	40.1849743089988	1	1
1.60520950829959	39.8898760270094	1	1
1.55215942490031	39.5939919030061	1	1
1.50333021749975	39.2973820000188	1	1
1.45873179819318	39.0001065270044	1	1
1.4183732199017	38.7022258269717	1	1
1.38226267500431	38.403800368018	1	1
1.35040749360633	38.1048907269724	1	1
1.32281414199679	37.8055575800245	1	1
1.29948822139704	37.5058616879978	1	1
1.28043446669471	37.2058638880262	1	1
1.2656567455997	36.9056250739959	1	1
1.25515805790201	36.6052061939845	1	1
1.24894053480239	36.3046682290151	0	1
1.24689005061737	36.0043087537139	0	1
1.24483956643235	35.7039492784126	0	1
1.24278908224733	35.4035898031114	0	1
1.24073859806231	35.1032303278102	0	1
1.23868811387729	34.8028708525089	0	1
1.23663762969227	34.5025113772077	0	1
1.23458714550725	34.2021519019065	0	1
1.23253666132223	33.9017924266053	0	1
1.23048617713721	33.601432951304	0	1
1.22843569295219	33.3010734760028	0	1
1.22638520876717	33.0007140007016	0	1
1.22433472458215	32.7003545254003	0	1
1.22228424039713	32.3999950500991	0	1
1.22023375621211	32.0996355747979	0	1
1.21818327202709	31.7992760994967	0	1
1.21613278784207	31.4989166241954	0	1
1.21408230365705	31.1985571488942	0	1
1.21203181947203	30.898197673593	0	1
1.20998133528701	30.5978381982917	0	1
1.20793085110199	30.2974787229905	0	1
1.20908510639856	29.9973723400035	0	1
1.21023936169513	29.6972659570165	0	1
1.21139361700625	29.3971595739713	0	1
1.21254787230282	29.0970531909843	0	1
1.21370212770125	28.7969468089868	0	1
1.21485638299782	28.4968404259998	0	1
1.21601063829439	28.1967340430128	0	1
1.21716489360551	27.8966276600258	0	1
1.21831914890208	27.5965212769806	0	1
1.21947340430052	27.2964148939936	0	1
1.22062765959708	26.9963085110066	0	1
1.22178191489365	26.6962021280196	0	1
1.22293617020478	26.3960957449744	0	1
1.22409042550134	26.0959893619874	0	1
1.22524468089978	25.7958829790005	0	1
1.22639893619635	25.4957765960135	0	1
1.22755319149292	25.1956702130265	0	1
1.22870744680404	24.8955638299813	0	1
1.22986170210061	24.5954574469943	0	1
1.23101595749904	24.2953510640073	0	1
1.23217021279561	23.9952446810203	0	1
1.23332446810673	23.6951382979751	0	1
1.2344787234033	23.3950319149881	0	1
1.23563297869987	23.0949255320011	0	1
1.2367872340983	22.7948191490141	0	1
1.23794148939487	22.4947127660271	0	1
1.23909574470599	22.1946063829819	0	1
1.24025000000256	21.8944999999949	0	1
1.24140425529913	21.5943936170079	0	1
1.24255851069756	21.2942872340209	0	1
1.24371276599413	20.9941808509757	0	1
1.24486702130525	20.6940744679887	0	1
1.24602127660182	20.3939680850017	0	1
1.24717553189839	20.0938617020147	0	1
1.24832978719496	19.7937553190277	0	1
1.24948404250608	19.4936489359825	0	1
1.25063829790452	19.1935425529955	0	1
1.25179255320108	18.8934361700085	0	1
1.25294680849765	18.5933297870215	0	1
1.25410106379422	18.2932234039763	0	1
1.25525531910534	17.9931170209893	0	1
1.25640957450378	17.6930106380023	0	1
1.25756382980035	17.3929042550153	0	1
1.25871808509692	17.0927978720283	0	1
1.25987234039349	16.7926914889831	0	1
1.26102659570461	16.4925851059961	0	1
1.26218085110304	16.1924787230091	0	1
1.26333510639961	15.8923723400221	0	1
1.26448936169618	15.5922659569769	0	1
1.26564361699275	15.2921595739899	0	1
1.26679787230387	14.9920531910029	0	1
1.2679521277023	14.6919468080159	0	1
1.26910638299887	14.3918404260185	0	1
1.27026063829544	14.0917340429733	0	1
1.27141489360656	13.7916276599863	0	1
1.27256914890313	13.4915212769993	0	1
1.2737234041997	13.1914148940123	0	1
1.27487765959813	12.8913085110253	0	1
1.2760319148947	12.5912021279801	0	1
1.27718617020582	12.2910957449931	0	1
1.27834042550239	11.9909893620061	0	1
1.27949468090083	11.6908829790191	0	1
1.28064893619739	11.3907765959739	0	1
1.28180319149396	11.0906702129869	0	1
1.28295744680509	10.7905638299999	0	1
1.28411170210165	10.4904574470129	0	1
1.28526595750009	10.1903510640259	0	1
1.28642021279666	9.89024468098069	0	1
1.28757446809323	9.59013829799369	0	1
1.28872872340435	9.29003191500669	0	1
1.28988297870092	8.9899255320197	0	1
1.29103723399749	8.68981914897449	0	1
1.29217151168937	8.3897121216506	1	1
1.29335840078642	8.08839501518316	1	1
1.27749635878337	7.7874933651725	1	1
1.24463619658274	7.48797105031802	1	1
1.19488317519061	7.19078753089274	1	1
1.1662679183064	7.05472507997183	1	1
1.12610662379302	6.75482576002833	1	1
1.11187478419743	6.45258415600983	1	1
1.1236777669983	6.15023796097375	1	1
1.16142818699882	5.85002563899616	1	1
1.22484655340668	5.55416985898046	1	1
1.31346333869442	5.26486103102798	1	1
1.42662245529937	4.98424109898042	1	1
1.56348611270369	4.71438767301152	1	1
1.7230410202028	4.45729865401518	1	1
1.90410588910163	4.21487743902253	1	1
2.10534017850296	3.98891883000033	1	1
2.32525402010651	3.78109574597329	1	1
2.56221924879355	3.59294683497865	1	1
2.81448145689501	3.42586508701788	1	1
3.08017298320192	3.28108751599211	1	1
3.35732674080646	3.15968600497581	1	1
3.64389078010572	3.06255936797243	1	1
3.93774348120496	2.99042669701157	1	1
4.23670926160412	2.94382203702116	1	1
4.53859663011094	2.92385071043146	1	1
4.83859052189494	2.91589996528284	1	1
5.13861862681062	2.90936653457233	1	1
5.43867424882493	2.90425056411314	1	1
5.73875069129074	2.90055216808362	1	1
6.03884125709628	2.89827142902462	1	1
6.33893924881448	2.89740839783774	1	1
6.63903796885265	2.89796309378412	1	1
6.93913071960176	2.89993550448404	1	1
7.23921080358603	2.9033255859172	1	1
7.53927152361241	2.9081332624237	1	1
7.83930618291995	2.91435842670572	1	1
8.13930808532938	2.92200093982994	1	1
8.4392705353925	2.93106063123059	1	1
8.73918683854154	2.9415372987133	1	1
9.03905030123872	2.95343070845962	1	1
9.3388542311255	2.96674059503219	1	1
9.63859193717203	2.9814666613807	1	1
9.93825672982642	2.99760857884853	1	1
10.2378419211641	3.01516598718005	1	1
10.5373408250369	3.03413849452869	1	1
10.8367467572227	3.05452567746566	1	1
11.136053035574	3.07632708098943	1	1
11.4352529801677	3.09954221853585	1	1
11.7343399134535	3.12417057198903	1	1
12.0333071604036	3.15021159169291	1	1
12.3321480486612	3.17766469646352	1	1
12.5960909090936	3.20263636397431	0	1
12.9017727273022	3.23707575799199	0	1
13.2074545454961	3.27151515102014	0	1
13.5131363636028	3.30595454497961	0	1
13.8188181817968	3.34039393899729	0	1
14.1245000000054	3.37483333301498	0	1
14.4301818181993	3.40927272697445	0	1
14.7358636363933	3.44371212099213	0	1
15.0415454545	3.47815151500981	0	1
15.347227272694	3.51259090902749	0	1
15.6529090909025	3.54703030298697	0	1
15.9585909090965	3.58146969700465	0	1
16.2642727273051	3.61590909102233	0	1
16.5699545454991	3.65034848498181	0	1
16.8756363636057	3.68478787899949	0	1
17.1813181817997	3.71922727301717	0	1
17.4869999999937	3.75366666697664	0	1
17.7926818182023	3.78810606099432	0	1
18.0983636363962	3.822545455012	0	1
18.4040454545029	3.85698484897148	0	1
18.7097272726969	3.89142424199963	0	1
19.0154090909055	3.92586363601731	0	1
19.3210909090994	3.96030302997679	0	1
19.6267727272934	3.99474242399447	0	1
19.9324545454001	4.02918181801215	0	1
20.2381363635941	4.06362121197162	0	1
20.5438181818026	4.0980606059893	0	1
20.8494999999966	4.13250000000698	0	1
21.1495800820994	4.13545790599892	0	1
21.4496601643041	4.13841581100132	0	1
21.7497402464069	4.14137371699326	0	1
22.0498203284951	4.14433162199566	0	1
22.3499004106998	4.1472895279876	0	1
22.6499804928026	4.15024743299	0	1
22.9500605749054	4.15320533898193	0	1
23.2501406570955	4.15616324398434	0	1
23.5502207391983	4.15912114997627	0	1
23.8503008213011	4.16207905497868	0	1
24.1503809035057	4.16503696102882	0	1
24.450460985594	4.16799486702075	0	1
24.7505410677986	4.17095277202316	0	1
25.0506211499014	4.17391067801509	0	1
25.3507012320042	4.17686858301749	0	1
25.6507813141943	4.17982648900943	0	1
25.9508613962971	4.18278439401183	0	1
26.2509414783999	4.18574230000377	0	1
26.5510215606046	4.18870020500617	0	1
26.8511016426928	4.19165811099811	0	1
27.1511817247956	4.19461601600051	0	1
27.4512618070003	4.19757392199244	0	1
27.7513418891031	4.20053182798438	0	1
28.0514219712059	4.20348973298678	0	1
28.351502053396	4.20644763897872	0	1
28.6515821354988	4.20940554398112	0	1
28.9516622176016	4.21236344997305	0	1
29.2517422998062	4.21532135497546	0	1
29.5518223818945	4.2182792610256	0	1
29.8519024640991	4.221237166028	0	1
30.1519825462019	4.22419507201994	0	1
30.4520626283047	4.22715297702234	0	1
30.7521427104948	4.23011088301428	0	1
31.0522227925976	4.23306878801668	0	1
31.3523028747004	4.23602669400861	0	1
31.6523829569051	4.23898460000055	0	1
31.9524630389933	4.24194250500295	0	1
32.252543121198	4.24490041099489	0	1
32.5526232033008	4.24785831599729	0	1
32.8527032854035	4.25081622198923	0	1
33.1527833675937	4.25377412699163	0	1
33.4528634496965	4.25673203298356	0	1
33.7529435317992	4.25968993798597	0	1
34.0530236140039	4.2626478439779	0	1
34.3531036961067	4.26560574898031	0	1
34.6531837781949	4.26856365497224	0	1
34.9532638603996	4.27152156102238	0	1
35.2533439425024	4.27447946602479	0	1
35.5534240246052	4.27743737201672	0	1
35.8535041067953	4.28039527701912	0	1
36.1535841888981	4.28335318301106	0	1
36.4536642710009	4.28631108801346	0	1
36.7537443532055	4.2892689940054	0	1
37.0538244352938	4.2922268990078	0	1
37.3539045174984	4.29518480499974	0	1
37.6539845996012	4.29814271000214	0	1
37.954064681704	4.30110061599407	0	1
38.2541447638941	4.30405852198601	0	1
38.5542248459969	4.30701642698841	0	1
38.8543049280997	4.30997433298035	0	1
39.1543850103044	4.31293223798275	0	1
39.4544650924072	4.31589014397468	0	1
39.7545451744954	4.31884804897709	0	1
40.0546252567001	4.32180595502723	0	1
40.3547053388029	4.32476385997143	0	1
40.6547854209057	4.32772176602157	0	1
40.9548655030958	4.33067967102397	0	1
41.2549455851986	4.33363757701591	0	1
41.5550256674032	4.33659548300784	0	1
41.855105749506	4.33955338801024	0	1
42.1551858315943	4.34251129400218	0	1
42.4552659137989	4.34546919900458	0	1
42.7553459959017	4.34842710499652	0	1
43.0554260780045	4.35138500999892	0	1
43.3555061601946	4.35434291599086	0	1
43.6555862422974	4.35730082099326	0	1
43.9556663244002	4.36025872698519	0	1
44.2557464066049	4.3632166319876	0	1
44.5558264886931	4.36617453797953	0	1
44.8559065707959	4.36913244397147	0	1
45.1559866530006	4.37209034897387	0	1
45.4560667351034	4.37504825502401	0	1
45.7561468172062	4.37800616002642	0	1
46.0562268993963	4.38096406601835	0	1
46.3563069814991	4.38392197102075	0	1
46.6563870637037	4.38687987701269	0	1
46.9564671458065	4.38983778201509	0	1
47.2565472278948	4.39279568800703	0	1
47.5566273100994	4.39575359300943	0	1
47.8567073922022	4.39871149900137	0	1
48.156787474305	4.40166940400377	0	1
48.4568675564951	4.4046273099957	0	1
48.7569476385979	4.40758521598764	0	1
49.0570277207007	4.41054312099004	0	1
49.3571078029054	4.41350102698198	0	1
49.6571878849936	4.41645893198438	0	1
49.9572679670964	4.41941683797631	0	1
50.2573480493011	4.42237474297872	0	1
50.5574281314039	4.42533264902886	0	1
50.857508213594	4.42829055397306	0	1
51.1575882956968	4.4312484600232	0	1
51.4576683777996	4.4342063650256	0	1
51.7577484600042	4.43716427101754	0	1
52.057828542107	4.44012217700947	0	1
52.3579086241953	4.44308008201187	0	1
52.6579887063999	4.44603798800381	0	1
52.9580687885027	4.44899589300621	0	1
53.2581488706055	4.45195379899815	0	1
53.5582289527956	4.45491170400055	0	1
53.8583090348984	4.45786960999249	0	1
54.1583891170012	4.46082751499489	0	1
54.4584691992059	4.46378542098682	0	1
54.7585492812941	4.46674332697876	0	1
55.0586293634988	4.46970123198116	0	1
55.3587094456016	4.4726591379731	0	1
55.6587895277044	4.4756170429755	0	1
55.9588696098945	4.47857494902564	0	1
56.2589496919973	4.48153285402805	0	1
56.5590297741001	4.48449076001998	0	1
56.8591098563047	4.48744866502238	0	1
57.159189938393	4.49040657101432	0	1
57.4592700204958	4.49336447601672	0	1
57.7593501027004	4.49632238200866	0	1
58.0594301848032	4.49928028701106	0	1
58.359510266906	4.502238193003	0	1
58.6595903490961	4.50519609899493	0	1
58.9596704311989	4.50815400399733	0	1
59.2597505133017	4.51111190998927	0	1
59.5598305955064	4.51406981499167	0	1
59.8599106775946	4.51702772098361	0	1
60.1599907597993	4.51998562598601	0	1
60.4600708419021	4.52294353197794	0	1
60.7601509240048	4.52590143698035	0	1
61.060231006195	4.52885934297228	0	1
61.3603110882977	4.53181724797469	0	1
61.6603911704005	4.53477515402483	0	1
61.9604712526052	4.53773306001676	0	1
62.2605513346934	4.54069096501917	0	1
62.5606314167962	4.5436488710111	0	1
62.8607114990009	4.5466067760135	0	1
63.1607915811037	4.54956468200544	0	1
63.4608716632065	4.55252258700784	0	1
63.7609517453966	4.55548049299978	0	1
64.0610318274994	4.55843839800218	0	1
64.3611119096022	4.56139630399412	0	1
64.6611919918068	4.56435420899652	0	1
64.9612720738951	4.56731211498845	0	1
65.2613521560997	4.57027002098039	0	1
65.5614322382025	4.57322792598279	0	1
65.8615123203053	4.57618583197473	0	1
66.1615924024954	4.57914373697713	0	1
66.4616724845982	4.58210164302727	0	1
66.761752566701	4.58505954797147	0	1
67.0618326489057	4.58801745402161	0	1
67.3619127309939	4.59097535902401	0	1
67.6619928130967	4.59393326501595	0	1
67.9620728953014	4.59689117001835	0	1
68.2621529774042	4.59984907601029	0	1
68.5622330595943	4.60280698200222	0	1
68.8623131416971	4.60576488700463	0	1
69.1623932237999	4.60872279299656	0	1
69.4624733060045	4.61168069799896	0	1
69.7625533880928	4.6146386039909	0	1
70.0626334701956	4.6175965089933	0	1
70.3627135524002	4.62055441498524	0	1
70.662793634503	4.62351231998764	0	1
70.9628737166058	4.62647022597957	0	1
71.2629537987959	4.62942813098198	0	1
71.5630338808987	4.63238603697391	0	1
71.8631139630015	4.63534394302405	0	1
72.1631940452062	4.63830184802646	0	1
72.4632741272944	4.64125975401839	0	1
72.7633542094991	4.6442176590208	0	1
73.0634342916019	4.64717556501273	0	1
73.3635143737047	4.65013347001513	0	1
73.6635944558948	4.65309137600707	0	1
73.9636745379976	4.65604928100947	0	1
74.2637546201004	4.65900718700141	0	1
74.563834702305	4.66196509200381	0	1
74.8639147843933	4.66492299799575	0	1
75.1639948664961	4.66788090299815	0	1
75.4640749487007	4.67083880899008	0	1
75.7641550308035	4.67379671498202	0	1
76.0642351129063	4.67675461998442	0	1
76.3643151950964	4.67971252597636	0	1
76.6643952771992	4.68267043097876	0	1
76.964475359302	4.6856283370289	0	1
77.2645554415067	4.6885862419731	0	1
77.5646355235949	4.69154414802324	0	1
77.8647156056977	4.69450205302564	0	1
78.1647956879024	4.69745995901758	0	1
78.4648757700052	4.70041786401998	0	1
78.7649558521953	4.70337577001192	0	1
79.0650359342981	4.70633367600385	0	1
79.3651160164009	4.70929158100626	0	1
79.6651960986055	4.71224948699819	0	1
79.9652761806938	4.71520739200059	0	1
80.2653562627966	4.71816529799253	0	1
80.5654363450012	4.72112320299493	0	1
80.865516427104	4.72408110898687	0	1
81.1655965092068	4.72703901398927	0	1
81.4656765913969	4.7299969199812	0	1
81.7657566734997	4.73295482597314	0	1
82.0658367556025	4.73591273097554	0	1
82.3659168378072	4.73887063702568	0	1
82.6659969198954	4.74182854202809	0	1
82.9660770021001	4.74478644802002	0	1
83.2661570842029	4.74774435302243	0	1
83.5662371663057	4.75070225901436	0	1
83.8663172484958	4.75366016401676	0	1
84.1663973305986	4.7566180700087	0	1
84.4664774127014	4.7595759750111	0	1
84.766557494906	4.76253388100304	0	1
85.0666375769943	4.76549178600544	0	1
85.366717659097	4.76844969199738	0	1
85.6667977413017	4.77140759798931	0	1
85.9668778234045	4.77436550299171	0	1
86.2669579055946	4.77732340898365	0	1
86.5670379876974	4.78028131398605	0	1
86.8671180698002	4.78323921997799	0	1
87.1671981520049	4.78619712498039	0	1
87.4672782340931	4.78915503097232	0	1
87.7673583161959	4.79211293597473	0	1
88.0674383984006	4.79507084202487	0	1
88.3675184805033	4.79802874702727	0	1
88.6675985626061	4.80098665301921	0	1
88.9676786447963	4.80394455802161	0	1
89.267758726899	4.80690246401355	0	1
89.5678388090018	4.80986037000548	0	1
89.8679188912065	4.81281827500788	0	1
90.1679989732947	4.81577618099982	0	1
90.4680790553975	4.81873408600222	0	1
90.7681591376022	4.82169199199416	0	1
91.068239219705	4.82464989699656	0	1
91.3683193018951	4.8276078029885	0	1
91.6683993839979	4.8305657079909	0	1
91.9684794661007	4.83352361398283	0	1
92.2685595482035	4.83648151997477	0	1
92.5686396303936	4.83943942497717	0	1
92.8687197124964	4.84239733102731	0	1
93.168799794701	4.84535523597151	0	1
93.4688798768038	4.84831314202165	0	1
93.7689599589066	4.85127104702406	0	1
94.0690400410967	4.85422895301599	0	1
94.3691201231995	4.85718685801839	0	1
94.6692002053023	4.86014476401033	0	1
94.969280287507	4.86310266901273	0	1
95.2693603695952	4.86606057500467	0	1
95.569440451698	4.86901848000707	0	1
95.8695205339027	4.87197638599901	0	1
96.1696006160055	4.87493429199094	0	1
96.4696806981956	4.87789219699334	0	1
96.7697607802984	4.88085010298528	0	1
97.0698408624012	4.88380800798768	0	1
97.3699209446058	4.88676591397962	0	1
97.6700010266941	4.88972381898202	0	1
97.9700811087969	4.89268172497395	0	1
98.2701611910015	4.89563962997636	0	1
98.5702412731043	4.8985975360265	0	1
98.8703213552071	4.9015554410289	0	1
99.1704014373972	4.90451334702084	0	1
99.4704815195	4.90747125301277	0	1
99.7705616016028	4.91042915801518	0	1
100.070641683793	4.91338706400711	0	1
100.370721765896	4.91634496900951	0	1
100.6708018481	4.91930287500145	0	1
100.970881930203	4.92226078000385	0	1
101.270962012306	4.92521868599579	0	1
101.571042094496	4.92817659099819	0	1
101.871122176599	4.93113449699013	0	1
102.171202258702	4.93409240199253	0	1
102.471282340906	4.93705030798446	0	1
102.771362422995	4.9400082139764	0	1
103.071442505097	4.9429661189788	0	1
103.371522587302	4.94592402502894	0	1
103.671602669405	4.94888192997314	0	1
103.971682751595	4.95183983602328	0	1
104.271762833698	4.95479774102569	0	1
104.571842915801	4.95775564701762	0	1
104.871922997903	4.96071355202002	0	1
105.172003080093	4.96367145801196	0	1
105.472083162196	4.96662936301436	0	1
105.772163244401	4.9695872690063	0	1
106.072243326504	4.97254517499823	0	1
106.372323408606	4.97550308000064	0	1
106.672403490797	4.97846098599257	0	1
106.972483572899	4.98141889099497	0	1
107.272563655002	4.98437679698691	0	1
107.572643737207	4.98733470198931	0	1
107.872723819295	4.99029260798125	0	1
108.172803901398	4.99325051298365	0	1
108.472883983603	4.99620841897558	0	1
108.772964065705	4.99916632397799	0	1
109.073044147895	5.00212423002813	0	1
109.373124229998	5.00508213497233	0	1
109.673204312101	5.00804004102247	0	1
109.973284394204	5.0109979470144	0	1
110.273364476394	5.01395585201681	0	1
110.573444558497	5.01691375800874	0	1
110.873524640701	5.01987166301114	0	1
111.173604722804	5.02282956900308	0	1
111.473684804907	5.02578747400548	0	1
111.773764887097	5.02874537999742	0	1
112.0738449692	5.03170328499982	0	1
112.373925051303	5.03466119099176	0	1
112.674005133493	5.03761909599416	0	1
112.974085215596	5.04057700198609	0	1
113.274165297698	5.04353490797803	0	1
113.574245379903	5.04649281298043	0	1
113.874325462006	5.04945071897237	0	1
114.174405544196	5.05240862397477	0	1
114.474485626299	5.05536653002491	0	1
114.774565708401	5.05832443502732	0	1
115.074645790606	5.06128234101925	0	1
115.374725872694	5.06424024602165	0	1
115.674805954797	5.06719815201359	0	1
115.974886037002	5.07015605701599	0	1
116.274966119105	5.07311396300793	0	1
116.575046201193	5.07607186899986	0	1
116.875126283398	5.07902977400227	0	1
117.1752063655	5.0819876799942	0	1
117.475286447603	5.0849455849966	0	1
117.775366529793	5.08790349098854	0	1
118.075446611896	5.09086139599094	0	1
118.375526693999	5.09381930198288	0	1
118.675606776203	5.09677720698528	0	1
118.975686858306	5.09973511297721	0	1
119.275766940496	5.10269301902736	0	1
119.575847022599	5.10565092397155	0	1
119.875927104702	5.10860883002169	0	1
120.176007186907	5.1115667350241	0	1
120.476087268995	5.11452464101603	0	1
120.776167351098	5.11748254601844	0	1
121.076247433302	5.12044045201037	0	1
121.376327515405	5.12339835701277	0	1
121.676407597493	5.12635626300471	0	1
121.976487679698	5.12931416800711	0	1
122.276567761801	5.13227207399905	0	1
122.576647843904	5.13522997900145	0	1
122.876727926094	5.13818788499339	0	1
123.176808008197	5.14114579098532	0	1
123.476888090401	5.14410369598772	0	1
123.776968172504	5.14706160197966	0	1
124.077048254607	5.15001950698206	0	1
124.377128336797	5.152977412974	0	1
124.6772084189	5.1559353179764	0	1
124.977288501002	5.15889322402654	0	1
125.277368583207	5.16185112902895	0	1
125.577448665295	5.16480903502088	0	1
125.877528747398	5.16776694002328	0	1
126.177608829603	5.17072484601522	0	1
126.477688911706	5.17368275101762	0	1
126.777768993794	5.17664065700956	0	1
127.077849075999	5.17959856300149	0	1
127.377929158101	5.1825564680039	0	1
127.678009240204	5.18551437399583	0	1
127.978089322394	5.18847227899823	0	1
128.278169404497	5.19143018499017	0	1
128.578249486702	5.19438808999257	0	1
128.878329568804	5.19734599598451	0	1
129.178409650907	5.20030390098691	0	1
129.478489733097	5.20326180697884	0	1
129.7785698152	5.20621971302899	0	1
130.078649897303	5.20917761797318	0	1
130.378729979493	5.21213552402332	0	1
130.678810061596	5.21509342902573	0	1
130.978890143699	5.21805133501766	0	1
131.278970225903	5.22100924002007	0	1
131.579050308006	5.223967146012	0	1
131.879130390094	5.2269250510144	0	1
132.179210472299	5.22988295700634	0	1
132.479290554402	5.23284086200874	0	1
132.779370636606	5.23579876800068	0	1
133.079450718695	5.23875667399261	0	1
133.379530800798	5.24171457899502	0	1
133.679610883002	5.24467248498695	0	1
133.979690965105	5.24763038998935	0	1
134.279771047193	5.25058829598129	0	1
134.579851129398	5.25354620098369	0	1
134.879931211501	5.25650410697563	0	1
135.180011293603	5.25946201197803	0	1
135.480091375794	5.26241991802817	0	1
135.780171457896	5.26537782297237	0	1
136.080251539999	5.26833572902251	0	1
136.380331622204	5.27129363402491	0	1
136.680411704307	5.27425154001685	0	1
136.980491786497	5.27720944600878	0	1
137.2805718686	5.28016735101119	0	1
137.580651950702	5.28312525700312	0	1
137.880732032907	5.28608316200553	0	1
138.180812114995	5.28904106799746	0	1
138.480892197098	5.29199897299986	0	1
138.780972279303	5.2949568789918	0	1
139.081052361405	5.2979147839942	0	1
139.381132443494	5.30087268998614	0	1
139.681212525698	5.30383059498854	0	1
139.981292607801	5.30678850098047	0	1
140.281372689904	5.30974640697241	0	1
140.581452772094	5.31270431197481	0	1
140.881532854197	5.31566221802495	0	1
141.181612936402	5.31862012302736	0	1
141.481693018504	5.32157802901929	0	1
141.781773100607	5.3245359340217	0	1
142.081853182797	5.32749384001363	0	1
142.3819332649	5.33045174501603	0	1
142.682013347003	5.33340965100797	0	1
142.982093429193	5.33636755601037	0	1
143.282173511296	5.33932546200231	0	1
143.582253593398	5.34228336799424	0	1
143.882333675603	5.34524127299665	0	1
144.182413757706	5.34819917898858	0	1
144.482493839794	5.35115708399098	0	1
144.782573921999	5.35411498998292	0	1
145.082654004102	5.35707289498532	0	1
145.382734086204	5.36003080097726	0	1
145.682814168395	5.36298870597966	0	1
145.982894250497	5.36594661197159	0	1
146.282974332702	5.368904516974	0	1
146.583054414805	5.37186242302414	0	1
146.883134496893	5.37482032802654	0	1
147.183214579098	5.37777823401848	0	1
147.4832946612	5.38073614001041	0	1
147.783374743303	5.38369404501282	0	1
148.083454825493	5.38665195100475	0	1
148.383534907596	5.38960985600716	0	1
148.683614989699	5.39256776199909	0	1
148.983695071904	5.39552566700149	0	1
149.283775154006	5.39848357299343	0	1
149.583855236095	5.40144147799583	0	1
149.883935318299	5.40439938398777	0	1
150.184015400402	5.4073572899797	0	1
150.484095482505	5.4103151949821	0	1
150.784175564695	5.41327310097404	0	1
151.084255646798	5.41623100597644	0	1
151.384335729002	5.41918891202658	0	1
151.684415811105	5.42214681702899	0	1
151.984495893194	5.42510472302092	0	1
152.284575975398	5.42806262802333	0	1
152.584656057501	5.43102053401526	0	1
152.884736139604	5.43397843901766	0	1
153.184816221794	5.4369363450096	0	1
153.484896303897	5.43989425100153	0	1
153.784976385999	5.44285215600394	0	1
154.085056468204	5.44581006199587	0	1
154.385136550307	5.44876796699828	0	1
154.685216632497	5.45172587299021	0	1
154.9852967146	5.45468377799261	0	1
155.285376796703	5.45764168398455	0	1
155.585456878893	5.46059958898695	0	1
155.885536960996	5.46355749497889	0	1
156.185617043098	5.46651539998129	0	1
156.485697125303	5.46947330597322	0	1
156.785777207406	5.47243121097563	0	1
157.085857289494	5.47538911702577	0	1
157.385937371699	5.4783470230177	0	1
157.686017453801	5.48130492802011	0	1
157.986097535904	5.48426283401204	0	1
158.286177618094	5.48722073901445	0	1
158.586257700197	5.49017864500638	0	1
158.886337782402	5.49313655000878	0	1
159.186417864505	5.49609445600072	0	1
159.486497946593	5.49905236100312	0	1
159.786578028798	5.50201026699506	0	1
160.0866581109	5.50496817199746	0	1
160.386738193003	5.5079260779894	0	1
160.686818275193	5.51088398398133	0	1
160.986898357296	5.51384188898373	0	1
161.286978439399	5.51679979497567	0	1
161.587058521603	5.51975769997807	0	1
161.887138603706	5.52271560602821	0	1
162.187218685795	5.52567351097241	0	1
162.487298767999	5.52863141702255	0	1
162.787378850102	5.53158932202496	0	1
163.087458932205	5.53454722801689	0	1
163.387539014395	5.53750513301929	0	1
163.687619096498	5.54046303901123	0	1
163.987699178702	5.54342094500316	0	1
164.287779260805	5.54637885000557	0	1
164.587859342893	5.5493367559975	0	1
164.887939425098	5.55229466099991	0	1
165.188019507201	5.55525256699184	0	1
165.488099589304	5.55821047199424	0	1
165.788179671494	5.56116837798618	0	1
166.088259753597	5.56412628298858	0	1
166.388339835699	5.56708418898052	2	1
166.688419917904	5.57004209398292	2	1
166.988500000007	5.57299999997485	2	1
167.296294117696	5.52252941200277	2	1
167.604088235297	5.47205882397247	2	1
167.911882352899	5.42158823501086	2	1
168.219676470602	5.37111764698057	2	1
168.527470588204	5.32064705900848	2	1
168.835264705893	5.27017647097819	2	1
169.143058823494	5.21970588201657	2	1
169.450852941198	5.16923529398628	2	1
169.758647058799	5.11876470601419	2	1
170.066441176503	5.0682941179839	2	1
170.374235294104	5.01782352902228	2	1
170.682029411793	4.96735294099199	2	1
170.989823529395	4.9168823530199	2	1
171.297617647098	4.86641176498961	2	1
171.6054117647	4.81594117602799	2	1
171.913205882403	4.7654705879977	2	1
172.221000000005	4.71500000002561	2	1
172.523725000006	4.72167499997886	2	1
172.826449999993	4.72834999999031	2	1
173.129174999995	4.73502500000177	2	1
173.431899999996	4.74170000001322	2	1
173.734624999997	4.74837500002468	2	1
174.037349999999	4.75504999997793	2	1
174.340075	4.76172499998938	2	1
174.642800000001	4.76840000000084	0	1
174.945525000003	4.77507500001229	0	1
175.248250000004	4.78175000002375	0	1
175.550975000006	4.788424999977	0	1
175.853700000007	4.79509999998845	0	1
176.156424999994	4.80177499999991	0	1
176.459149999995	4.80845000001136	0	1
176.761874999997	4.81512500002282	0	1
177.064599999998	4.82179999997607	0	1
177.367324999999	4.82847499998752	0	1
177.670050000001	4.83514999999898	0	1
177.972775000002	4.84182500001043	0	1
178.344017400697	4.8641924749827	1	1
178.642941223094	4.90011018101359	1	1
178.940269943094	4.94745112897363	1	1
179.23556719	5.00614583998686	1	1
179.528399574294	5.07610817201203	1	1
179.818337324003	5.15723544498906	1	1
180.104954915601	5.24940859299386	1	1
180.387831698201	5.35249234101502	1	1
180.666552511204	5.46633539698087	1	1
180.940708293201	5.59077068301849	1	1
181.209896682994	5.7256155720097	1	1
181.473722609298	5.87067216000287	1	1
181.731798871406	6.0257275570184	1	1
181.983746706595	6.19055419700453	1	1
182.2291963467	6.36491017602384	1	1
182.467787560701	6.54853960097535	1	1
182.699170182896	6.74117297097109	1	1
182.923004627504	6.94252757000504	1	1
183.138962386598	7.15230788197368	1	1
183.346726512405	7.37020602601115	1	1
183.545992082305	7.59590220701648	1	1
183.736466646602	7.82906518300297	1	1
183.917870657795	8.06935275602154	1	1
184.089937880301	8.31641227100044	1	1
184.252415781797	8.56988113501575	1	1
184.4050659036	8.82938734599156	1	1
184.547664210506	9.09455004299525	1	1
184.680001419896	9.36498006398324	1	1
184.801883308697	9.64028051501373	1	1
184.876692513601	9.93406554701505	1	1
184.974249443796	10.2178526499774	1	1
185.064585967906	10.5040200590156	1	1
185.147644103505	10.792384099972	1	1
185.223370539898	11.0827596849995	1	1
185.291716672102	11.3749604389886	1	1
185.352638632001	11.6687988099875	1	1
185.4060973171	11.9640862009837	1	1
185.4520584149	12.2606330799754	1	1
185.490492425306	12.5582491090172	1	1
185.521374679403	12.8567432630225	1	1
185.544685355504	13.1559239550261	1	1
185.560409491605	13.455599154986	1	1
185.568536995299	13.7555765170255	1	1
185.569062649796	14.0556634999812	1	1
185.561986117798	14.3556674940046	1	1
185.547311941307	14.6553959419834	1	1
185.525049539006	14.954656463	1	1
185.495213200003	15.2532569770119	1	1
185.457822074706	15.551005826972	1	1
185.412900162599	15.8477119029849	1	1
185.360476296803	16.1431847650092	1	1
185.300584125507	16.4372347629978	1	1
185.233262090405	16.7296731629758	1	1
185.158553402303	17.0203122620005	1	1
185.076506012701	17.3089655140066	1	1
184.987172583802	17.5954476459883	1	1
184.890610454197	17.8795747819822	1	1
184.786881602195	18.1611645530211	1	1
184.676052606097	18.4400362209999	1	1
184.558194601501	18.7160107939853	1	1
184.433383235402	18.9889111359953	1	1
184.301698618001	19.2585620870232	1	1
184.162862307409	19.5246005543606	1	1
184.017488518145	19.7876430207842	1	1
183.860377024199	20.0438477362312	1	1
183.691848795352	20.2926912891485	1	1
183.512248125117	20.5336653064163	1	1
183.321941927372	20.766277491925	1	1
183.121318986776	20.9900526323085	1	1
182.9107891645	21.2045335677772	1	1
182.690782560908	21.4092821260697	1	1
182.467120181202	21.5988870830042	1	1
182.212846889903	21.7614929379779	1	1
181.944840551805	21.9003027849831	1	1
181.665321951907	22.0141664010007	1	1
181.376607269296	22.1021402769838	1	1
181.081088884806	22.1634954339825	1	1
180.781215556693	22.1977234630031	1	1
180.479472129999	22.2045407400001	1	1
180.178358945603	22.1838907750207	1	1
179.880371122301	22.1359446800197	1	1
179.568272727294	22.1768636360066	0	1
179.2659659091	22.1707045449875	0	1
178.963659090907	22.1645454550162	0	1
178.661352272698	22.1583863639971	0	1
178.359045454505	22.1522272729781	0	1
178.056738636398	22.1460681820172	0	1
177.754431818204	22.1399090909981	0	1
177.452124999996	22.133749999979	0	1
177.149818181802	22.1275909090182	0	1
176.847511363594	22.1214318179991	0	1
176.545204545502	22.11527272698	0	1
176.242897727294	22.1091136360192	0	1
175.9405909091	22.1029545450001	0	1
175.638284090906	22.0967954550288	0	1
175.335977272698	22.0906363640097	0	1
175.033670454504	22.0844772729906	0	1
174.731363636398	22.0783181819716	0	1
174.429056818204	22.0721590910107	0	1
174.126749999996	22.0659999999916	0	1
173.824443181802	22.0598409089725	0	1
173.522136363594	22.0536818180117	0	1
173.2198295454	22.0475227269926	0	1
172.917522727294	22.0413636359735	0	1
172.6152159091	22.0352045450127	0	1
172.312909090906	22.0290454549831	0	1
172.010602272698	22.0228863640223	0	1
171.708295454504	22.0167272730032	0	1
171.405988636398	22.0105681819841	0	1
171.103681818204	22.0044090910233	0	1
170.801374999995	21.9982500000042	0	1
170.499068181802	21.9920909089851	0	1
170.196761363593	21.9859318180243	0	1
169.894454545502	21.9797727270052	0	1
169.592147727293	21.9736136359861	0	1
169.289840909099	21.9674545450252	0	1
168.987534090906	21.9612954549957	0	1
168.685227272697	21.9551363639766	0	1
168.382920454504	21.9489772730158	0	1
168.080613636397	21.9428181819967	0	1
167.778306818203	21.9366590909776	0	1
167.475999999995	21.9305000000168	0	1
167.179411764693	21.8712352939765	0	1
166.882823529406	21.8119705879944	0	1
166.586235294104	21.7527058820124	0	1
166.289647058802	21.6934411759721	0	1
165.9930588235	21.6341764709796	0	1
165.696470588198	21.5749117649975	0	1
165.399882352896	21.5156470590155	0	1
165.103294117594	21.4563823529752	0	1
164.806705882307	21.3971176469931	0	1
164.510117647107	21.3378529410111	0	1
164.213529411805	21.278588235029	0	1
163.916941176503	21.2193235289888	0	1
163.620352941201	21.1600588239962	0	1
163.3237647059	21.1007941180142	0	1
163.027176470598	21.0415294119739	0	1
162.730588235296	20.9822647059918	0	1
162.433999999994	20.9230000000098	0	1
162.131447115404	20.9186682690051	0	1
161.828894230799	20.9143365380005	0	1
161.526341346194	20.9100048079854	0	1
161.223788461502	20.9056730769807	0	1
160.921235576898	20.9013413459761	0	1
160.618682692293	20.8970096149715	0	1
160.316129807703	20.8926778850146	0	1
160.013576923098	20.8883461540099	0	1
159.711024038494	20.8840144230053	0	1
159.408471153802	20.8796826920006	0	1
159.105918269197	20.8753509619855	0	1
158.803365384607	20.8710192309809	0	1
158.500812500002	20.8666874999763	0	1
158.198259615398	20.8623557689716	0	1
157.895706730793	20.8580240380252	0	1
157.593153846101	20.8536923080101	0	1
157.290600961496	20.8493605770054	0	1
156.988048076906	20.8450288460008	0	1
156.685495192301	20.8406971149961	0	1
156.382942307697	20.836365384981	0	1
156.080389423107	20.8320336539764	0	1
155.777836538502	20.8277019229718	0	1
155.475283653795	20.8233701920253	0	1
155.172730769205	20.8190384620102	0	1
154.870177884601	20.8147067310056	0	1
154.567624999996	20.8103750000009	0	1
154.265072115406	20.8060432689963	0	1
153.962519230801	20.8017115379917	0	1
153.659966346197	20.7973798079765	0	1
153.357413461505	20.7930480769719	0	1
153.0548605769	20.7887163460255	0	1
152.752307692295	20.7843846150208	0	1
152.449754807705	20.7800528850057	0	1
152.147201923101	20.7757211540011	0	1
151.844649038496	20.7713894229964	0	1
151.542096153804	20.7670576919918	0	1
151.239543269199	20.7627259619767	0	1
150.936990384595	20.758394230972	0	1
150.634437500004	20.7540625000256	0	1
150.3318846154	20.749730769021	0	1
150.029331730795	20.7453990380163	0	1
149.726778846103	20.7410673080012	0	1
149.424225961498	20.7367355769966	0	1
149.121673076894	20.7324038459919	0	1
148.819120192304	20.7280721149873	0	1
148.516567307699	20.7237403849722	0	1
148.214014423094	20.7194086540258	0	1
147.911461538504	20.7150769230211	0	1
147.608908653798	20.7107451920165	0	1
147.306355769193	20.7064134620014	0	1
147.003802884603	20.7020817309967	0	1
146.701249999998	20.6977499999921	0	1
146.398697115394	20.6934182689874	0	1
146.096144230803	20.6890865389723	0	1
145.793591346199	20.6847548080259	0	1
145.491038461507	20.6804230770213	0	1
145.188485576902	20.6760913460166	0	1
144.885932692298	20.671759615012	0	1
144.583379807693	20.6674278849969	0	1
144.280826923103	20.6630961539922	0	1
143.978274038498	20.6587644229876	0	1
143.675721153806	20.6544326919829	0	1
143.373168269201	20.650100962026	0	1
143.070615384597	20.6457692310214	0	1
142.768062500007	20.6414375000168	0	1
142.465509615402	20.6371057690121	0	1
142.162956730797	20.6327740380075	0	1
141.860403846207	20.6284423079924	0	1
141.557850961501	20.6241105769877	0	1
141.255298076896	20.6197788459831	0	1
140.952745192306	20.6154471149785	0	1
140.650192307701	20.6111153850215	0	1
140.347639423097	20.6067836540169	0	1
140.045086538506	20.6024519230123	0	1
139.7425336538	20.5981201920076	0	1
139.439980769195	20.5937884619925	0	1
139.137427884605	20.5894567309879	0	1
138.834875	20.5851249999832	0	1
138.532322115396	20.5807932689786	0	1
138.229769230806	20.576461537974	0	1
137.927216346201	20.5721298080171	0	1
137.624663461494	20.5677980770124	0	1
137.322110576904	20.5634663460078	0	1
137.0195576923	20.5591346150031	0	1
136.717004807695	20.554802884988	0	1
136.414451923105	20.5504711539834	0	1
136.1118990385	20.5461394229787	0	1
135.809346153896	20.5418076919741	0	1
135.506793269204	20.5374759610277	0	1
135.204240384599	20.5331442310126	0	1
134.901687499994	20.5288125000079	0	1
134.599134615404	20.5244807690033	0	1
134.2965817308	20.5201490379986	0	1
133.994028846195	20.5158173079835	0	1
133.691475961503	20.5114855769789	0	1
133.388923076898	20.5071538459742	0	1
133.086370192294	20.5028221150278	0	1
132.783817307703	20.4984903850127	0	1
132.481264423099	20.4941586540081	0	1
132.178711538494	20.4898269230034	0	1
131.876158653802	20.4854951919988	2	1
131.573605769197	20.4811634619837	2	1
131.271052884593	20.476831730979	2	1
130.968500000003	20.4724999999744	2	1
130.673684210502	20.5406842100201	2	1
130.378868421103	20.6088684209972	2	1
130.084052631602	20.6770526319742	2	1
129.789236842102	20.7452368420199	2	1
129.494421052601	20.813421052997	2	1
129.199605263202	20.8816052629845	2	1
128.904789473701	20.9497894740198	2	1
128.609973684201	21.0179736840073	2	1
128.3151578947	21.0861578949844	2	1
128.020342105301	21.1543421049719	2	1
127.7255263158	21.2225263160071	2	1
127.4307105263	21.2907105259947	2	1
127.135894736799	21.3588947369717	2	1
126.8410789474	21.4270789470174	2	1
126.546263157899	21.4952631579945	2	1
126.251447368399	21.563447367982	2	1
125.956631578898	21.6316315790173	2	1
125.661815789499	21.6998157890048	2	1
125.366999999998	21.7679999999818	2	1
125.195187569494	21.8588028089725	2	1
124.910783685496	21.9590056400048	2	1
124.6304265449	22.0700283870101	2	1
124.354527610398	22.1917081089923	2	1
124.083491801794	22.3238662229851	2	1
123.817716901394	22.4663087690133	2	1
123.557592970494	22.6188266929821	2	1
123.303501777002	22.7811961540137	2	1
123.055816234599	22.9531788529712	2	1
122.814899856094	23.1345223819953	1	1
122.581106219499	23.3249605920282	1	1
122.354778449095	23.5242139910115	1	1
122.136248712297	23.7319901469746	1	1
121.925837731396	23.9479841180146	1	1
121.723854313706	24.1718789049773	1	1
121.530594897602	24.4033459110069	1	1
121.346343117999	24.6420454260078	1	1
121.171369389805	24.8876271250192	1	1
121.005930511106	25.1397305839928	1	1
120.850269286297	25.3979858059902	1	1
120.704614169503	25.6620137660066	1	1
120.569178929902	25.9314269670285	1	1
120.4441623374	26.2058300059871	1	1
120.329747870899	26.4848201610148	1	1
120.226103449502	26.7679879749776	1	1
120.133381185704	27.0549178589717	1	1
120.051717162205	27.3451887040283	1	1
119.981231232203	27.6383744989871	1	1
119.922026843502	27.9340449530282	1	1
119.874190886796	28.2317661269917	1	1
119.837793567902	28.5311010769801	1	1
119.812888304907	28.83161048498	1	1
119.756692307696	29.1430769229773	0	1
119.713115384598	29.4553461539908	0	1
119.669538461501	29.7676153850043	0	1
119.625961538506	30.0798846150283	0	1
119.582384615394	30.3921538459836	0	1
119.538807692297	30.704423076997	0	1
119.4952307692	31.0166923080105	0	1
119.451653846205	31.3289615379763	0	1
119.408076923093	31.6412307689898	0	1
119.364499999996	31.9535000000033	0	1
119.360287500007	32.2535166669986	0	1
119.356075000003	32.5535333330045	0	1
119.3518625	32.8535499999998	0	1
119.347649999996	33.1535666669952	0	1
119.343437500007	33.453583333001	0	1
119.339225000003	33.7535999999964	0	1
119.3350125	34.0536166669917	0	1
119.330799999996	34.3536333329976	0	1
119.326587500007	34.6536499999929	0	1
119.322375000003	34.9536666669883	0	1
119.3181625	35.2536833329941	0	1
119.313949999996	35.5536999999895	0	1
119.309737500007	35.8537166669848	0	1
119.305525000003	36.1537333329907	0	1
119.3013125	36.453749999986	0	1
119.297099999996	36.7537666669814	0	1
119.292887500007	37.0537833329872	0	1
119.288675000003	37.3537999999826	0	1
119.2844625	37.6538166669779	0	1
119.280249999996	37.9538333329838	0	1
119.276037500007	38.2538499999791	0	1
119.271825000003	38.5538666669745	0	1
119.2676125	38.8538833329803	0	1
119.263399999996	39.1538999999757	0	1
119.259187500007	39.4539166669711	0	1
119.254975000003	39.7539333329769	0	1
119.2507625	40.0539499999722	0	1
119.246549999996	40.3539666670258	0	1
119.242337500007	40.6539833329734	0	1
119.238125000003	40.954000000027	0	1
119.2339125	41.2540166670224	0	1
119.229699999996	41.5540333330282	0	1
119.225487500007	41.8540500000236	0	1
119.221275000004	42.1540666670189	0	1
119.2170625	42.4540833330248	0	1
119.212849999996	42.7541000000201	0	1
119.208637500007	43.0541166670155	0	1
119.204425000004	43.3541333330213	0	1
119.2002125	43.6541500000167	0	1
119.195999999996	43.954166667012	0	1
119.191787500007	44.2541833330179	0	1
119.187575000004	44.5542000000132	0	1
119.1833625	44.8542166670086	0	1
119.179149999996	45.1542333330144	0	1
119.174937500007	45.4542500000098	0	1
119.170725000004	45.7542666670051	0	1
119.1665125	46.054283333011	0	1
119.162299999996	46.3543000000063	0	1
119.158087500007	46.6543166670017	0	1
119.153875000004	46.9543333330075	0	1
119.1496625	47.2543500000029	0	1
119.145449999996	47.5543666669982	0	1
119.141237500007	47.8543833330041	0	1
119.137025000004	48.1543999999994	0	1
119.1328125	48.4544166669948	0	1
119.128599999996	48.7544333330006	0	1
119.124387499993	49.054449999996	0	1
119.120175000004	49.3544666669914	0	1
119.1159625	49.6544833329972	0	1
119.111749999996	49.9544999999925	0	1
119.107537499993	50.2545166669879	0	1
119.103325000004	50.5545333329937	0	1
119.0991125	50.8545499999891	0	1
119.094899999996	51.1545666669845	0	1
119.090687499993	51.4545833329903	0	1
119.086475000004	51.7545999999857	0	1
119.0822625	52.054616666981	0	1
119.078049999996	52.3546333329869	0	1
119.073837499993	52.6546499999822	0	1
119.069625000004	52.9546666669776	0	1
119.0654125	53.2546833329834	0	1
119.061199999996	53.5546999999788	0	1
119.056987499993	53.8547166669741	0	1
119.052775000004	54.15473333298	0	1
119.0485625	54.4547499999753	0	1
119.044349999996	54.7547666670289	0	1
119.040137499993	55.0547833329765	0	1
119.035925000004	55.3547999999719	0	1
119.0317125	55.6548166670254	0	1
119.027499999997	55.9548333329731	0	1
119.023287499993	56.2548500000266	0	1
119.019075000004	56.554866667022	0	1
119.0148625	56.8548833330278	0	1
119.010649999997	57.1549000000232	0	1
119.006437499993	57.4549166670186	0	1
119.002225000004	57.7549333330244	0	1
118.9980125	58.0549500000197	0	1
118.993799999997	58.3549666670151	0	1
118.989587499993	58.6549833330209	0	1
118.985375000004	58.9550000000163	0	1
118.9811625	59.2550166670117	0	1
118.976949999997	59.5550333330175	0	1
118.972737499993	59.8550500000129	0	1
118.968525000004	60.1550666670082	0	1
118.9643125	60.455083333014	0	1
118.960099999997	60.7551000000094	0	1
118.955887499993	61.0551166670048	0	1
118.951675000004	61.3551333330106	0	1
118.9474625	61.655150000006	0	1
118.943249999997	61.9551666670013	0	1
118.939037499993	62.2551833330072	0	1
118.934825000004	62.5552000000025	0	1
118.9306125	62.8552166669979	0	1
118.926399999997	63.1552333330037	0	1
118.922187499993	63.4552499999991	0	1
118.917975000004	63.7552666669944	0	1
118.9137625	64.0552833330003	0	1
118.909549999997	64.3552999999956	0	1
118.905337499993	64.655316666991	0	1
118.901125000004	64.9553333329968	0	1
118.8969125	65.2553499999922	0	1
118.892699999997	65.5553666669875	0	1
118.888487499993	65.8553833329934	0	1
118.884275000004	66.1553999999887	0	1
118.8800625	66.4554166669841	0	1
118.875849999997	66.7554333329899	0	1
118.871637499993	67.0554499999853	0	1
118.867425000004	67.3554666669806	0	1
118.8632125	67.6554833329865	0	1
118.857720885499	68.0140842350083	1	1
118.824835731793	68.3130008369917	1	1
118.774625759994	68.6094996170141	1	1
118.707260864598	68.9025773190078	1	1
118.622968987198	69.1912422580062	1	1
118.522035344795	69.4745176860015	1	1
118.4048014648	69.7514450870221	1	1
118.271664029598	70.0210874269833	1	1
118.123073534298	70.2825323209981	1	1
117.959532761801	70.5348951229826	1	1
117.781595082604	70.7773219160154	1	1
117.589862581197	71.0089924060158	1	1
117.384984019998	71.2291226930101	1	1
117.167652642893	71.4369679259835	1	1
116.938603830698	71.6318248210009	1	1
116.698612612003	71.8130340449861	1	1
116.448491041097	71.979982444027	1	1
116.189085450198	72.1321051159757	1	1
115.921273585802	72.2688873269944	1	1
115.645961638395	72.3898662499851	1	1
115.364081176405	72.4946325289784	1	1
115.076585994306	72.5828316690167	1	1
114.784448884602	72.6541652309825	1	1
114.488658346803	72.7083918469725	1	1
114.190215242605	72.7453280289774	1	1
113.890129408901	72.7648487979895	1	1
113.589416241099	72.7668881010031	1	1
113.289093257496	72.7514390380238	1	1
112.990176655905	72.7185538850026	1	1
112.6842902098	72.7536993009853	0	1
112.383737762197	72.750624125998	0	1
112.083185314696	72.7475489510107	0	1
111.782632867107	72.7444737760234	0	1
111.482080419606	72.7413986009778	0	1
111.181527972003	72.7383234269801	0	1
110.880975524502	72.7352482519927	0	1
110.580423076899	72.7321730770054	0	1
110.279870629398	72.7290979020181	0	1
109.979318181795	72.7260227269726	0	1
109.678765734294	72.7229475519853	0	1
109.378213286705	72.7198723779875	0	1
109.077660839102	72.7167972030002	0	1
108.777108391601	72.7137220280129	0	1
108.476555943998	72.7106468530255	0	1
108.176003496497	72.70757167798	0	1
107.875451048996	72.7044965039822	0	1
107.574898601393	72.7014213289949	0	1
107.274346153805	72.6983461540076	0	1
106.973793706304	72.6952709790203	0	1
106.673241258701	72.6921958039748	0	1
106.3726888112	72.6891206289874	0	1
106.072136363597	72.6860454549897	0	1
105.771583916096	72.6829702800023	0	1
105.471031468507	72.679895105015	0	1
105.170479021006	72.6768199300277	0	1
104.869926573403	72.6737447549822	0	1
104.569374125902	72.6706695799949	0	1
104.268821678299	72.6675944059971	0	1
103.968269230798	72.6645192310098	0	1
103.667716783195	72.6614440560224	0	1
103.367164335694	72.6583688809769	0	1
103.066611888105	72.6552937059896	0	1
102.766059440502	72.6522185319918	0	1
102.465506993001	72.6491433570045	0	1
102.164954545398	72.6460681820172	0	1
101.864402097897	72.6429930069717	0	1
101.563849650396	72.6399178319843	0	1
101.263297202793	72.636842656997	0	1
100.962744755205	72.6337674820097	0	1
100.662192307704	72.6306923080119	0	1
100.361639860101	72.6276171330246	0	1
100.0610874126	72.6245419579791	0	1
99.7605349649966	72.6214667829918	0	1
99.4599825174955	72.6183916080045	0	1
99.1594300699071	72.6153164340067	0	1
98.858877622406	72.6122412590194	0	1
98.558325174803	72.6091660839738	0	1
98.2577727273019	72.6060909089865	0	1
97.957220279699	72.6030157339992	0	1
97.6566678321979	72.5999405590119	0	1
97.3561153845949	72.5968653850141	0	1
97.0555629370938	72.5937902100268	0	1
96.7550104895054	72.5907150349813	0	1
96.4544580419024	72.5876398599939	0	1
96.1539055944013	72.5845646850066	0	1
95.8533531467983	72.5814895100193	0	1
95.5528006992972	72.5784143360215	0	1
95.2522482516943	72.575339160976	0	1
94.9516958041932	72.5722639859887	0	1
94.6511433566047	72.5691888110014	0	1
94.3505909091036	72.5661136360141	0	1
94.0500384615007	72.5630384620163	0	1
93.7494860139996	72.5599632870289	0	1
93.4489335663966	72.5568881119834	0	1
93.1483811188955	72.5538129369961	0	1
92.8478286713071	72.5507377620088	0	1
92.547276223806	72.5476625870215	0	1
92.246723776203	72.5445874130237	0	1
91.9461713287019	72.5415122379782	0	1
91.6456188810989	72.5384370629909	0	1
91.3450664335978	72.5353618880035	0	1
91.0445139859949	72.5322867130162	0	1
90.7439615384937	72.5292115380289	0	1
90.4434090909053	72.5261363639729	0	1
90.1428566434042	72.5230611889856	0	1
89.8423041958013	72.5199860139983	0	1
89.5417517481983	72.516910839011	0	1
89.2411993006972	72.5138356640236	0	1
88.9406468531961	72.5107604900259	0	1
88.6400944055931	72.5076853149803	0	1
88.3395419580047	72.504610139993	0	1
88.0389895105036	72.5015349650057	0	1
87.7384370629006	72.4984597900184	0	1
87.4378846153995	72.4953846149729	0	1
87.1373321677966	72.4923094409751	0	1
86.8367797202955	72.4892342659878	0	1
86.536227272707	72.4861590910004	0	1
86.2356748252059	72.4830839160131	0	1
85.935122377603	72.4800087410258	0	1
85.6345699301019	72.4769335659803	0	1
85.3340174824989	72.4738583919825	0	1
85.0334650349978	72.4707832169952	0	1
84.7329125873948	72.4677080420079	0	1
84.4323601398937	72.4646328670206	0	1
84.1318076923053	72.461557691975	0	1
83.8312552447023	72.4584825179772	0	1
83.5307027972012	72.4554073429899	0	1
83.2301503495983	72.4523321680026	0	1
82.9295979020972	72.4492569930153	0	1
82.6290454544942	72.446181818028	0	1
82.3284930069931	72.4431066429825	0	1
82.0279405594047	72.4400314689847	0	1
81.7273881119036	72.4369562939974	0	1
81.4268356643006	72.43388111901	0	1
81.1262832167995	72.4308059440227	0	1
80.8257307691965	72.4277307689772	0	1
80.5251783216954	72.4246555939899	0	1
80.224625874107	72.4215804199921	0	1
79.9240734266059	72.4185052450048	0	1
79.6235209790029	72.4154300700175	0	1
79.3229685315018	72.4123548949719	0	1
79.0224160838989	72.4092797199846	0	1
78.7218636363978	72.4062045449973	0	1
78.4213111887948	72.4031293709995	0	1
78.1207587412937	72.4000541960122	0	1
77.8202062937053	72.3969790210249	0	1
77.5196538461023	72.3939038459794	0	1
77.2191013986012	72.3908286709921	0	1
76.9185489509982	72.3877534969943	0	1
76.6179965034971	72.3846783220069	0	1
76.3174440558942	72.3816031470196	0	1
76.0168916083931	72.3785279719741	0	1
75.7163391608046	72.3754527969868	0	1
75.4157867133035	72.3723776219995	0	1
75.1152342657006	72.3693024480017	0	1
74.8146818181995	72.3662272730144	0	1
74.5141293705965	72.3631520980271	0	1
74.2135769230954	72.3600769229815	0	1
73.913024475507	72.3570017479942	0	1
73.6124720280059	72.3539265730069	0	1
73.3119195804029	72.3508513990091	0	1
73.0113671329018	72.3477762240218	0	1
72.7108146852988	72.3447010489763	0	1
72.4102622377977	72.341625873989	0	1
72.1097097901948	72.3385506990016	0	1
71.8091573426063	72.3354755240143	0	1
71.5086048951052	72.3324003500165	0	1
71.2080524475023	72.329325174971	0	1
70.9075000000012	72.3262499999837	0	1
70.6069475523982	72.3231748249964	0	1
70.3063951048971	72.3200996500091	0	1
70.0058426572941	72.3170244760113	0	1
69.705290209793	72.313949301024	0	1
69.4047377622046	72.3108741259784	0	1
69.1041853147035	72.3077989509911	0	1
68.8036328671005	72.3047237760038	0	1
68.5030804195994	72.3016486010165	0	1
68.2025279719965	72.2985734270187	0	1
67.9019755244954	72.2954982519732	0	1
67.6014230769069	72.2924230769859	0	1
67.3008706294058	72.2893479019986	0	1
67.0003181818029	72.2862727270112	0	1
66.6997657343018	72.2831975520239	0	1
66.3992132866988	72.2801223780261	0	1
66.0986608391977	72.2770472029806	0	1
65.7981083915947	72.2739720279933	0	1
65.4975559440063	72.270896853006	0	1
65.1970034965052	72.2678216780187	0	1
64.8964510489022	72.2647465029731	0	1
64.5958986014011	72.2616713289754	0	1
64.2953461537982	72.258596153988	0	1
63.9947937062971	72.2555209790007	0	1
63.6942412586941	72.2524458040134	0	1
63.393688811193	72.2493706290261	0	1
63.0931363636046	72.2462954550283	0	1
62.7925839161035	72.2432202799828	0	1
62.4920314685005	72.2401451049955	0	1
62.1914790209994	72.2370699300081	0	1
61.8909265733964	72.2339947550208	0	1
61.5903741258953	72.2309195799753	0	1
61.2898216783069	72.2278444059775	0	1
60.9892692308058	72.2247692309902	0	1
60.6887167832028	72.2216940560029	0	1
60.3881643357017	72.2186188810156	0	1
60.0876118880988	72.2155437060283	0	1
59.7870594405977	72.2124685309827	0	1
59.4865069929947	72.2093933569849	0	1
59.1859545454063	72.2063181819976	0	1
58.8854020979052	72.2032430070103	0	1
58.5848496503022	72.200167832023	0	1
58.2842972028011	72.1970926569775	0	1
57.9837447551981	72.1940174829797	0	1
57.683192307697	72.1909423079924	0	1
57.3826398600941	72.1878671330051	0	1
57.082087412593	72.1847919580177	0	1
56.7815349650045	72.1817167829722	0	1
56.4809825175034	72.1786416079849	0	1
56.1804300699005	72.1755664339871	0	1
55.8798776223994	72.1724912589998	0	1
55.5793251747964	72.1694160840125	0	1
55.2787727272953	72.1663409090252	0	1
54.9782202797069	72.1632657339796	0	1
54.6776678322058	72.1601905589923	0	1
54.3771153846028	72.1571153849945	0	1
54.0765629371017	72.1540402100072	0	1
53.7760104894987	72.1509650350199	0	1
53.4754580419976	72.1478898599744	0	1
53.1749055943947	72.1448146849871	0	1
52.8743531468062	72.1417395109893	0	1
52.5738006993051	72.138664336002	0	1
52.2732482517022	72.1355891610147	0	1
51.9726958042011	72.1325139860273	0	1
51.6721433565981	72.1294388109818	0	1
51.371590909097	72.1263636359945	0	1
51.071038461494	72.1232884619967	0	1
50.7704860139929	72.1202132870094	0	1
50.4699335664045	72.1171381120221	0	1
50.1693811189034	72.1140629369766	0	1
49.8688286713004	72.1109877619892	0	1
49.5682762237993	72.1079125870019	0	1
49.2677237761964	72.1048374130041	0	1
48.9671713286953	72.1017622380168	0	1
48.6666188811068	72.0986870629713	0	1
48.3660664336057	72.095611887984	0	1
48.0655139860028	72.0925367129967	0	1
47.7649615385017	72.0894615380093	0	1
47.4644090908987	72.0863863640116	0	1
47.1638566433976	72.0833111890242	0	1
46.8633041957946	72.0802360139787	0	1
46.5627517482062	72.0771608389914	0	1
46.2621993007051	72.0740856640041	0	1
45.9616468531021	72.0710104900063	0	1
45.661094405601	72.067935315019	0	1
45.3605419579981	72.0648601399735	0	1
45.059989510497	72.0617849649861	0	1
44.759437062894	72.0587097899988	0	1
44.4588846153929	72.0556346150115	0	1
44.1583321678045	72.0525594410137	0	1
43.8577797203034	72.0494842660264	0	1
43.5572272727004	72.0464090909809	0	1
43.2566748251993	72.0433339159936	0	1
42.9561223775963	72.0402587410063	0	1
42.6555699300952	72.0371835660189	0	1
42.3550174825068	72.0341083920212	0	1
42.0544650350057	72.0310332169756	0	1
41.7539125874027	72.0279580419883	0	1
41.4533601399016	72.024882867001	0	1
41.1528076922987	72.0218076920137	0	1
40.8522552447976	72.0187325170264	0	1
40.5517027971946	72.0156573430286	0	1
40.2511503496062	72.0125821679831	0	1
39.9505979021051	72.0095069929957	0	1
39.6500454545021	72.0064318180084	0	1
39.349493007001	72.0033566430211	0	1
39.048940559398	72.0002814679756	0	1
38.7483881118969	71.9972062939778	0	1
38.447835664294	71.9941311189905	0	1
38.1472832167929	71.9910559440032	0	1
37.8467307692044	71.9879807690158	0	1
37.5461783217033	71.9849055940285	0	1
37.2456258741004	71.9818304199725	0	1
36.9450734265993	71.9787552449852	0	1
36.6445209789963	71.9756800699979	0	1
36.3439685314952	71.9726048950106	0	1
36.0434160839068	71.9695297200233	0	1
35.7428636364057	71.9664545460255	0	1
35.4423111888027	71.96337937098	0	1
35.1417587413016	71.9603041959926	0	1
34.8412062936986	71.9572290210053	0	1
34.5406538460957	71.954153846018	0	1
34.2401013985946	71.9510786709725	0	1
33.9395489510061	71.9480034969747	0	1
33.638996503505	71.9449283219874	0	1
33.3384440559021	71.9418531470001	0	1
33.037891608401	71.9387779720128	0	1
32.737339160798	71.9357027970254	0	1
32.4367867132969	71.9326276219799	0	1
32.1362342656939	71.9295524479821	0	1
31.8356818181928	71.9264772729948	0	1
31.5351293706044	71.9234020980075	0	1
31.2345769231033	71.9203269230202	0	1
30.9340244755003	71.9172517479747	0	1
30.6334720279992	71.9141765729873	0	1
30.3329195803963	71.9111013989896	0	1
30.0323671328952	71.9080262240022	0	1
29.7318146853067	71.9049510490149	0	1
29.4312622378056	71.9018758740276	0	1
29.1307097902027	71.8988006989821	0	1
28.8301573425997	71.8957255249843	0	1
28.5296048950986	71.892650349997	0	1
28.2290524475975	71.8895751750097	2	1
27.9284999999945	71.8865000000224	2	1