27.9285	71.8865	0	0
28.22848263	71.88327183	0	0
28.52846526	71.88004365	0	0
28.82844789	71.87681548	0	0
29.12843053	71.8735883	0	0
29.42841317	71.87036013	0	0
29.7283958	71.86713196	0	0
30.02837843	71.86390379	0	0
30.32836106	71.86067561	0	0
30.62834369	71.85744744	0	0
30.92832633	71.85422024	0	0
31.22830896	71.85099209	0	0
31.52829159	71.84776392	0	0
31.82827422	71.84453575	0	0
32.12825686	71.84130757	0	0
32.42823949	71.8380794	0	0
32.72822213	71.83485219	0	0
33.02820476	71.83162405	0	0
33.32818739	71.82839588	0	0
33.62817002	71.8251677	0	0
33.92815265	71.82193953	0	0
34.22813528	71.81871136	0	0
34.52811791	71.81548318	0	0
34.82810056	71.81225596	0	0
35.12808319	71.80902784	0	0
35.42806582	71.80579966	0	0
35.72804845	71.80257149	0	0
36.02803108	71.79934332	0	0
36.32801371	71.79611514	0	0
36.62799635	71.79288791	0	0
36.92797898	71.7896598	0	0
37.22796161	71.78643162	0	0
37.52794425	71.78320345	0	0
37.82792688	71.77997528	0	0
38.12790951	71.7767471	0	0
38.42789215	71.77351986	0	0
38.72787478	71.77029176	0	0
39.02785741	71.76706358	0	0
39.32784004	71.76383541	0	0
39.62782267	71.76060724	0	0
39.9278053	71.75737906	0	0
40.22778794	71.75415089	0	0
40.52777058	71.75092363	0	0
40.82775321	71.74769554	0	0
41.12773584	71.74446737	0	0
41.42771847	71.74123919	0	0
41.7277011	71.73801102	0	0
42.02768373	71.73478285	0	0
42.32766637	71.73155557	0	0
42.627649	71.7283275	0	0
42.92763164	71.72509934	0	0
43.22761427	71.72187117	0	0
43.5275969	71.71864299	0	0
43.82757953	71.71541482	0	0
44.12756217	71.71218753	0	0
44.4275448	71.70895947	0	0
44.72752743	71.7057313	0	0
45.02751006	71.70250312	0	0
45.32749269	71.69927495	0	0
45.62747533	71.69604678	0	0
45.92745796	71.6928186	0	0
46.2274406	71.6895913	0	0
46.52742323	71.68636326	0	0
46.82740586	71.68313508	0	0
47.12738849	71.67990691	0	0
47.42737112	71.67667874	0	0
47.72735375	71.67345056	0	0
48.02733639	71.67022325	0	0
48.32731903	71.66699522	0	0
48.62730166	71.66376704	0	0
48.92728429	71.66053887	0	0
49.22726692	71.6573107	0	0
49.52724955	71.65408252	0	0
49.82723219	71.6508552	0	0
50.12721482	71.64762718	0	0
50.42719745	71.644399	0	0
50.72718008	71.64117083	0	0
51.02716272	71.63794266	0	0
51.32714535	71.63471448	0	0
51.62712799	71.63148714	0	0
51.92711062	71.62825914	0	0
52.22709325	71.62503096	0	0
52.52707588	71.62180279	0	0
52.82705851	71.61857461	0	0
53.12704114	71.61534644	0	0
53.42702377	71.61211827	0	0
53.72700641	71.60889091	0	0
54.02698905	71.60566292	0	0
54.32697168	71.60243475	0	0
54.62695431	71.59920657	0	0
54.92693694	71.5959784	0	0
55.22691957	71.59275023	0	0
55.52690221	71.58952286	0	0
55.82688484	71.58629488	0	0
56.12686747	71.58306671	0	0
56.42685011	71.57983853	0	0
56.72683274	71.57661036	0	0
57.02681537	71.57338219	0	0
57.32679801	71.57015481	0	0
57.62678064	71.56692684	0	0
57.92676327	71.56369867	0	0
58.2267459	71.56047049	0	0
58.52672853	71.55724232	0	0
58.82671116	71.55401415	0	0
59.1266938	71.55078597	0	0
59.42667643	71.54755858	0	0
59.72665907	71.54433063	0	0
60.0266417	71.54110245	0	0
60.32662433	71.53787428	0	0
60.62660696	71.53464611	0	0
60.92658959	71.53141793	0	0
61.22657223	71.52819052	0	0
61.52655486	71.52496258	0	0
61.8265375	71.52173441	0	0
62.12652013	71.51850624	0	0
62.42650276	71.51527806	0	0
62.72648539	71.51204989	0	0
63.02646803	71.50882247	0	0
63.32645066	71.50559454	0	0
63.62643329	71.50236637	0	0
63.92641592	71.4991382	0	0
64.22639855	71.49591002	0	0
64.52638119	71.49268185	0	0
64.82636382	71.48945368	0	0
65.12634646	71.48622624	0	0
65.42632909	71.48299833	0	0
65.72631172	71.47977016	0	0
66.02629435	71.47654198	0	0
66.32627698	71.47331381	0	0
66.62625961	71.47008564	0	0
66.92624225	71.46685819	0	0
67.22622489	71.46363029	0	0
67.52620752	71.46040212	0	0
67.82619015	71.45717394	0	0
68.12617278	71.45394577	0	0
68.42615541	71.4507176	0	0
68.72613805	71.44749014	0	0
69.02612068	71.44426225	0	0
69.32610331	71.44103408	0	0
69.62608594	71.4378059	0	0
69.92606858	71.43457773	0	0
70.22605121	71.43134955	0	0
70.52603384	71.42812138	0	0
70.82601648	71.42489391	0	0
71.12599911	71.42166603	0	0
71.42598174	71.41843786	0	0
71.72596437	71.41520969	0	0
72.025947	71.41198151	0	0
72.32592963	71.40875334	0	0
72.62591227	71.40552585	0	0
72.92589491	71.402298	0	0
73.22587754	71.39906983	0	0
73.52586017	71.39584166	0	0
73.8258428	71.39261348	0	0
74.12582543	71.38938531	0	0
74.42580807	71.38615781	0	0
74.7257907	71.38292996	0	0
75.02577333	71.37970179	0	0
75.32575597	71.37647362	0	0
75.6257386	71.37324544	0	0
75.92572123	71.37001727	0	0
76.22570386	71.3667891	0	0
76.5256865	71.36356158	0	0
76.82566913	71.36033375	0	0
77.12565176	71.35710558	0	0
77.42563439	71.3538774	0	0
77.72561702	71.35064923	0	0
78.02559966	71.34742106	0	0
78.32558229	71.34419353	0	0
78.62556493	71.34096571	0	0
78.92554756	71.33773754	0	0
79.22553019	71.33450936	0	0
79.52551282	71.33128119	0	0
79.82549545	71.32805302	0	0
80.12547809	71.32482547	0	0
80.42546072	71.32159767	0	0
80.72544336	71.3183695	0	0
81.02542599	71.31514132	0	0
81.32540862	71.31191315	0	0
81.62539125	71.30868497	0	0
81.92537388	71.3054568	0	0
82.22535652	71.30222925	0	0
82.52533915	71.29900145	0	0
82.82532178	71.29577328	0	0
83.12530441	71.29254511	0	0
83.42528705	71.28931693	0	0
83.72526968	71.28608876	0	0
84.02525231	71.28286119	0	0
84.32523495	71.27963341	0	0
84.62521758	71.27640524	0	0
84.92520021	71.27317707	0	0
85.22518284	71.26994889	0	0
85.52516547	71.26672072	0	0
85.82514811	71.26349314	0	0
86.12513075	71.26026537	0	0
86.42511338	71.2570372	0	0
86.72509601	71.25380903	0	0
87.02507864	71.25058085	0	0
87.32506127	71.24735268	0	0
87.6250439	71.24412451	0	0
87.92502654	71.24089691	0	0
88.22500917	71.23766916	0	0
88.5249918	71.23444099	0	0
88.82497444	71.23121281	0	0
89.12495707	71.22798464	0	0
89.4249397	71.22475647	0	0
89.72492233	71.22152886	0	0
90.02490497	71.21830112	0	0
90.3248876	71.21507294	0	0
90.62487023	71.21184477	0	0
90.92485286	71.2086166	0	0
91.22483549	71.20538842	0	0
91.52481813	71.2021608	0	0
91.82480077	71.19893308	0	0
92.1247834	71.1957049	0	0
92.42476603	71.19247673	0	0
92.72474866	71.18924856	0	0
93.02473129	71.18602038	0	0
93.32471392	71.18279221	0	0
93.62469656	71.17956457	0	0
93.92467919	71.17633686	0	0
94.22466183	71.17310869	0	0
94.52464446	71.16988052	0	0
94.82462709	71.16665234	0	0
95.12460972	71.16342417	0	0
95.42459236	71.16019652	0	0
95.72457499	71.15696882	0	0
96.02455762	71.15374065	0	0
96.32454025	71.15051248	0	0
96.62452288	71.1472843	0	0
96.92450552	71.14405613	0	0
97.22448815	71.14082847	0	0
97.52447079	71.13760078	0	0
97.82445342	71.13437261	0	0
98.12443605	71.13114444	0	0
98.42441868	71.12791626	0	0
98.72440131	71.12468809	0	0
99.02438394	71.12145991	0	0
99.32436658	71.11823224	0	0
99.62434922	71.11500457	0	0
99.92433185	71.11177639	0	0
100.2243145	71.10854822	0	0
100.5242971	71.10532005	0	0
100.8242797	71.10209187	0	0
101.1242624	71.09886419	0	0
101.424245	71.09563653	0	0
101.7242276	71.09240835	0	0
102.0242103	71.08918018	0	0
102.3241929	71.08595201	0	0
102.6241755	71.08272383	0	0
102.9241582	71.07949614	0	0
103.2241408	71.0762685	0	0
103.5241234	71.07304032	0	0
103.8241061	71.06981215	0	0
104.1240887	71.06658398	0	0
104.4240713	71.0633558	0	0
104.724054	71.06012763	0	0
105.0240366	71.05689991	0	0
105.3240192	71.05367228	0	0
105.6240019	71.05044411	0	0
105.9239845	71.04721594	0	0
106.2239671	71.04398776	0	0
106.5239498	71.04075959	0	0
106.8239324	71.03753186	0	0
107.123915	71.03430424	0	0
107.4238977	71.03107607	0	0
107.7238803	71.0278479	0	0
108.0238629	71.02461972	0	0
108.3238456	71.02139155	0	0
108.6238282	71.01816381	0	0
108.9238108	71.0149362	0	0
109.2237935	71.01170803	0	0
109.5237761	71.00847986	0	0
109.8237587	71.00525168	0	0
110.1237414	71.00202351	0	0
110.423724	70.99879533	0	0
110.7237066	70.99556716	0	0
111.0236892	70.99233857	0	0
111.3236718	70.98910568	0	0
111.623654	70.98583628	0	0
111.9236327	70.982272	0	0
112.2235638	70.97632487	0	0
112.5197841	70.94127334	0	0
112.8138395	70.96589284	0	0
113.1098121	70.98006893	0	0
113.4070715	70.93961142	0	0
113.6983334	70.86847096	0	0
113.9895086	70.79624269	0	0
114.2804257	70.72298205	0	0
114.5706031	70.64694388	0	0
114.8547678	70.55116006	0	0
115.128543	70.42896018	0	0
115.3903253	70.28270052	0	0
115.6358197	70.11048119	0	0
115.8646968	69.91683566	0	0
116.0746146	69.70268783	0	0
116.2621908	69.46876615	0	0
116.4280522	69.21899835	0	0
116.5688594	68.95423942	0	0
116.6838115	68.67734043	0	0
116.7737007	68.39125503	0	0
116.8518122	68.10162668	0	0
116.9392642	67.83253513	0	0
116.9083302	67.54264619	0	0
116.978029	67.25138731	0	0
117.0173876	66.95398836	0	0
117.0528725	66.6560945	0	0
117.0878753	66.35814349	0	0
117.1228184	66.06018548	0	0
117.1577538	65.76222656	0	0
117.1926887	65.46426758	0	0
117.2276241	65.16630866	0	0
117.2625587	64.86834965	0	0
117.2974934	64.57039064	0	0
117.332428	64.27243163	0	0
117.3673626	63.97447262	0	0
117.4022973	63.67651361	0	0
117.4372321	63.37855462	0	0
117.4721676	63.08059571	0	0
117.5071022	62.7826367	0	0
117.5420368	62.48467769	0	0
117.5769715	62.18671869	0	0
117.6119061	61.88875967	0	0
117.6468408	61.59080068	0	0
117.6817764	61.29284177	0	0
117.716711	60.99488276	0	0
117.7516457	60.69692376	0	0
117.7865803	60.39896474	0	0
117.8215149	60.10100573	0	0
117.8564497	59.80304674	0	0
117.8913851	59.50508783	0	0
117.9263197	59.20712882	0	0
117.9612544	58.90916981	0	0
117.996189	58.6112108	0	0
118.0311236	58.31325179	0	0
118.0660584	58.0152928	0	0
118.1009939	57.71733389	0	0
118.1359286	57.41937489	0	0
118.1708632	57.12141587	0	0
118.2057978	56.82345686	0	0
118.2407325	56.52549786	0	0
118.2756672	56.22753885	0	0
118.3106027	55.92957994	0	0
118.3455374	55.63162094	0	0
118.380472	55.33366193	0	0
118.4154067	55.03570293	0	0
118.4503413	54.73774391	0	0
118.4852759	54.4397849	0	0
118.5202116	54.14182601	0	0
118.5551462	53.843867	0	0
118.5900808	53.54590799	0	0
118.6250155	53.24794899	0	0
118.6599501	52.94998997	0	0
118.6948848	52.65203097	0	0
118.7298194	52.35407196	0	0
118.7647549	52.05611306	0	0
118.7996897	51.75815406	0	0
118.8346243	51.46019504	0	0
118.8695589	51.16223603	0	0
118.9044936	50.86427703	0	0
118.9394282	50.56631801	0	0
118.9743638	50.26835912	0	0
119.0092985	49.97040011	0	0
119.044233	49.6724411	0	0
119.0791677	49.3744821	0	0
119.1141023	49.07652309	0	0
119.1490369	48.77856407	0	0
119.1839725	48.48060517	0	0
119.2189072	48.18264617	0	0
119.2538419	47.88468717	0	0
119.2887765	47.58672816	0	0
119.3237111	47.28876914	0	0
119.3586458	46.99081014	0	0
119.3935813	46.69285123	0	0
119.428516	46.39489223	0	0
119.4634507	46.09693323	0	0
119.4983853	45.79897421	0	0
119.53332	45.50101521	0	0
119.5682546	45.2030562	0	0
119.6031901	44.90509728	0	0
119.6381249	44.6071383	0	0
119.6730595	44.30917929	0	0
119.7079941	44.01122027	0	0
119.7429288	43.71326127	0	0
119.7778634	43.41530226	0	0
119.8127981	43.11734325	0	0
119.8477335	42.81938434	0	0
119.8826683	42.52142534	0	0
119.917603	42.22346634	0	0
119.9525376	41.92550733	0	0
119.9874722	41.62754831	0	0
120.0224069	41.32958931	0	0
120.0573423	41.03163039	0	0
120.0922772	40.73367141	0	0
120.1272118	40.4357124	0	0
120.1621464	40.13775339	0	0
120.197081	39.83979438	0	0
120.2320157	39.54183537	0	0
120.266951	39.24387644	0	0
120.3018859	38.94591747	0	0
120.3368206	38.64795846	0	0
120.3717552	38.34999945	0	0
120.4066899	38.05204044	0	0
120.4416244	37.75408143	0	0
120.4765598	37.45612251	0	0
120.5114947	37.15816353	0	0
120.5464293	36.86020451	0	0
120.581364	36.56224551	0	0
120.6162986	36.2642865	0	0
120.6512333	35.96632749	0	0
120.6861686	35.66836856	0	0
120.7211035	35.37040959	0	0
120.7560382	35.07245058	0	0
120.7909728	34.77449157	0	0
120.8259074	34.47653256	0	0
120.8608421	34.17857355	0	0
120.8957767	33.88061454	0	0
120.930712	33.58265561	0	0
120.965647	33.28469664	0	0
121.000581	32.98673756	0	0
121.0355134	32.68877829	0	0
121.0704298	32.39081714	0	0
121.1128171	32.09388544	0	0
121.1658932	31.7986429	0	0
121.2132365	31.5024021	0	0
121.2605404	31.206155	0	0
121.307854	30.90990947	0	0
121.3552707	30.61368044	0	0
121.4033264	30.31755546	0	0
121.4555865	30.02214238	0	0
121.541798	29.73483431	0	0
121.5048951	29.43940289	0	0
121.6009879	29.15747679	0	0
121.6803583	28.86869863	0	0
121.7581967	28.57913886	0	0
121.8456037	28.29215453	0	0
121.9333424	28.00527142	0	0
122.021576	27.71854035	0	0
122.1127391	27.43273233	0	0
122.2175218	27.15167938	0	0
122.3361361	26.87618363	0	0
122.4678098	26.60667576	0	0
122.6142889	26.34492365	0	0
122.7735772	26.09076925	0	0
122.9448581	25.84452671	0	0
123.1295958	25.60821693	0	0
123.3258236	25.38136474	0	0
123.5326948	25.16416238	0	0
123.7513573	24.95884024	0	0
123.9799216	24.76460957	0	0
124.2175317	24.58154108	0	0
124.4649875	24.41202357	0	0
124.7205291	24.25497042	0	0
124.9833056	24.11032875	0	0
125.2527034	23.97834806	0	0
125.523356	23.84893974	0	0
125.7985357	23.72964021	0	0
126.0670606	23.60125513	0	0
126.3530414	23.51076013	0	0
126.6379968	23.41697058	0	0
126.9110274	23.29329009	0	0
127.2052125	23.29288442	0	0
127.4899581	23.21692764	0	0
127.7789564	23.13815178	0	0
128.0715441	23.0719089	0	0
128.3644986	23.00727442	0	0
128.6574978	22.94284269	0	0
128.9505026	22.87843613	0	0
129.2435082	22.81403309	0	0
129.5365138	22.74963053	0	0
129.8295193	22.68522747	0	0
130.1225253	22.62082611	0	0
130.415533	22.55643308	0	0
130.7085561	22.4921102	0	0
131.0017024	22.42835207	0	0
131.2964341	22.37893232	0	0
131.5962634	22.36881897	0	0
131.8961159	22.35941167	0	0
132.195971	22.3500907	0	0
132.4958266	22.34078169	0	0
132.7956821	22.33147352	0	0
133.0955377	22.32216548	0	0
133.3953933	22.31285818	0	0
133.6952488	22.30355	0	0
133.9951044	22.29424185	0	0
134.29496	22.28493375	0	0
134.5948155	22.27562652	0	0
134.8946711	22.26631834	0	0
135.1945267	22.25701023	0	0
135.4943823	22.247703	0	0
135.7942378	22.23839485	0	0
136.0940934	22.22908667	0	0
136.393949	22.2197785	0	0
136.6938045	22.21047134	0	0
136.9936601	22.20116316	0	0
137.2935157	22.19185501	0	0
137.5933712	22.18254683	0	0
137.8932268	22.17323964	0	0
138.1930824	22.16393149	0	0
138.4929379	22.15462334	0	0
138.7927935	22.14531609	0	0
139.0926491	22.13600801	0	0
139.3925047	22.12669983	0	0
139.6923602	22.11739165	0	0
139.9922158	22.10808439	0	0
140.2920714	22.09877631	0	0
140.5919269	22.08946816	0	0
140.8917825	22.08016085	0	0
141.1916381	22.07085283	0	0
141.4914937	22.06154465	0	0
141.7913492	22.0522365	0	0
142.0912048	22.04292915	0	0
142.3910604	22.03362116	0	0
142.6909159	22.02431299	0	0
142.9907715	22.01500561	0	0
143.2906271	22.00569765	0	0
143.5904827	21.99638947	0	0
143.8903382	21.98708132	0	0
144.1901938	21.9777739	0	0
144.4900494	21.96846598	0	0
144.7899049	21.95915781	0	0
145.0897605	21.94985038	0	0
145.3896161	21.94054248	0	0
145.6894716	21.93123432	0	0
145.9893272	21.92192615	0	0
146.2891828	21.91261866	0	0
146.5890384	21.9033108	0	0
146.8888939	21.89400263	0	0
147.1887495	21.88469514	0	0
147.4886051	21.8753873	0	0
147.7884606	21.86607914	0	0
148.0883162	21.85677097	0	0
148.3881718	21.84746343	0	0
148.6880274	21.83815564	0	0
148.9878829	21.82884747	0	0
149.2877385	21.8195399	0	0
149.5875941	21.81023212	0	0
149.8874496	21.80092396	0	0
150.1873052	21.79161579	0	0
150.4871608	21.78230819	0	0
150.7870164	21.77300046	0	0
151.0868719	21.76369229	0	0
151.3867275	21.75438466	0	0
151.6865831	21.74507696	0	0
151.9864386	21.73576879	0	0
152.2862942	21.72646061	0	0
152.5861498	21.71715294	0	0
152.8860054	21.70784528	0	0
153.1858609	21.69853711	0	0
153.4857165	21.68922941	0	0
153.7855721	21.67992178	0	0
154.0854276	21.67061362	0	0
154.3852832	21.66130545	0	0
154.6851388	21.65199771	0	0
154.9849943	21.64269012	0	0
155.2848499	21.63338195	0	0
155.5847055	21.62407417	0	0
155.8845611	21.6147666	0	0
156.1844166	21.60545844	0	0
156.4842722	21.59615027	0	0
156.7841278	21.58684247	0	0
157.0839833	21.57753494	0	0
157.3838389	21.56822677	0	0
157.6836945	21.55891894	0	0
157.9835501	21.54961144	0	0
158.2834056	21.54030327	0	0
158.5832612	21.53099511	0	0
158.8831168	21.52168722	0	0
159.1829723	21.51237976	0	0
159.4828279	21.5030716	0	0
159.7826835	21.49376369	0	0
160.0825391	21.48445626	0	0
160.3823946	21.47514809	0	0
160.6822502	21.46583993	0	0
160.9821057	21.45653176	0	0
161.2819613	21.44722208	0	0
161.5818163	21.43789657	0	0
161.8816675	21.42845047	0	0
162.1814314	21.41704044	0	0
162.4810443	21.40336564	0	0
162.7810292	21.40106021	0	0
163.0810289	21.40075156	0	0
163.3810284	21.40019722	0	0
163.6810278	21.39961174	0	0
163.9810273	21.39902189	0	0
164.2810267	21.39843103	0	0
164.5810261	21.39784086	0	0
164.8810255	21.39725068	0	0
165.1810249	21.39666051	0	0
165.4810244	21.39607015	0	0
165.7810238	21.39547916	0	0
166.0810232	21.39488912	0	0
166.3810226	21.39430042	0	0
166.6810221	21.39371944	0	0
166.9810216	21.3931962	0	0
167.2810206	21.39291235	0	0
167.5808868	21.3855248	0	0
167.8803994	21.3689576	0	0
168.1802301	21.35888079	0	0
168.48007	21.34907944	0	0
168.7799109	21.33931276	0	0
169.079752	21.32954966	0	0
169.3795931	21.31978682	0	0
169.6794343	21.31002473	0	0
169.9792754	21.30026265	0	0
170.2791165	21.29050055	0	0
170.5789576	21.28073823	0	0
170.8787987	21.27097534	0	0
171.1786399	21.26121324	0	0
171.478481	21.25145113	0	0
171.7783221	21.24168903	0	0
172.0781632	21.23192693	0	0
172.3780044	21.22216466	0	0
172.6778455	21.21240172	0	0
172.9776866	21.20263962	0	0
173.2775277	21.19287752	0	0
173.5773688	21.18311541	0	0
173.87721	21.17335331	0	0
174.1770511	21.1635911	0	0
174.4768922	21.1538281	0	0
174.7767333	21.144066	0	0
175.0765745	21.1343039	0	0
175.3764156	21.12454179	0	0
175.6762567	21.11477969	0	0
175.9760978	21.10501754	0	0
176.2759389	21.09525452	0	0
176.5757801	21.08549241	0	0
176.8756212	21.07573026	0	0
177.1754622	21.06596608	0	0
177.475303	21.05619379	0	0
177.7751416	21.04635258	0	0
178.0749612	21.03595161	0	0
178.3745901	21.0210433	0	0
178.6702613	20.97058778	0	0
178.9611568	21.0384158	0	0
179.2500669	20.97058005	0	0
179.541615	20.90013914	0	0
179.8356817	20.84076933	0	0
180.1335892	20.80813297	0	0
180.4237498	20.74997197	0	0
180.6897402	20.61150213	0	0
180.9460838	20.45570685	0	0
181.1966881	20.29080323	0	0
181.4388428	20.11431466	0	0
181.6591632	19.91072351	0	0
181.8664559	19.69394726	0	0
182.0609676	19.46564949	0	0
182.2410112	19.22578327	0	0
182.4050591	18.97469448	0	0
182.5794406	18.73111694	0	0
182.548046	18.44993868	0	0
182.605043	18.16889587	0	0
182.6628551	17.87545899	0	0
182.7024487	17.57808413	0	0
182.7400387	17.28044881	0	0
182.7766079	16.98268621	0	0
182.8124295	16.68483267	0	0
182.8476794	16.38691083	0	0
182.8824911	16.08893746	0	0
182.9170653	15.79093642	0	0
182.9515012	15.49291935	0	0
182.9858037	15.19488693	0	0
183.0185941	14.89668947	0	0
183.0448849	14.59786775	0	0
183.0619978	14.29837729	0	0
183.0691596	13.99848308	0	0
183.0662744	13.69851757	0	0
183.05419	13.39878511	0	0
183.0329182	13.09955913	0	0
183.0013156	12.80124782	0	0
182.9601486	12.5041083	0	0
182.9098876	12.20837241	0	0
182.8505784	11.91430997	0	0
182.7848432	11.62160063	0	0
182.718559	11.32901493	0	0
182.6518433	11.03652743	0	0
182.5749887	10.74657555	0	0
182.5085707	10.45420769	0	0
182.4352169	10.16522139	0	0
182.3421668	9.880017163	0	0
182.2477628	9.595258468	0	0
182.1511636	9.311238809	0	0
182.0481892	9.029514687	0	0
181.9002955	8.77128731	0	0
181.878379	8.482061985	0	0
181.7091339	8.268885253	0	0
181.4837578	8.071025329	0	0
181.2504085	7.882566487	0	0
181.0084656	7.705274679	0	0
180.7580316	7.540186794	0	0
180.4991929	7.388611429	0	0
180.2335288	7.249364686	0	0
179.9616065	7.122742302	0	0
179.6837741	7.009588622	0	0
179.4048594	6.899105424	0	0
179.1264278	6.787414764	0	0
178.8540585	6.662515949	0	0
178.5996373	6.546095542	0	0
178.3195271	6.531025658	0	0
178.0348841	6.485878657	0	0
177.7387334	6.438015112	0	0
177.4419228	6.394427141	0	0
177.144911	6.352189492	0	0
176.8479003	6.309944842	0	0
176.5508897	6.267699325	0	0
176.2538791	6.225453398	0	0
175.9568686	6.183206866	0	0
175.6598581	6.140960449	0	0
175.3628475	6.098714538	0	0
175.0658369	6.05646862	0	0
174.7688264	6.014222636	0	0
174.4718158	5.971976651	0	0
174.1748052	5.929730731	0	0
173.8777946	5.887484822	0	0
173.5807841	5.845238838	0	0
173.2837737	5.802991643	0	0
172.9867648	5.760733849	0	0
172.6897673	5.718396428	0	0
172.3942089	5.66804876	0	0
172.0986346	5.617781554	0	0
171.799907	5.591045962	0	0
171.5008628	5.567117771	0	0
171.2018233	5.543131445	0	0
170.9027844	5.519136891	0	0
170.6037455	5.495141663	0	0
170.3047067	5.471146402	0	0
170.0056679	5.447150754	0	0
169.7066291	5.423155206	0	0
169.4075899	5.399163652	0	0
169.1085489	5.375195634	0	0
168.8094961	5.351376645	0	0
168.5103764	5.328446586	0	0
168.210915	5.310477646	0	0
167.912075	5.336684649	0	0
167.6340959	5.227986019	0	0
167.3445991	5.239596619	0	0
167.0467476	5.269617975	0	0
166.746975	5.267736412	0	0
166.4470151	5.263330558	0	0
166.1470286	5.260497657	0	0
165.8470401	5.257880478	0	0
165.5470511	5.255301385	0	0
165.2470622	5.252728641	0	0
164.9470732	5.250156455	0	0
164.6470842	5.24758427	0	0
164.3470952	5.24501289	0	0
164.0471063	5.242440891	0	0
163.7471173	5.239869517	0	0
163.4471283	5.237297521	0	0
163.1471393	5.234726146	0	0
162.8471504	5.23215415	0	0
162.5471614	5.229582775	0	0
162.2471724	5.22701078	0	0
161.9471834	5.224439397	0	0
161.6471945	5.2218674	0	0
161.3472055	5.219296024	0	0
161.0472165	5.21672403	0	0
160.7472275	5.214152653	0	0
160.4472385	5.211580659	0	0
160.1472496	5.209009282	0	0
159.8472606	5.206437289	0	0
159.5472716	5.203865904	0	0
159.2472826	5.20129391	0	0
158.9472937	5.198722531	0	0
158.6473047	5.196150539	0	0
158.3473157	5.19357916	0	0
158.0473267	5.191007169	0	0
157.7473377	5.188435789	0	0
157.4473488	5.185863798	0	0
157.1473598	5.183291613	0	0
156.8473708	5.180720225	0	0
156.5473818	5.178148234	0	0
156.2473929	5.175576853	0	0
155.9474039	5.173004864	0	0
155.6474149	5.170433481	0	0
155.3474259	5.167861493	0	0
155.047437	5.16529011	0	0
154.747448	5.162718123	0	0
154.447459	5.160146732	0	0
154.14747	5.157574744	0	0
153.8474811	5.155003359	0	0
153.5474921	5.152431373	0	0
153.2475031	5.149859988	0	0
152.9475141	5.147288003	0	0
152.6475251	5.144716617	0	0
152.3475362	5.142144632	0	0
152.0475472	5.139573246	0	0
151.7475582	5.137001255	0	0
151.4475692	5.134429866	0	0
151.1475803	5.131857882	0	0
150.8475913	5.129286495	0	0
150.5476023	5.126714512	0	0
150.2476133	5.124143124	0	0
149.9476243	5.121571141	0	0
149.6476354	5.118998956	0	0
149.3476464	5.116427561	0	0
149.0476574	5.113855577	0	0
148.7476684	5.111284188	0	0
148.4476795	5.108712207	0	0
148.1476905	5.106140817	0	0
147.8477015	5.103568836	0	0
147.5477125	5.100997445	0	0
147.2477236	5.098425466	0	0
146.9477346	5.095854068	0	0
146.6477456	5.093282087	0	0
146.3477566	5.090710695	0	0
146.0477677	5.088138716	0	0
145.7477787	5.085567324	0	0
145.4477897	5.082995346	0	0
145.1478007	5.080423952	0	0
144.8478117	5.077851975	0	0
144.5478228	5.075280581	0	0
144.2478338	5.072708598	0	0
143.9478448	5.070137202	0	0
143.6478558	5.067565226	0	0
143.3478669	5.06499383	0	0
143.0478779	5.062421855	0	0
142.7478889	5.059850459	0	0
142.4478999	5.057278485	0	0
142.147911	5.054706299	0	0
141.847922	5.052134896	0	0
141.547933	5.04956292	0	0
141.247944	5.046991523	0	0
140.947955	5.04441955	0	0
140.6479661	5.041848152	0	0
140.3479771	5.039276179	0	0
140.0479881	5.036704781	0	0
139.7479991	5.034132809	0	0
139.4480102	5.03156141	0	0
139.1480212	5.028989432	0	0
138.8480322	5.02641803	0	0
138.5480432	5.023846059	0	0
138.2480542	5.021274659	0	0
137.9480653	5.018702689	0	0
137.6480763	5.016131288	0	0
137.3480873	5.013559318	0	0
137.0480983	5.010987916	0	0
136.7481094	5.008415941	0	0
136.4481204	5.005844537	0	0
136.1481314	5.003272569	0	0
135.8481424	5.000701166	0	0
135.5481535	4.998129198	0	0
135.2481645	4.995557794	0	0
134.9481755	4.992985828	0	0
134.6481865	4.990413642	0	0
134.3481975	4.987842231	0	0
134.0482086	4.985270263	0	0
133.7482196	4.982698858	0	0
133.4482306	4.980126893	0	0
133.1482416	4.977555487	0	0
132.8482527	4.974983522	0	0
132.5482637	4.972412116	0	0
132.2482747	4.969840152	0	0
131.9482857	4.967268745	0	0
131.6482968	4.964696775	0	0
131.3483078	4.962125365	0	0
131.0483188	4.959553402	0	0
130.7483298	4.956981994	0	0
130.4483408	4.954410032	0	0
130.1483519	4.951838623	0	0
129.8483629	4.949266661	0	0
129.5483739	4.946695252	0	0
129.2483849	4.944123284	0	0
128.948396	4.941551872	0	0
128.648407	4.938979912	0	0
128.348418	4.936408501	0	0
128.048429	4.933836541	0	0
127.74844	4.93126513	0	0
127.4484511	4.928693171	0	0
127.1484621	4.926121759	0	0
126.8484731	4.9235498	0	0
126.5484841	4.920977608	0	0
126.2484952	4.918406193	0	0
125.9485062	4.915834236	0	0
125.6485172	4.913262822	0	0
125.3485282	4.910690865	0	0
125.0485393	4.908119451	0	0
124.7485503	4.905547495	0	0
124.4485613	4.90297608	0	0
124.1485723	4.900404118	0	0
123.8485833	4.8978327	0	0
123.5485944	4.895260745	0	0
123.2486054	4.892689329	0	0
122.9486164	4.890117375	0	0
122.6486274	4.887545958	0	0
122.3486385	4.884974004	0	0
122.0486495	4.882402587	0	0
121.7486605	4.879830627	0	0
121.4486715	4.877259207	0	0
121.1486826	4.874687255	0	0
120.8486936	4.872115836	0	0
120.5487046	4.869543884	0	0
120.2487156	4.866972465	0	0
119.9487266	4.864400514	0	0
119.6487377	4.861829094	0	0
119.3487487	4.859257143	0	0
119.0487597	4.856684952	0	0
118.7487707	4.854113528	0	0
118.4487818	4.851541579	0	0
118.1487928	4.848970157	0	0
117.8488038	4.846398209	0	0
117.5488148	4.843826786	0	0
117.2488259	4.841254838	0	0
116.9488369	4.838683415	0	0
116.6488479	4.836111461	0	0
116.3488589	4.833540035	0	0
116.0488699	4.830968088	0	0
115.748881	4.828396664	0	0
115.448892	4.825824718	0	0
115.148903	4.823253293	0	0
114.848914	4.820681347	0	0
114.5489251	4.818109922	0	0
114.2489361	4.815537977	0	0
113.9489471	4.812966544	0	0
113.6489581	4.810394598	0	0
113.3489692	4.807823171	0	0
113.0489802	4.805251227	0	0
112.7489912	4.8026798	0	0
112.4490022	4.800107857	0	0
112.1490132	4.797536429	0	0
111.8490243	4.794964486	0	0
111.5490353	4.792392295	0	0
111.2490463	4.789820864	0	0
110.9490573	4.787248922	0	0
110.6490684	4.784677493	0	0
110.3490794	4.782105552	0	0
110.0490904	4.779534121	0	0
109.7491014	4.776962181	0	0
109.4491125	4.77439075	0	0
109.1491235	4.771818804	0	0
108.8491345	4.769247371	0	0
108.5491455	4.766675432	0	0
108.2491565	4.764103999	0	0
107.9491676	4.761532061	0	0
107.6491786	4.758960628	0	0
107.3491896	4.756388691	0	0
107.0492006	4.753817257	0	0
106.7492117	4.75124532	0	0
106.4492227	4.74867388	0	0
106.1492337	4.746101941	0	0
105.8492447	4.743530506	0	0
105.5492558	4.740958571	0	0
105.2492668	4.738387135	0	0
104.9492778	4.7358152	0	0
104.6492888	4.733243764	0	0
104.3492998	4.73067183	0	0
104.0493109	4.728099638	0	0
103.7493219	4.725528199	0	0
103.4493329	4.722956265	0	0
103.1493439	4.720384828	0	0
102.849355	4.717812895	0	0
102.549366	4.715241457	0	0
102.249377	4.712669524	0	0
101.949388	4.710098085	0	0
101.6493991	4.707526154	0	0
101.3494101	4.704954708	0	0
101.0494211	4.702382775	0	0
100.7494321	4.699811335	0	0
100.4494431	4.697239404	0	0
100.1494542	4.694667963	0	0
99.84946519	4.692096034	0	0
99.54947621	4.689524592	0	0
99.24948724	4.686952663	0	0
98.94949826	4.684381215	0	0
98.64950928	4.681809284	0	0
98.3495203	4.679237842	0	0
98.04953133	4.676665914	0	0
97.74954235	4.67409447	0	0
97.44955337	4.671522543	0	0
97.14956439	4.668951099	0	0
96.84957542	4.666379173	0	0
96.54958644	4.663807722	0	0
96.24959746	4.661235794	0	0
95.94960849	4.658663608	0	0
95.64961951	4.656092163	0	0
95.34963054	4.653520238	0	0
95.04964156	4.650948792	0	0
94.74965258	4.648376867	0	0
94.4496636	4.645805421	0	0
94.14967463	4.643233497	0	0
93.84968565	4.640662043	0	0
93.54969667	4.638090118	0	0
93.24970769	4.63551867	0	0
92.94971872	4.632946747	0	0
92.64972974	4.630375299	0	0
92.34974077	4.627803377	0	0
92.04975179	4.625231928	0	0
91.74976281	4.622660006	0	0
91.44977383	4.62008855	0	0
91.14978486	4.617516627	0	0
90.84979588	4.614945177	0	0
90.5498069	4.612373257	0	0
90.24981792	4.609801806	0	0
89.94982895	4.607229886	0	0
89.64983997	4.604658434	0	0
89.34985099	4.602086516	0	0
89.04986201	4.599515063	0	0
88.74987304	4.596943139	0	0
88.44988407	4.594370951	0	0
88.14989509	4.591799498	0	0
87.84990611	4.589227581	0	0
87.54991713	4.586656127	0	0
87.24992816	4.58408421	0	0
86.94993918	4.581512756	0	0
86.6499502	4.57894084	0	0
86.34996122	4.576369378	0	0
86.04997225	4.573797461	0	0
85.74998327	4.571226005	0	0
85.44999429	4.56865409	0	0
85.15000532	4.566082634	0	0
84.85001634	4.56351072	0	0
84.55002736	4.560939263	0	0
84.25003839	4.558367349	0	0
83.95004941	4.555795885	0	0
83.65006043	4.55322397	0	0
83.35007145	4.550652512	0	0
83.05008248	4.5480806	0	0
82.7500935	4.545509141	0	0
82.45010452	4.542937229	0	0
82.15011554	4.54036577	0	0
81.85012657	4.537793859	0	0
81.55013759	4.535222398	0	0
81.25014861	4.532650482	0	0
80.95015963	4.530079019	0	0
80.65017066	4.527507109	0	0
80.35018169	4.524934924	0	0
80.05019271	4.522363462	0	0
79.75020373	4.519791553	0	0
79.45021475	4.517220091	0	0
79.15022578	4.514648183	0	0
78.8502368	4.512076714	0	0
78.55024782	4.509504804	0	0
78.25025884	4.50693334	0	0
77.95026987	4.504361433	0	0
77.65028089	4.501789969	0	0
77.35029191	4.499218063	0	0
77.05030294	4.496646598	0	0
76.75031396	4.494074692	0	0
76.45032498	4.491503227	0	0
76.15033601	4.488931316	0	0
75.85034703	4.486359847	0	0
75.55035805	4.483787943	0	0
75.25036907	4.481216476	0	0
74.9503801	4.478644572	0	0
74.65039112	4.476073105	0	0
74.35040214	4.473501202	0	0
74.05041316	4.470929734	0	0
73.75042419	4.468357825	0	0
73.45043521	4.465786354	0	0
73.15044623	4.463214452	0	0
72.85045726	4.460642267	0	0
72.55046828	4.458070797	0	0
72.25047931	4.455498897	0	0
71.95049033	4.452927426	0	0
71.65050135	4.450355526	0	0
71.35051237	4.447784049	0	0
71.0505234	4.445212147	0	0
70.75053442	4.442640675	0	0
70.45054544	4.440068777	0	0
70.15055646	4.437497304	0	0
69.85056749	4.434925406	0	0
69.55057851	4.432353933	0	0
69.25058954	4.429782036	0	0
68.95060056	4.427210562	0	0
68.65061158	4.424638659	0	0
68.3506226	4.422067182	0	0
68.05063363	4.419495286	0	0
67.75064465	4.416923811	0	0
67.45065567	4.414351915	0	0
67.15066669	4.41178044	0	0
66.85067772	4.409208545	0	0
66.55068874	4.406637069	0	0
66.25069976	4.404065168	0	0
65.95071078	4.401493689	0	0
65.65072181	4.398921795	0	0
65.35073284	4.39634961	0	0
65.05074386	4.393778132	0	0
64.75075488	4.39120624	0	0
64.4507659	4.388634761	0	0
64.15077693	4.386062869	0	0
63.85078795	4.38349139	0	0
63.55079897	4.380919493	0	0
63.25080999	4.378348011	0	0
62.95082102	4.37577612	0	0
62.65083204	4.373204639	0	0
62.35084306	4.370632749	0	0
62.05085409	4.368061268	0	0
61.75086511	4.365489379	0	0
61.45087613	4.362917897	0	0
61.15088716	4.360346002	0	0
60.85089818	4.357774517	0	0
60.5509092	4.355202629	0	0
60.25092022	4.352631146	0	0
59.95093125	4.350059259	0	0
59.65094227	4.347487775	0	0
59.35095329	4.344915888	0	0
59.05096431	4.342344404	0	0
58.75097534	4.339772512	0	0
58.45098636	4.337201024	0	0
58.15099738	4.334629138	0	0
57.8510084	4.332057653	0	0
57.55101943	4.329485768	0	0
57.25103046	4.326913583	0	0
56.95104148	4.324342097	0	0
56.6510525	4.321770212	0	0
56.35106352	4.319198725	0	0
56.05107455	4.316626836	0	0
55.75108557	4.314055346	0	0
55.45109659	4.311483463	0	0
55.15110761	4.308911975	0	0
54.85111864	4.306340092	0	0
54.55112966	4.303768603	0	0
54.25114068	4.301196722	0	0
53.95115171	4.298625232	0	0
53.65116273	4.296053345	0	0
53.35117375	4.293481853	0	0
53.05118478	4.290909972	0	0
52.7511958	4.288338481	0	0
52.45120682	4.285766602	0	0
52.15121784	4.28319511	0	0
51.85122887	4.280623231	0	0
51.55123989	4.278051739	0	0
51.25125091	4.275479861	0	0
50.95126193	4.272908362	0	0
50.65127296	4.270336482	0	0
50.35128398	4.267764988	0	0
50.051295	4.265193111	0	0
49.75130603	4.262621617	0	0
49.45131705	4.260049741	0	0
49.15132808	4.257477555	0	0
48.8513391	4.254906061	0	0
48.55135012	4.252334179	0	0
48.25136114	4.249762681	0	0
47.95137217	4.247190806	0	0
47.65138319	4.24461931	0	0
47.35139421	4.242047435	0	0
47.05140523	4.239475939	0	0
46.75141626	4.236904065	0	0
46.45142728	4.234332567	0	0
46.15143831	4.231760688	0	0
45.85144933	4.229189188	0	0
45.55146035	4.226617315	0	0
45.25147137	4.224045817	0	0
44.9514824	4.221473945	0	0
44.65149342	4.218902446	0	0
44.35150444	4.216330574	0	0
44.05151546	4.213759074	0	0
43.75152649	4.211187204	0	0
43.45153751	4.208615697	0	0
43.15154853	4.206043825	0	0
42.85155955	4.203472324	0	0
42.55157058	4.200900454	0	0
42.2515816	4.198328952	0	0
41.95159262	4.195757084	0	0
41.65160365	4.193184898	0	0
41.35161467	4.190613396	0	0
41.0516257	4.188041522	0	0
40.75163672	4.185470016	0	0
40.45164774	4.182898149	0	0
40.15165876	4.180326645	0	0
39.85166979	4.177754778	0	0
39.55168081	4.175183274	0	0
39.25169183	4.172611408	0	0
38.95170286	4.170039903	0	0
38.65171388	4.167468032	0	0
38.3517249	4.164896523	0	0
38.05173593	4.162324658	0	0
37.75174695	4.159753152	0	0
37.45175797	4.157181288	0	0
37.15176899	4.154609781	0	0
36.85178002	4.152037917	0	0
36.55179104	4.14946641	0	0
36.25180206	4.146894547	0	0
35.95181308	4.144323033	0	0
35.65182411	4.141751168	0	0
35.35183513	4.139179659	0	0
35.05184615	4.136607797	0	0
34.75185717	4.134036288	0	0
34.4518682	4.131464427	0	0
34.15187922	4.128892916	0	0
33.85189024	4.126321056	0	0
33.55190127	4.123748865	0	0
33.25191229	4.121177351	0	0
32.95192332	4.118605492	0	0
32.65193434	4.11603398	0	0
32.35194536	4.113462121	0	0
32.05195638	4.110890609	0	0
31.75196741	4.108318751	0	0
31.45197843	4.105747238	0	0
31.15198945	4.10317538	0	0
30.85200048	4.100603861	0	0
30.5520115	4.098032001	0	0
30.25202252	4.095460487	0	0
29.95203355	4.092888631	0	0
29.65204457	4.090317116	0	0
29.35205559	4.08774526	0	0
29.05206661	4.085173745	0	0
28.75207764	4.08260189	0	0
28.45208866	4.080030368	0	0
28.15209968	4.077458511	0	0
27.8521107	4.074886994	0	0
27.55212173	4.07231514	0	0
27.25213275	4.069743623	0	0
26.95214377	4.06717177	0	0
26.6521548	4.064600252	0	0
26.35216582	4.062028399	0	0
26.05217684	4.059456875	0	0
25.75218787	4.05688502	0	0
25.45219889	4.054312835	0	0
25.15220991	4.051741315	0	0
24.85222094	4.049169465	0	0
24.55223196	4.046597944	0	0
24.25224298	4.044026094	0	0
23.95225401	4.041454573	0	0
23.65226503	4.038882724	0	0
23.35227605	4.036311196	0	0
23.05228708	4.033739344	0	0
22.7522981	4.031167822	0	0
22.45230911	4.028597299	0	0
22.15232009	4.026031087	0	0
21.85233085	4.023490068	0	0
21.5523404	4.021098509	0	0
21.2523448	4.019578205	0	0
20.9523886	4.023337578	0	0
20.65269859	4.036193237	0	0
20.35660046	4.003342775	0	0
20.0592777	3.996211872	0	0
19.75967154	4.008784781	0	0
19.45969386	4.012013253	0	0
19.15969698	4.013342145	0	0
18.85969849	4.014289917	0	0
18.55969975	4.015161495	0	0
18.25970098	4.016018215	0	0
17.95970219	4.016871938	0	0
17.6597034	4.01772448	0	0
17.35970461	4.018577021	0	0
17.05970583	4.019429563	0	0
16.75970704	4.020282105	0	0
16.45970825	4.021134647	0	0
16.15970946	4.021987378	0	0
15.85971067	4.02284073	0	0
15.55971189	4.023693272	0	0
15.2597131	4.024545814	0	0
14.95971431	4.025398356	0	0
14.65971552	4.026250897	0	0
14.35971673	4.027103439	0	0
14.05971794	4.027955981	0	0
13.75971915	4.028807582	0	0
13.45972035	4.029654609	0	0
13.15972149	4.030481155	0	0
12.85972235	4.031199791	0	0
12.5597234	4.031992657	0	0
12.2598157	4.03891202	0	0
11.95982936	4.041632015	0	0
11.65984151	4.044331798	0	0
11.35985391	4.047059618	0	0
11.05986652	4.04981042	0	0
10.75987932	4.052581812	0	0
10.45989229	4.055370662	0	0
10.1599054	4.058175782	0	0
9.85991865	4.060995057	0	0
9.559932019	4.063827185	0	0
9.25994548	4.066669101	0	0
8.959959024	4.069519761	0	0
8.659972647	4.072378671	0	0
8.359986321	4.07524298	0	0
8.060000044	4.078112402	0	0
7.760013804	4.080985762	0	0
7.460027593	4.083862079	0	0
7.160041407	4.086740996	0	0
6.860055237	4.089621564	0	0
6.560069093	4.092504905	0	0
6.260083073	4.095401033	0	0
5.96009766	4.098358663	0	0
5.660115415	4.101609339	0	0
5.360144863	4.105760296	0	0
5.060197747	4.111353157	0	0
4.760278676	4.118298349	0	0
4.460589597	4.130839723	0	0
4.163432533	4.169507197	0	0
3.874754812	4.250191117	0	0
3.597679075	4.364420293	0	0
3.339264566	4.516293537	0	0
3.100760465	4.697761551	0	0
2.889819884	4.910708816	0	0
2.705840557	5.147272249	0	0
2.556421705	5.407109589	0	0
2.439272978	5.682940804	0	0
2.361326866	5.972362548	0	0
2.303251497	6.266672392	0	0
2.24932428	6.561783899	0	0
2.205289516	6.858475541	0	0
2.150177414	7.149617745	0	0
2.141329014	7.449485367	0	0
2.129830756	7.749250896	0	0
2.109821525	8.04858287	0	0
2.125283956	8.341195438	0	0
2.140149178	8.615281998	0	0
2.14244387	8.903766674	0	0
2.128056233	9.202520752	0	0
2.134394347	9.502431899	0	0
2.143967962	9.802278579	0	0
2.154042028	10.10210937	0	0
2.164193284	10.40193758	0	0
2.174356829	10.70176537	0	0
2.184522594	11.00159308	0	0
2.194687976	11.3014208	0	0
2.204853739	11.60124852	0	0
2.215019811	11.90107622	0	0
2.225185884	12.20090392	0	0
2.23535127	12.50073165	0	0
2.245517029	12.80055936	0	0
2.255683101	13.10038706	0	0
2.265848491	13.40021479	0	0
2.276014246	13.7000425	0	0
2.286180318	13.9998702	0	0
2.296345711	14.29969793	0	0
2.306511463	14.59952564	0	0
2.316677535	14.89935334	0	0
2.326842932	15.19918107	0	0
2.337008681	15.49900878	0	0
2.347174753	15.79883648	0	0
2.357340825	16.09866418	0	0
2.367506225	16.39849191	0	0
2.37767197	16.69831962	0	0
2.387838042	16.99814732	0	0
2.398003446	17.29797505	0	0
2.40816921	17.59780276	0	0
2.418335293	17.89763046	0	0
2.4285007	18.19745819	0	0
2.438666438	18.4972859	0	0
2.44883251	18.7971136	0	0
2.458998583	19.09694131	0	0
2.469163994	19.39676903	0	0
2.479329728	19.69659674	0	0
2.4894958	19.99642445	0	0
2.499661214	20.29625217	0	0
2.509826945	20.59607988	0	0
2.519993017	20.89590759	0	0
2.530158435	21.19573531	0	0
2.540324162	21.49556302	0	0
2.550490234	21.79539073	0	0
2.560655655	22.09521845	0	0
2.57082138	22.39504617	0	0
2.580987452	22.69487387	0	0
2.591153524	22.99470157	0	0
2.601318949	23.29452929	0	0
2.611484669	23.59435701	0	0
2.621650741	23.89418471	0	0
2.631816169	24.19401243	0	0
2.641981886	24.49384015	0	0
2.652147958	24.79366785	0	0
2.66231339	25.09349557	0	0
2.672479104	25.39332329	0	0
2.682645197	25.69315099	0	0
2.692810644	25.99297871	0	0
2.702976355	26.29280643	0	0
2.713142427	26.59263413	0	0
2.723308499	26.89246183	0	0
2.733473938	27.19228956	0	0
2.743639644	27.49211727	0	0
2.753805716	27.79194497	0	0
2.763971158	28.0917727	0	0
2.774136861	28.39160041	0	0
2.784302933	28.69142811	0	0
2.794468379	28.99125584	0	0
2.804632828	29.29108359	0	0
2.81479191	29.59091153	0	0
2.824915594	29.89074067	0	0
2.834996365	30.19057125	0	0
2.845628788	30.49038249	0	0
2.85614319	30.79019804	0	0
2.866422864	31.09002187	0	0
2.876680069	31.38984647	0	0
2.886934027	31.68967117	0	0
2.89718767	31.98949589	0	0
2.90744129	32.28932062	0	0
2.917694923	32.58914534	0	0
2.927948566	32.88897006	0	0
2.938201522	33.1887948	0	0
2.94845482	33.48861953	0	0
2.958708441	33.78844425	0	0
2.968962072	34.08826897	0	0
2.979215716	34.38809369	0	0
2.989468681	34.68791844	0	0
2.99972197	34.98774317	0	0
3.009974307	35.28756793	0	0
3.020218115	35.58739299	0	0
3.030409015	35.88721985	0	0
3.04044443	36.18705194	0	0
3.051051295	36.48686406	0	0
3.062405531	36.78664901	0	0
3.076683089	37.08630688	0	0
3.095534395	37.38571151	0	0
3.11926508	37.68476856	0	0
3.147608919	37.98342191	0	0
3.180559909	38.28160073	0	0
3.218109202	38.5792345	0	0
3.260248214	38.87625268	0	0
3.306967165	39.1725849	0	0
3.358254641	39.46816101	0	0
3.414099675	39.76291077	0	0
3.474487366	40.0567647	0	0
3.539403953	40.34965308	0	0
3.608901113	40.6414902	0	0
3.67592591	40.93348476	0	0
3.781219659	41.21273438	0	0
3.889637429	41.49244213	0	0
3.997915734	41.77221866	0	0
4.107494715	42.05148955	0	0
4.217572737	42.33056449	0	0
4.327729033	42.60960855	0	0
4.437897377	42.88864786	0	0
4.548067626	43.16768642	0	0
4.658238512	43.44672473	0	0
4.768409399	43.72576303	0	0
4.878580138	44.00480139	0	0
4.98875083	44.28383978	0	0
5.098921717	44.56287808	0	0
5.209092604	44.84191639	0	0
5.31926349	45.12095469	0	0
5.429434245	45.39999305	0	0
5.539605247	45.67903131	0	0
5.649776674	45.9580694	0	0
5.75994756	46.23710771	0	0
5.870118447	46.51614601	0	0
5.980289334	46.79518432	0	0
6.090460504	47.07422251	0	0
6.200631972	47.35326058	0	0
6.310802859	47.63229889	0	0
6.420974004	47.91133709	0	0
6.531145497	48.19037516	0	0
6.641316626	48.46941337	0	0
6.751488135	48.74845143	0	0
6.861659247	49.02748964	0	0
6.971830774	49.3065277	0	0
7.082001869	49.58556592	0	0
7.192173613	49.86460389	0	0
7.302345356	50.14364185	0	0
7.412516916	50.42267989	0	0
7.522687978	50.70171813	0	0
7.632859721	50.98075609	0	0
7.743031528	51.25979404	0	0
7.85320355	51.53883189	0	0
7.963375436	51.8178698	0	0
8.073547902	52.09690749	0	0
8.183719695	52.37594543	0	0
8.29389173	52.65498328	0	0
8.404063583	52.93402121	0	0
8.514236123	53.21305886	0	0
8.624408261	53.49209667	0	0
8.73458081	53.77113432	0	0
8.844752938	54.05017214	0	0
8.954925538	54.32920976	0	0
9.065098102	54.60824741	0	0
9.175270235	54.88728522	0	0
9.285443157	55.16632272	0	0
9.395615771	55.44536034	0	0
9.505788699	55.72439784	0	0
9.615961307	56.00343547	0	0
9.726134255	56.28247296	0	0
9.836308048	56.56151012	0	0
9.946480649	56.84054775	0	0
10.05665358	57.11958524	0	0
10.16682737	57.39862241	0	0
10.27700033	57.67765989	0	0
10.38717409	57.95669706	0	0
10.49734756	58.23573434	0	0
10.60752134	58.51477151	0	0
10.71769514	58.79380866	0	0
10.82786893	59.07284582	0	0
10.93804273	59.35188298	0	0
11.04821652	59.63092013	0	0
11.15839032	59.90995729	0	0
11.26856441	60.18899433	0	0
11.378739	60.46803117	0	0
11.48891291	60.74706828	0	0
11.59908744	61.02610515	0	0
11.70926209	61.30514197	0	0
11.81943703	61.58417868	0	0
11.92961174	61.86321547	0	0
12.03978569	62.14225257	0	0
12.14996115	62.42128907	0	0
12.26013604	62.70032579	0	0
12.37031096	62.9793625	0	0
12.48048568	63.25839929	0	0
12.59066126	63.53743575	0	0
12.7008362	63.81647245	0	0
12.81101175	64.09550892	0	0
12.92118696	64.37454552	0	0
13.03136233	64.65358205	0	0
13.14153808	64.93261843	0	0
13.25171393	65.21165478	0	0
13.36188954	65.49069122	0	0
13.47206469	65.76972784	0	0
13.58224026	66.0487643	0	0
13.69241669	66.32780041	0	0
13.80259282	66.60683665	0	0
13.91276845	66.88587308	0	0
14.02294418	67.16490947	0	0
14.13312003	67.44394582	0	0
14.24329587	67.72298217	0	0
14.35347151	68.0020186	0	0
14.46364422	68.28105618	0	0
14.57379859	68.56010101	0	0
14.68367051	68.83925706	0	0
14.79743935	69.11683122	0	0
14.90916072	69.3952074	0	0
15.02169705	69.67310607	0	0
15.15514945	69.94164087	0	0
15.31850969	70.19287296	0	0
15.51466167	70.41958079	0	0
15.74114407	70.61597582	0	0
15.99208662	70.77975596	0	0
16.26145571	70.9113968	0	0
16.53579386	71.03279559	0	0
16.81176226	71.15042747	0	0
17.07620339	71.26140658	0	0
17.37487689	71.28958708	0	0
17.67346822	71.31862316	0	0
17.97201209	71.34814457	0	0
18.27052106	71.37801706	0	0
18.56899947	71.4081934	0	0
18.86744011	71.43874027	0	0
19.16565223	71.4713265	0	0
19.46352889	71.50688566	0	0
19.7618475	71.53859569	0	0
20.06026681	71.56935118	0	0
20.35864185	71.60053099	0	0
20.65684593	71.63324632	0	0
20.95409481	71.67313091	0	0
21.2434546	71.67232	0	0
21.5290012	71.67205292	0	0
21.82097611	71.70654967	0	0
22.11829348	71.74342062	0	0
22.41773572	71.76112027	0	0
22.71758189	71.77065622	0	0
23.01743317	71.78010123	0	0
23.31728367	71.78957105	0	0
23.61713407	71.79904404	0	0
23.91698449	71.80851635	0	0
24.21683489	71.8179894	0	0
24.51668528	71.82746258	0	0
24.81653568	71.83693576	0	0
25.11638607	71.84640894	0	0
25.41623647	71.85588212	0	0
25.71608686	71.8653553	0	0
26.01593725	71.87482848	0	0
26.31578765	71.88430166	0	0
26.61563804	71.89377483	0	0
26.91548844	71.90324801	0	0
27.21533883	71.91272119	0	0
27.51518924	71.92219375	0	0
