77.183311	88.156601	0	0
77.175163	88.475731	0	0
77.164124	88.794777	0	0
77.150215	89.113716	0	0
77.133415	89.432526	0	0
77.113739	89.75119	0	0
77.091194	90.069656	0	0
77.065773	90.387932	0	0
77.037483	90.705956	0	0
77.006332	91.02372	0	0
76.972336	91.341209	0	0
76.935478	91.658379	0	0
76.895775	91.97522	0	0
76.853226	92.291702	0	0
76.807846	92.607796	0	0
76.759636	92.923477	0	0
76.708603	93.238724	0	0
76.654739	93.553513	0	0
76.598076	93.867805	0	0
76.538589	94.181595	0	0
76.476318	94.49485	0	0
76.411255	94.807549	0	0
76.343399	95.119652	0	0
76.272766	95.431152	0	0
76.199371	95.74202	0	0
76.123199	96.052231	0	0
76.044289	96.361763	0	0
75.962616	96.670586	0	0
75.878204	96.978676	0	0
75.791069	97.286018	0	0
75.701218	97.592583	0	0
75.60865	97.898354	0	0
75.513382	98.2033	0	0
75.415421	98.507393	0	0
75.314774	98.810631	0	0
75.211449	99.112968	0	0
75.105476	99.414383	0	0
74.996841	99.714874	0	0
74.885551	100.014397	0	0
74.771645	100.312935	0	0
74.655106	100.610481	0	0
74.53595	100.90699	0	0
74.414215	101.202446	0	0
74.289864	101.496841	0	0
74.162964	101.790138	0	0
74.033485	102.082314	0	0
73.901443	102.37336	0	0
73.766876	102.663254	0	0
73.629761	102.951965	0	0
73.490135	103.239471	0	0
73.348007	103.525749	0	0
73.203384	103.810799	0	0
73.056282	104.094574	0	0
72.906723	104.377075	0	0
72.754692	104.658272	0	0
72.600227	104.938141	0	0
72.443336	105.216667	0	0
72.284027	105.493835	0	0
72.122322	105.769608	0	0
71.958237	106.043991	0	0
71.791771	106.316933	0	0
71.622963	106.588448	0	0
71.451797	106.858498	0	0
71.278305	107.12706	0	0
71.102493	107.394135	0	0
70.924393	107.659683	0	0
70.743996	107.923691	0	0
70.56134	108.18615	0	0
70.376427	108.447037	0	0
70.18927	108.706329	0	0
69.999886	108.964012	0	0
69.808304	109.22007	0	0
69.614525	109.474472	0	0
69.418564	109.727226	0	0
69.220451	109.978294	0	0
69.020203	110.227661	0	0
68.81781	110.475327	0	0
68.613304	110.721252	0	0
68.406715	110.965431	0	0
68.198036	111.207848	0	0
67.987305	111.448494	0	0
67.774521	111.687332	0	0
67.559708	111.924362	0	0
67.342896	112.159569	0	0
67.124084	112.392929	0	0
66.903282	112.624435	0	0
66.680527	112.854057	0	0
66.455833	113.081802	0	0
66.229218	113.307632	0	0
66.000687	113.531548	0	0
65.770279	113.753532	0	0
65.537987	113.973564	0	0
65.303848	114.191643	0	0
65.067879	114.407753	0	0
64.830078	114.621849	0	0
64.590485	114.833961	0	0
64.349113	115.044052	0	0
64.10598	115.252113	0	0
63.861103	115.458138	0	0
63.614494	115.662102	0	0
63.366188	115.863998	0	0
63.116184	116.063797	0	0
62.864521	116.261528	0	0
62.611198	116.457138	0	0
62.356251	116.650635	0	0
62.099686	116.842003	0	0
61.84153	117.031235	0	0
61.581802	117.218307	0	0
61.320511	117.403221	0	0
61.057693	117.585945	0	0
60.79335	117.766495	0	0
60.527519	117.944847	0	0
60.260208	118.120995	0	0
59.991436	118.294914	0	0
59.72123	118.466614	0	0
59.449604	118.63607	0	0
59.176575	118.803276	0	0
58.902168	118.968239	0	0
58.626404	119.13092	0	0
58.3493	119.291328	0	0
58.070869	119.449455	0	0
57.791145	119.605278	0	0
57.510136	119.758804	0	0
57.227875	119.910019	0	0
56.944366	120.058907	0	0
56.659641	120.205467	0	0
56.373718	120.349693	0	0
56.086613	120.491577	0	0
55.798347	120.631111	0	0
55.508942	120.76828	0	0
55.218418	120.903084	0	0
54.9268	121.035515	0	0
54.634098	121.165565	0	0
54.340336	121.293228	0	0
54.045536	121.41848	0	0
53.749722	121.541351	0	0
53.452911	121.661812	0	0
53.155125	121.779854	0	0
52.856377	121.895477	0	0
52.556702	122.008675	0	0
52.2561	122.119446	0	0
51.954613	122.227768	0	0
51.652245	122.333656	0	0
51.349026	122.437111	0	0
51.044971	122.538109	0	0
50.740105	122.636642	0	0
50.434452	122.732719	0	0
50.128017	122.826324	0	0
49.820831	122.91748	0	0
49.512917	123.006157	0	0
49.204296	123.092346	0	0
48.894978	123.176071	0	0
48.584991	123.257301	0	0
48.274361	123.336052	0	0
47.963093	123.412308	0	0
47.651222	123.486076	0	0
47.338764	123.55735	0	0
47.025734	123.626129	0	0
46.712162	123.692398	0	0
46.398064	123.756172	0	0
46.083458	123.817444	0	0
45.76836	123.876198	0	0
45.452801	123.932449	0	0
45.136795	123.986206	0	0
44.82037	124.037437	0	0
44.503536	124.086159	0	0
44.186317	124.132362	0	0
43.868736	124.176064	0	0
43.550812	124.217239	0	0
43.232563	124.255913	0	0
42.914005	124.292061	0	0
42.595169	124.325691	0	0
42.276066	124.356812	0	0
41.956722	124.385422	0	0
41.637154	124.411499	0	0
41.317379	124.435081	0	0
40.997429	124.456139	0	0
40.677307	124.474686	0	0
40.357048	124.490715	0	0
40.036663	124.504242	0	0
39.716171	124.515244	0	0
39.395599	124.52375	0	0
39.074955	124.529739	0	0
38.754269	124.533234	0	0
38.433559	124.534225	0	0
38.112843	124.5327	0	0
37.791157	124.528763	0	0
37.469818	124.522491	0	0
37.148548	124.513885	0	0
36.827362	124.502953	0	0
36.506283	124.489693	0	0
36.185322	124.474098	0	0
35.864502	124.456169	0	0
35.543835	124.435898	0	0
35.223339	124.413284	0	0
34.903034	124.388329	0	0
34.582935	124.361023	0	0
34.263062	124.33136	0	0
33.943432	124.299355	0	0
33.624062	124.264992	0	0
33.30497	124.228271	0	0
32.986176	124.189178	0	0
32.667694	124.147751	0	0
32.349548	124.103943	0	0
32.031746	124.05777	0	0
31.714317	124.009232	0	0
31.397272	123.958328	0	0
31.080637	123.90506	0	0
30.76442	123.849426	0	0
30.44865	123.79142	0	0
30.133337	123.731026	0	0
29.818504	123.668289	0	0
29.504171	123.603157	0	0
29.190353	123.535667	0	0
28.877071	123.465797	0	0
28.564344	123.393562	0	0
28.252192	123.318962	0	0
27.94063	123.241974	0	0
27.629681	123.162628	0	0
27.319359	123.080894	0	0
27.009691	122.996819	0	0
26.700691	122.910362	0	0
26.392376	122.821541	0	0
26.08477	122.730354	0	0
25.777891	122.636803	0	0
25.47176	122.540894	0	0
25.166393	122.442627	0	0
24.861811	122.341995	0	0
24.558039	122.239014	0	0
24.255083	122.133675	0	0
23.952978	122.025986	0	0
23.651733	121.915955	0	0
23.351372	121.803574	0	0
23.051914	121.688858	0	0
22.75338	121.5718	0	0
22.455788	121.4524	0	0
22.159161	121.330681	0	0
21.863514	121.206635	0	0
21.568871	121.080269	0	0
21.275249	120.951569	0	0
20.98267	120.820564	0	0
20.691153	120.687256	0	0
20.400721	120.551628	0	0
20.111389	120.413712	0	0
19.823179	120.273499	0	0
19.536112	120.130997	0	0
19.25021	119.986206	0	0
18.965488	119.839142	0	0
18.681971	119.689796	0	0
18.399677	119.5382	0	0
18.118624	119.384331	0	0
17.838837	119.22821	0	0
17.560333	119.069839	0	0
17.283131	118.909241	0	0
17.007254	118.746399	0	0
16.732721	118.581345	0	0
16.459555	118.414062	0	0
16.187769	118.244576	0	0
15.917388	118.072884	0	0
15.648434	117.898994	0	0
15.380922	117.722923	0	0
15.114878	117.54467	0	0
14.850317	117.36425	0	0
14.587261	117.181679	0	0
14.32573	116.996948	0	0
14.065744	116.810074	0	0
13.807324	116.621071	0	0
13.550488	116.429947	0	0
13.295259	116.23671	0	0
13.041654	116.041374	0	0
12.789694	115.843941	0	0
12.539399	115.644424	0	0
12.29079	115.442841	0	0
12.043883	115.239204	0	0
11.798701	115.033508	0	0
11.555264	114.825783	0	0
11.31359	114.616028	0	0
11.0737	114.404259	0	0
10.835613	114.190491	0	0
10.599349	113.974731	0	0
10.364925	113.756996	0	0
10.132364	113.537292	0	0
9.901684	113.315643	0	0
9.672903	113.092064	0	0
9.446042	112.866539	0	0
9.22112	112.639122	0	0
8.998156	112.409798	0	0
8.777167	112.178589	0	0
8.558176	111.945511	0	0
8.341199	111.710579	0	0
8.126255	111.473808	0	0
7.913363	111.235207	0	0
7.702544	110.994804	0	0
7.493813	110.752594	0	0
7.287189	110.508606	0	0
7.082694	110.262863	0	0
6.880342	110.015366	0	0
6.680153	109.766129	0	0
6.482146	109.515182	0	0
6.286338	109.262535	0	0
6.092748	109.008202	0	0
5.901392	108.752205	0	0
5.712289	108.49456	0	0
5.525457	108.235275	0	0
5.340912	107.974388	0	0
5.158674	107.711899	0	0
4.978757	107.44783	0	0
4.801181	107.182198	0	0
4.625961	106.915031	0	0
4.453115	106.646332	0	0
4.28266	106.376144	0	0
4.114612	106.104462	0	0
3.948987	105.831314	0	0
3.785804	105.556717	0	0
3.625076	105.280693	0	0
3.466821	105.003273	0	0
3.311054	104.724449	0	0
3.157793	104.444267	0	0
3.007051	104.162743	0	0
2.858845	103.87989	0	0
2.71319	103.595726	0	0
2.570101	103.310295	0	0
2.429594	103.02359	0	0
2.291683	102.735649	0	0
2.156383	102.44648	0	0
2.023709	102.15612	0	0
1.893675	101.864586	0	0
1.766295	101.571907	0	0
1.641584	101.278084	0	0
1.519555	100.983162	0	0
1.400222	100.687149	0	0
1.283599	100.390083	0	0
1.169699	100.091972	0	0
1.058535	99.792854	0	0
0.950121	99.492744	0	0
0.844468	99.191673	0	0
0.741589	98.889648	0	0
0.641498	98.586708	0	0
0.544206	98.282867	0	0
0.449725	97.978172	0	0
0.358067	97.672615	0	0
0.269243	97.366249	0	0
0.183266	97.059097	0	0
0.100145	96.751167	0	0
0.019892	96.44249	0	0
-0.057481	96.133095	0	0
-0.131966	95.823006	0	0
-0.203551	95.51226	0	0
-0.272227	95.200867	0	0
-0.337983	94.888863	0	0
-0.40081	94.576279	0	0
-0.460699	94.263123	0	0
-0.517641	93.94944	0	0
-0.571626	93.635246	0	0
-0.622646	93.320572	0	0
-0.670693	93.005447	0	0
-0.715758	92.689911	0	0
-0.757834	92.373962	0	0
-0.796913	92.057655	0	0
-0.832988	91.741005	0	0
-0.866051	91.424034	0	0
-0.896095	91.106781	0	0
-0.923114	90.789284	0	0
-0.947102	90.471542	0	0
-0.968053	90.15361	0	0
-0.985961	89.835503	0	0
-1.000819	89.517265	0	0
-1.012623	89.198906	0	0
-1.021369	88.88047	0	0
-1.02705	88.561974	0	0
-1.029663	88.243462	0	0
-1.029204	87.924942	0	0
-1.026174	87.624718	0	0
-1.022653	87.324738	0	0
-1.019132	87.024757	0	0
-1.015611	86.724785	0	0
-1.012091	86.424805	0	0
-1.00857	86.124825	0	0
-1.005049	85.824844	0	0
-1.001528	85.524864	0	0
-0.998007	85.224884	0	0
-0.994487	84.924904	0	0
-0.990966	84.624924	0	0
-0.987445	84.324944	0	0
-0.983924	84.024971	0	0
-0.980403	83.724991	0	0
-0.976883	83.425011	0	0
-0.973362	83.125031	0	0
-0.969841	82.82505	0	0
-0.966321	82.52507	0	0
-0.9628	82.22509	0	0
-0.959279	81.92511	0	0
-0.955758	81.62513	0	0
-0.952237	81.32515	0	0
-0.948717	81.025177	0	0
-0.945196	80.725197	0	0
-0.941675	80.425217	0	0
-0.938154	80.125237	0	0
-0.934633	79.825256	0	0
-0.931113	79.525276	0	0
-0.927592	79.225296	0	0
-0.924071	78.925316	0	0
-0.92055	78.625336	0	0
-0.91703	78.325363	0	0
-0.913509	78.025383	0	0
-0.909988	77.725403	0	0
-0.906467	77.425423	0	0
-0.902946	77.125443	0	0
-0.899426	76.825462	0	0
-0.895905	76.525482	0	0
-0.892384	76.225502	0	0
-0.888864	75.925522	0	0
-0.885343	75.625549	0	0
-0.881822	75.325569	0	0
-0.878301	75.025589	0	0
-0.87478	74.725609	0	0
-0.87126	74.425629	0	0
-0.867739	74.125648	0	0
-0.864218	73.825668	0	0
-0.860697	73.525688	0	0
-0.857177	73.225708	0	0
-0.853656	72.925735	0	0
-0.850135	72.625755	0	0
-0.846614	72.325775	0	0
-0.843093	72.025795	0	0
-0.839573	71.725815	0	0
-0.836052	71.425835	0	0
-0.832531	71.125854	0	0
-0.82901	70.825874	0	0
-0.82549	70.525894	0	0
-0.821969	70.225914	0	0
-0.818448	69.925941	0	0
-0.814927	69.625961	0	0
-0.811407	69.325981	0	0
-0.807886	69.026001	0	0
-0.804365	68.726021	0	0
-0.800844	68.426041	0	0
-0.797323	68.12606	0	0
-0.793803	67.82608	0	0
-0.790282	67.5261	0	0
-0.786761	67.226128	0	0
-0.78324	66.926147	0	0
-0.77972	66.626167	0	0
-0.776199	66.326187	0	0
-0.772678	66.026207	0	0
-0.769157	65.726227	0	0
-0.765636	65.426247	0	0
-0.762116	65.126266	0	0
-0.758595	64.826286	0	0
-0.755074	64.526314	0	0
-0.751553	64.226334	0	0
-0.748033	63.926357	0	0
-0.744512	63.626377	0	0
-0.740991	63.326397	0	0
-0.73747	63.026417	0	0
-0.73395	62.726437	0	0
-0.730429	62.42646	0	0
-0.726908	62.12648	0	0
-0.723387	61.8265	0	0
-0.719867	61.52652	0	0
-0.716346	61.22654	0	0
-0.712825	60.926563	0	0
-0.709304	60.626583	0	0
-0.705783	60.326603	0	0
-0.702263	60.026623	0	0
-0.698742	59.726646	0	0
-0.695221	59.426666	0	0
-0.6917	59.126686	0	0
-0.688179	58.826706	0	0
-0.684659	58.526726	0	0
-0.681138	58.226749	0	0
-0.677617	57.926769	0	0
-0.674096	57.626789	0	0
-0.670576	57.326809	0	0
-0.667055	57.026829	0	0
-0.663534	56.726852	0	0
-0.660013	56.426872	0	0
-0.656492	56.126892	0	0
-0.652972	55.826912	0	0
-0.649451	55.526936	0	0
-0.64593	55.226955	0	0
-0.642409	54.926975	0	0
-0.638889	54.626995	0	0
-0.635368	54.327015	0	0
-0.631847	54.027039	0	0
-0.628326	53.727058	0	0
-0.624806	53.427078	0	0
-0.621285	53.127098	0	0
-0.617764	52.827118	0	0
-0.614243	52.527142	0	0
-0.610723	52.227161	0	0
-0.607202	51.927181	0	0
-0.603681	51.627201	0	0
-0.60016	51.327225	0	0
-0.596639	51.027245	0	0
-0.593119	50.727264	0	0
-0.589598	50.427284	0	0
-0.586077	50.127304	0	0
-0.582556	49.827328	0	0
-0.579036	49.527348	0	0
-0.575515	49.227367	0	0
-0.571994	48.927387	0	0
-0.568473	48.627411	0	0
-0.564952	48.327431	0	0
-0.561432	48.027451	0	0
-0.557911	47.72747	0	0
-0.55439	47.42749	0	0
-0.550869	47.127514	0	0
-0.547349	46.827534	0	0
-0.543828	46.527554	0	0
-0.540307	46.227573	0	0
-0.536786	45.927593	0	0
-0.533266	45.627617	0	0
-0.529745	45.327637	0	0
-0.526224	45.027657	0	0
-0.522703	44.727676	0	0
-0.519182	44.4277	0	0
-0.515662	44.12772	0	0
-0.512141	43.82774	0	0
-0.50862	43.52776	0	0
-0.505099	43.227779	0	0
-0.501579	42.927803	0	0
-0.498058	42.627823	0	0
-0.494537	42.327843	0	0
-0.491016	42.027863	0	0
-0.487495	41.727882	0	0
-0.483975	41.427906	0	0
-0.480454	41.127926	0	0
-0.476933	40.827946	0	0
-0.473412	40.527966	0	0
-0.469892	40.227989	0	0
-0.466371	39.928009	0	0
-0.46285	39.628029	0	0
-0.459329	39.328049	0	0
-0.455809	39.028069	0	0
-0.452288	38.728092	0	0
-0.448767	38.428112	0	0
-0.445246	38.128132	0	0
-0.441725	37.828152	0	0
-0.438205	37.528172	0	0
-0.434684	37.228195	0	0
-0.431163	36.928215	0	0
-0.427642	36.628235	0	0
-0.424122	36.328255	0	0
-0.420601	36.028278	0	0
-0.41708	35.728298	0	0
-0.413559	35.428318	0	0
-0.410038	35.128338	0	0
-0.406518	34.828358	0	0
-0.402997	34.528381	0	0
-0.399476	34.228401	0	0
-0.395955	33.928421	0	0
-0.392435	33.628441	0	0
-0.388914	33.328465	0	0
-0.385393	33.028484	0	0
-0.381872	32.728504	0	0
-0.378352	32.428524	0	0
-0.374831	32.128544	0	0
-0.37131	31.828566	0	0
-0.367789	31.528587	0	0
-0.364268	31.228607	0	0
-0.360748	30.928627	0	0
-0.357227	30.628649	0	0
-0.353706	30.328669	0	0
-0.350185	30.02869	0	0
-0.346665	29.72871	0	0
-0.343144	29.428732	0	0
-0.339623	29.128752	0	0
-0.336102	28.828773	0	0
-0.332582	28.528793	0	0
-0.329061	28.228813	0	0
-0.32554	27.928835	0	0
-0.322019	27.628855	0	0
-0.318498	27.328876	0	0
-0.314978	27.028896	0	0
-0.311457	26.728918	0	0
-0.307936	26.428938	0	0
-0.304415	26.128958	0	0
-0.300894	25.828979	0	0
-0.297374	25.528999	0	0
-0.293853	25.229021	0	0
-0.290332	24.929041	0	0
-0.286811	24.629063	0	0
-0.283291	24.329082	0	0
-0.27977	24.029102	0	0
-0.276249	23.729124	0	0
-0.272728	23.429144	0	0
-0.269208	23.129166	0	0
-0.265687	22.829185	0	0
-0.262166	22.529207	0	0
-0.258645	22.229227	0	0
-0.255125	21.929247	0	0
-0.251604	21.629269	0	0
-0.248083	21.329288	0	0
-0.244562	21.02931	0	0
-0.241041	20.72933	0	0
-0.237521	20.429352	0	0
-0.234	20.129372	0	0
-0.230479	19.829391	0	0
-0.226958	19.529413	0	0
-0.223438	19.229433	0	0
-0.219917	18.929455	0	0
-0.216396	18.629475	0	0
-0.212875	18.329496	0	0
-0.209355	18.029516	0	0
-0.205834	17.729538	0	0
-0.202313	17.429558	0	0
-0.198792	17.129578	0	0
-0.195271	16.829599	0	0
-0.191751	16.529619	0	0
-0.18823	16.229641	0	0
-0.184709	15.929662	0	0
-0.181188	15.629683	0	0
-0.177667	15.329703	0	0
-0.174147	15.029724	0	0
-0.170626	14.729745	0	0
-0.167105	14.429766	0	0
-0.163584	14.129786	0	0
-0.160064	13.829806	0	0
-0.156543	13.529827	0	0
-0.153022	13.229848	0	0
-0.149501	12.929869	0	0
-0.145981	12.629889	0	0
-0.14246	12.32991	0	0
-0.138939	12.02993	0	0
-0.135418	11.729951	0	0
-0.131897	11.429972	0	0
-0.128377	11.129992	0	0
-0.124856	10.830013	0	0
-0.121335	10.530034	0	0
-0.117814	10.230055	0	0
-0.114294	9.930075	0	0
-0.110773	9.630095	0	0
-0.107252	9.330116	0	0
-0.103731	9.030137	0	0
-0.100211	8.730158	0	0
-0.09669	8.430179	0	0
-0.093169	8.130199	0	0
-0.089648	7.83022	0	0
-0.086128	7.530241	0	0
-0.082607	7.230262	0	0
-0.079086	6.930282	0	0
-0.075565	6.630303	0	0
-0.072044	6.330324	0	0
-0.068524	6.030344	0	0
-0.065003	5.730365	0	0
-0.061482	5.430386	0	0
-0.057961	5.130406	0	0
-0.05444	4.830427	0	0
-0.05092	4.530447	0	0
-0.047399	4.230468	0	0
-0.043878	3.930488	0	0
-0.040357	3.630509	0	0
-0.036837	3.330529	0	0
-0.033316	3.03055	0	0
-0.029795	2.730571	0	0
-0.026274	2.430591	0	0
-0.022754	2.130612	0	0
-0.019233	1.830633	0	0
-0.015712	1.530654	0	0
-0.012191	1.230674	0	0
-0.00867	0.930695	0	0
-0.00515	0.630715	0	0
-0.001629	0.330736	0	0
0.001892	0.030757	0	0
0.0059	-0.273244	0	0
0.012736	-0.592139	0	0
0.022526	-0.910968	0	0
0.035267	-1.229706	0	0
0.050954	-1.548325	0	0
0.069584	-1.866798	0	0
0.09115	-2.185097	0	0
0.11565	-2.503197	0	0
0.143076	-2.821071	0	0
0.173424	-3.13869	0	0
0.206688	-3.456031	0	0
0.242863	-3.773065	0	0
0.281942	-4.089767	0	0
0.323919	-4.406109	0	0
0.368787	-4.722068	0	0
0.416541	-5.037615	0	0
0.467171	-5.352727	0	0
0.520672	-5.667377	0	0
0.577035	-5.981538	0	0
0.636254	-6.295187	0	0
0.69832	-6.608297	0	0
0.763224	-6.920844	0	0
0.83096	-7.232802	0	0
0.901518	-7.544147	0	0
0.974888	-7.854853	0	0
1.051063	-8.164897	0	0
1.130034	-8.474253	0	0
1.21179	-8.782897	0	0
1.296322	-9.090805	0	0
1.383621	-9.397954	0	0
1.473676	-9.704319	0	0
1.566476	-10.009875	0	0
1.662013	-10.314601	0	0
1.760275	-10.618472	0	0
1.861251	-10.921464	0	0
1.96493	-11.223556	0	0
2.071301	-11.524723	0	0
2.180353	-11.824943	0	0
2.292075	-12.124192	0	0
2.406453	-12.422451	0	0
2.523478	-12.719693	0	0
2.643136	-13.015899	0	0
2.765415	-13.311046	0	0
2.890303	-13.605112	0	0
3.017787	-13.898074	0	0
3.147855	-14.189914	0	0
3.280494	-14.480607	0	0
3.415689	-14.770133	0	0
3.55343	-15.058472	0	0
3.6937	-15.345599	0	0
3.836488	-15.6315	0	0
3.98178	-15.91615	0	0
4.12956	-16.199528	0	0
4.279817	-16.481617	0	0
4.432535	-16.762394	0	0
4.587699	-17.04184	0	0
4.745296	-17.319937	0	0
4.905312	-17.596664	0	0
5.06773	-17.872002	0	0
5.232537	-18.145927	0	0
5.399716	-18.41843	0	0
5.569254	-18.689484	0	0
5.741135	-18.959074	0	0
5.915342	-19.227182	0	0
6.091862	-19.493788	0	0
6.270678	-19.758875	0	0
6.451773	-20.022421	0	0
6.635133	-20.284414	0	0
6.820741	-20.544836	0	0
7.008581	-20.803667	0	0
7.198636	-21.06089	0	0
7.390891	-21.316488	0	0
7.585329	-21.570446	0	0
7.781933	-21.822748	0	0
7.980687	-22.073374	0	0
8.181572	-22.322309	0	0
8.384575	-22.569542	0	0
8.589675	-22.815048	0	0
8.796856	-23.058819	0	0
9.006102	-23.300835	0	0
9.217396	-23.541086	0	0
9.430717	-23.779549	0	0
9.646051	-24.016214	0	0
9.863379	-24.251068	0	0
10.082685	-24.484095	0	0
10.303949	-24.715277	0	0
10.527155	-24.944607	0	0
10.752283	-25.172062	0	0
10.979317	-25.397635	0	0
11.208239	-25.621307	0	0
11.439027	-25.843073	0	0
11.671667	-26.062914	0	0
11.906139	-26.280817	0	0
12.142426	-26.496771	0	0
12.380507	-26.710758	0	0
12.620367	-26.922773	0	0
12.861984	-27.132805	0	0
13.105341	-27.34083	0	0
13.350418	-27.546848	0	0
13.597199	-27.750843	0	0
13.845663	-27.952803	0	0
14.095792	-28.152718	0	0
14.347567	-28.350576	0	0
14.600967	-28.546364	0	0
14.855979	-28.740074	0	0
15.112577	-28.931696	0	0
15.370745	-29.12122	0	0
15.630465	-29.308634	0	0
15.891714	-29.493927	0	0
16.154476	-29.677092	0	0
16.418732	-29.858116	0	0
16.684462	-30.036993	0	0
16.951643	-30.213715	0	0
17.220264	-30.388269	0	0
17.490301	-30.560644	0	0
17.76173	-30.730839	0	0
18.034538	-30.89884	0	0
18.308704	-31.064638	0	0
18.584209	-31.228231	0	0
18.861032	-31.389605	0	0
19.139154	-31.548756	0	0
19.418556	-31.705673	0	0
19.699217	-31.860352	0	0
19.981119	-32.012783	0	0
20.264242	-32.16296	0	0
20.548569	-32.310875	0	0
20.834074	-32.456528	0	0
21.120745	-32.599903	0	0
21.408558	-32.740997	0	0
21.697491	-32.87981	0	0
21.987532	-33.016327	0	0
22.278654	-33.150543	0	0
22.570841	-33.282463	0	0
22.864077	-33.412071	0	0
23.158333	-33.539364	0	0
23.453596	-33.664337	0	0
23.749846	-33.786991	0	0
24.047064	-33.90731	0	0
24.345226	-34.025303	0	0
24.64432	-34.140953	0	0
24.944319	-34.254265	0	0
25.245207	-34.365227	0	0
25.546965	-34.473839	0	0
25.849571	-34.580105	0	0
26.153009	-34.68401	0	0
26.457258	-34.785553	0	0
26.762297	-34.884735	0	0
27.068111	-34.981548	0	0
27.374676	-35.075993	0	0
27.681974	-35.168068	0	0
27.989988	-35.257767	0	0
28.298697	-35.345093	0	0
28.60808	-35.430042	0	0
28.918121	-35.512604	0	0
29.2288	-35.592785	0	0
29.540094	-35.670586	0	0
29.85199	-35.745998	0	0
30.164467	-35.819019	0	0
30.477503	-35.88966	0	0
30.791082	-35.957905	0	0
31.105185	-36.023762	0	0
31.419792	-36.087227	0	0
31.734886	-36.1483	0	0
32.050446	-36.206982	0	0
32.366451	-36.263275	0	0
32.682888	-36.317173	0	0
32.999733	-36.368675	0	0
33.316971	-36.417786	0	0
33.63459	-36.464508	0	0
33.952557	-36.508839	0	0
34.270863	-36.550777	0	0
34.589485	-36.590321	0	0
34.908405	-36.62748	0	0
35.227615	-36.662251	0	0
35.547081	-36.694633	0	0
35.866795	-36.724632	0	0
36.186737	-36.752243	0	0
36.506886	-36.77747	0	0
36.827225	-36.800323	0	0
37.147739	-36.820789	0	0
37.468407	-36.838886	0	0
37.789215	-36.854603	0	0
38.110146	-36.867947	0	0
38.431168	-36.878925	0	0
38.752285	-36.887531	0	0
39.073463	-36.893772	0	0
39.394695	-36.897655	0	0
39.715954	-36.899178	0	0
40.037235	-36.898342	0	0
40.358215	-36.895081	0	0
40.678303	-36.889221	0	0
40.998325	-36.880707	0	0
41.318268	-36.869541	0	0
41.638107	-36.855728	0	0
41.957821	-36.839264	0	0
42.277382	-36.820152	0	0
42.596775	-36.798386	0	0
42.915974	-36.773975	0	0
43.234962	-36.746918	0	0
43.553715	-36.71722	0	0
43.872208	-36.684879	0	0
44.190422	-36.649899	0	0
44.508331	-36.612278	0	0
44.825916	-36.572021	0	0
45.143158	-36.529133	0	0
45.460033	-36.483616	0	0
45.776516	-36.435467	0	0
46.092587	-36.384701	0	0
46.408226	-36.331306	0	0
46.723415	-36.275303	0	0
47.038124	-36.216675	0	0
47.352333	-36.155445	0	0
47.666023	-36.091606	0	0
47.979172	-36.025166	0	0
48.291756	-35.956131	0	0
48.603756	-35.884495	0	0
48.915146	-35.810276	0	0
49.225914	-35.733479	0	0
49.53603	-35.654095	0	0
49.845482	-35.57214	0	0
50.154232	-35.487617	0	0
50.462269	-35.400539	0	0
50.769573	-35.310898	0	0
51.07613	-35.218712	0	0
51.381893	-35.123978	0	0
51.686863	-35.026707	0	0
51.99102	-34.926903	0	0
52.294331	-34.824577	0	0
52.596783	-34.719734	0	0
52.89835	-34.612381	0	0
53.199009	-34.502518	0	0
53.498749	-34.390167	0	0
53.797539	-34.275326	0	0
54.095367	-34.158005	0	0
54.392208	-34.038208	0	0
54.688038	-33.915951	0	0
54.982841	-33.791233	0	0
55.276596	-33.664066	0	0
55.569286	-33.534462	0	0
55.860878	-33.402428	0	0
56.151367	-33.267971	0	0
56.440723	-33.131104	0	0
56.728935	-32.991829	0	0
57.015972	-32.850166	0	0
57.301815	-32.706116	0	0
57.586456	-32.559692	0	0
57.869862	-32.410904	0	0
58.15202	-32.259758	0	0
58.432907	-32.106274	0	0
58.712509	-31.950451	0	0
58.990799	-31.792309	0	0
59.267769	-31.631853	0	0
59.543385	-31.469097	0	0
59.817631	-31.30405	0	0
60.0905	-31.136723	0	0
60.361961	-30.967129	0	0
60.632	-30.79528	0	0
60.900593	-30.621187	0	0
61.167728	-30.444862	0	0
61.433376	-30.266315	0	0
61.697536	-30.085564	0	0
61.960175	-29.902615	0	0
62.221275	-29.717484	0	0
62.480831	-29.530178	0	0
62.738804	-29.340721	0	0
62.995193	-29.149117	0	0
63.249977	-28.955381	0	0
63.503128	-28.759525	0	0
63.754642	-28.561569	0	0
64.004494	-28.361519	0	0
64.25267	-28.159393	0	0
64.499146	-27.955204	0	0
64.743904	-27.748966	0	0
64.986938	-27.540693	0	0
65.228226	-27.3304	0	0
65.467743	-27.118097	0	0
65.70549	-26.903805	0	0
65.941429	-26.687538	0	0
66.17556	-26.469309	0	0
66.40786	-26.249132	0	0
66.638306	-26.027023	0	0
66.86689	-25.802998	0	0
67.09359	-25.57707	0	0
67.318398	-25.349258	0	0
67.541298	-25.119579	0	0
67.762268	-24.888046	0	0
67.981293	-24.654673	0	0
68.198364	-24.419479	0	0
68.413467	-24.182482	0	0
68.626572	-23.943695	0	0
68.837677	-23.703136	0	0
69.046753	-23.460819	0	0
69.253807	-23.216764	0	0
69.458809	-22.970989	0	0
69.661751	-22.723511	0	0
69.86261	-22.47434	0	0
70.061386	-22.223503	0	0
70.258049	-21.971012	0	0
70.452591	-21.716885	0	0
70.64502	-21.46114	0	0
70.835274	-21.203796	0	0
71.023392	-20.94487	0	0
71.209312	-20.684378	0	0
71.393066	-20.42234	0	0
71.574608	-20.158777	0	0
71.753952	-19.893702	0	0
71.931053	-19.627138	0	0
72.105919	-19.3591	0	0
72.278549	-19.089607	0	0
72.448898	-18.818682	0	0
72.616982	-18.546341	0	0
72.782784	-18.272598	0	0
72.946274	-17.997482	0	0
73.10746	-17.721006	0	0
73.266319	-17.443188	0	0
73.422859	-17.164053	0	0
73.577049	-16.883615	0	0
73.728882	-16.601896	0	0
73.878342	-16.318916	0	0
74.025436	-16.034695	0	0
74.170135	-15.749251	0	0
74.312431	-15.462605	0	0
74.452332	-15.174777	0	0
74.589813	-14.885787	0	0
74.724861	-14.595656	0	0
74.857468	-14.304404	0	0
74.987648	-14.012053	0	0
75.115349	-13.718618	0	0
75.240593	-13.424126	0	0
75.363365	-13.128592	0	0
75.48365	-12.832041	0	0
75.601433	-12.534492	0	0
75.716736	-12.235969	0	0
75.829521	-11.936484	0	0
75.939781	-11.636069	0	0
76.047523	-11.334739	0	0
76.152733	-11.032516	0	0
76.255402	-10.72942	0	0
76.355522	-10.425476	0	0
76.453079	-10.120701	0	0
76.548088	-9.815121	0	0
76.640518	-9.508753	0	0
76.730377	-9.20162	0	0
76.817657	-8.893746	0	0
76.902336	-8.585151	0	0
76.984436	-8.275855	0	0
77.063919	-7.965883	0	0
77.140808	-7.655252	0	0
77.21508	-7.34399	0	0
77.286736	-7.032113	0	0
77.355766	-6.719649	0	0
77.422157	-6.406615	0	0
77.485924	-6.093036	0	0
77.547066	-5.778933	0	0
77.605553	-5.464326	0	0
77.661392	-5.14924	0	0
77.714592	-4.833697	0	0
77.765121	-4.517717	0	0
77.813004	-4.201328	0	0
77.858215	-3.884548	0	0
77.900764	-3.567399	0	0
77.940643	-3.249903	0	0
77.977852	-2.932082	0	0
78.01239	-2.613962	0	0
78.044243	-2.295566	0	0
78.073425	-1.976912	0	0
78.099907	-1.658026	0	0
78.123718	-1.338926	0	0
78.144836	-1.019642	0	0
78.163269	-0.700188	0	0
78.179024	-0.380595	0	0
78.192078	-0.060877	0	0
78.202446	0.258936	0	0
78.210114	0.578822	0	0
78.215088	0.898763	0	0
78.217369	1.218733	0	0
78.216957	1.538709	0	0
78.215881	1.684148	0	0
78.212326	1.992795	0	0
78.208748	2.292774	0	0
78.20517	2.592754	0	0
78.201591	2.892733	0	0
78.198013	3.192712	0	0
78.194443	3.492691	0	0
78.190865	3.79267	0	0
78.187286	4.092649	0	0
78.183708	4.392629	0	0
78.180138	4.692608	0	0
78.176559	4.992587	0	0
78.172981	5.292566	0	0
78.169403	5.592546	0	0
78.165833	5.892524	0	0
78.162254	6.192503	0	0
78.158676	6.492483	0	0
78.155106	6.792462	0	0
78.151527	7.092441	0	0
78.147957	7.39242	0	0
78.144379	7.6924	0	0
78.1408	7.992379	0	0
78.13723	8.292357	0	0
78.133652	8.592337	0	0
78.130081	8.892316	0	0
78.126503	9.192295	0	0
78.122932	9.492274	0	0
78.119354	9.792253	0	0
78.115784	10.092233	0	0
78.112206	10.392211	0	0
78.108635	10.692191	0	0
78.105064	10.99217	0	0
78.101486	11.29215	0	0
78.097916	11.592129	0	0
78.094337	11.892106	0	0
78.090767	12.192087	0	0
78.087196	12.492065	0	0
78.083618	12.792045	0	0
78.080048	13.092024	0	0
78.076477	13.392002	0	0
78.072899	13.691982	0	0
78.069328	13.991961	0	0
78.065758	14.29194	0	0
78.06218	14.591919	0	0
78.058609	14.891898	0	0
78.055038	15.191877	0	0
78.051468	15.491856	0	0
78.04789	15.791836	0	0
78.044319	16.091814	0	0
78.040749	16.391794	0	0
78.037178	16.691774	0	0
78.033607	16.991751	0	0
78.030037	17.291731	0	0
78.026459	17.591711	0	0
78.022888	17.891691	0	0
78.019318	18.191668	0	0
78.015747	18.491648	0	0
78.012177	18.791628	0	0
78.008606	19.091606	0	0
78.005035	19.391586	0	0
78.001465	19.691565	0	0
77.997894	19.991543	0	0
77.994324	20.291523	0	0
77.990746	20.591501	0	0
77.987175	20.891481	0	0
77.983604	21.19146	0	0
77.980034	21.491438	0	0
77.976463	21.79142	0	0
77.972893	22.091396	0	0
77.969322	22.391375	0	0
77.965752	22.691355	0	0
77.962181	22.991335	0	0
77.958611	23.291313	0	0
77.955048	23.591291	0	0
77.951477	23.89127	0	0
77.947906	24.19125	0	0
77.944336	24.49123	0	0
77.940765	24.791208	0	0
77.937195	25.091185	0	0
77.933624	25.391167	0	0
77.930054	25.691145	0	0
77.926483	25.991123	0	0
77.922913	26.291101	0	0
77.919342	26.591084	0	0
77.915779	26.891062	0	0
77.912209	27.191038	0	0
77.908638	27.49102	0	0
77.905067	27.790998	0	0
77.901497	28.090977	0	0
77.897926	28.390955	0	0
77.894363	28.690937	0	0
77.890793	28.990913	0	0
77.887222	29.290892	0	0
77.883652	29.59087	0	0
77.880081	29.890852	0	0
77.876511	30.19083	0	0
77.872948	30.490808	0	0
77.869377	30.790787	0	0
77.865807	31.090767	0	0
77.862236	31.390745	0	0
77.858673	31.690723	0	0
77.855103	31.990704	0	0
77.851532	32.29068	0	0
77.847961	32.59066	0	0
77.844398	32.890636	0	0
77.840828	33.190617	0	0
77.837257	33.490601	0	0
77.833687	33.790581	0	0
77.830124	34.090557	0	0
77.826553	34.390537	0	0
77.822983	34.690517	0	0
77.81942	34.990494	0	0
77.815849	35.290474	0	0
77.812279	35.590446	0	0
77.808708	35.890427	0	0
77.805145	36.190407	0	0
77.801575	36.490383	0	0
77.798004	36.790363	0	0
77.794441	37.090343	0	0
77.790871	37.39032	0	0
77.7873	37.690304	0	0
77.783737	37.990284	0	0
77.780167	38.29026	0	0
77.776596	38.59024	0	0
77.773033	38.890217	0	0
77.769463	39.190197	0	0
77.765892	39.490177	0	0
77.762329	39.790154	0	0
77.758759	40.090134	0	0
77.755188	40.390114	0	0
77.751625	40.69009	0	0
77.748055	40.99007	0	0
77.744484	41.290051	0	0
77.740921	41.590027	0	0
77.73735	41.890007	0	0
77.73378	42.189983	0	0
77.730217	42.489964	0	0
77.726646	42.789944	0	0
77.723076	43.08992	0	0
77.719513	43.3899	0	0
77.715942	43.68988	0	0
77.712372	43.989857	0	0
77.708809	44.289837	0	0
77.705238	44.589817	0	0
77.701668	44.889793	0	0
77.698105	45.189774	0	0
77.694534	45.48975	0	0
77.690964	45.78973	0	0
77.687401	46.08971	0	0
77.68383	46.389687	0	0
77.680267	46.689667	0	0
77.676697	46.989647	0	0
77.673126	47.289623	0	0
77.669563	47.589603	0	0
77.665993	47.889584	0	0
77.662422	48.18956	0	0
77.658859	48.48954	0	0
77.655289	48.789516	0	0
77.651718	49.089497	0	0
77.648155	49.389477	0	0
77.644585	49.689453	0	0
77.641014	49.989433	0	0
77.637451	50.289413	0	0
77.633881	50.58939	0	0
77.63031	50.88937	0	0
77.626747	51.18935	0	0
77.623177	51.489326	0	0
77.619606	51.789307	0	0
77.616043	52.089279	0	0
77.612473	52.389259	0	0
77.608902	52.68924	0	0
77.605331	52.989216	0	0
77.601768	53.289196	0	0
77.598198	53.589176	0	0
77.594627	53.889153	0	0
77.591064	54.189137	0	0
77.587494	54.489117	0	0
77.583923	54.789093	0	0
77.58036	55.089073	0	0
77.57679	55.38905	0	0
77.573219	55.68903	0	0
77.569649	55.98901	0	0
77.566086	56.288982	0	0
77.562515	56.588963	0	0
77.558945	56.888943	0	0
77.555374	57.188919	0	0
77.551811	57.488899	0	0
77.548241	57.788879	0	0
77.54467	58.088856	0	0
77.5411	58.388836	0	0
77.537537	58.688812	0	0
77.533966	58.988789	0	0
77.530396	59.288769	0	0
77.526825	59.588749	0	0
77.523254	59.888729	0	0
77.519691	60.188709	0	0
77.516121	60.488686	0	0
77.51255	60.788666	0	0
77.50898	61.088646	0	0
77.505409	61.388622	0	0
77.501839	61.688599	0	0
77.498276	61.988575	0	0
77.494705	62.288555	0	0
77.491135	62.588535	0	0
77.487564	62.888512	0	0
77.483994	63.188492	0	0
77.480423	63.488476	0	0
77.476852	63.788448	0	0
77.473282	64.088425	0	0
77.469719	64.388405	0	0
77.466148	64.688385	0	0
77.462578	64.988365	0	0
77.459007	65.288338	0	0
77.455437	65.588318	0	0
77.451866	65.888298	0	0
77.448296	66.188278	0	0
77.444725	66.488243	0	0
77.441154	66.788223	0	0
77.437584	67.088203	0	0
77.434013	67.388184	0	0
77.430443	67.688164	0	0
77.426872	67.988152	0	0
77.423302	68.288124	0	0
77.419731	68.588104	0	0
77.416161	68.888084	0	0
77.41259	69.188065	0	0
77.409019	69.488045	0	0
77.405449	69.78801	0	0
77.401878	70.08799	0	0
77.398308	70.38797	0	0
77.39473	70.68795	0	0
77.391159	70.98793	0	0
77.387589	71.287903	0	0
77.384018	71.587883	0	0
77.380447	71.887863	0	0
77.376877	72.187843	0	0
77.373306	72.487823	0	0
77.369728	72.787796	0	0
77.366158	73.087776	0	0
77.362587	73.387756	0	0
77.359016	73.687737	0	0
77.355446	73.987717	0	0
77.351868	74.287697	0	0
77.348297	74.587669	0	0
77.344727	74.88765	0	0
77.341156	75.187622	0	0
77.337578	75.487602	0	0
77.334007	75.787582	0	0
77.330437	76.087555	0	0
77.326859	76.387535	0	0
77.323288	76.687515	0	0
77.319717	76.987495	0	0
77.316139	77.287476	0	0
77.312569	77.587463	0	0
77.308998	77.887428	0	0
77.30542	78.187408	0	0
77.301849	78.487389	0	0
77.298271	78.787369	0	0
77.294701	79.087349	0	0
77.291122	79.387321	0	0
77.287552	79.687302	0	0
77.283974	79.987274	0	0
77.280403	80.287254	0	0
77.276825	80.587234	0	0
77.273254	80.887207	0	0
77.269676	81.187195	0	0
77.266106	81.487175	0	0
77.262527	81.787155	0	0
77.258957	82.087128	0	0
77.255379	82.3871	0	0
77.251801	82.68708	0	0
77.24823	82.987061	0	0
77.244652	83.287041	0	0
77.241074	83.587021	0	0
77.237503	83.887001	0	0
77.233925	84.186966	0	0
77.230347	84.486946	0	0
77.226776	84.786934	0	0
77.223198	85.086914	0	0
77.21962	85.386894	0	0
77.216042	85.686867	0	0
77.212463	85.986839	0	0
77.208893	86.286819	0	0
77.205315	86.5868	0	0
77.201736	86.88678	0	0
77.198158	87.186752	0	0
77.19458	87.486732	0	0
77.191002	87.786713	0	0
77.184471	88.098579	0	0
