-0.027000000000001	2.35250000000001	1	1
-0.0263935803053315	2.05240970989979	1	1
-0.0234849752745774	1.7523329031085	1	1
-0.018274356096228	1.45228724090847	1	1
-0.0107620294458144	1.15229038274896	1	1
-0.000948437467890528	0.852359985206834	1	1
0.011165842250044	0.552513700947394	1	1
0.0255800967114652	0.252769177685337	1	1
0.0422934775528603	-0.0468559428538757	1	1
0.0613050010936149	-0.34634402597228	1	1
0.0826135483939225	-0.645677445037421	1	1
0.10621786532063	-0.944838582519716	1	1
0.132116562621071	-1.24380983102938	1	1
0.160308116004813	-1.54257359435266	1	1
0.190790866233385	-1.84111228848757	1	1
0.223563019217927	-2.13940834267878	1	1
0.25862264612477	-2.43744420045168	1	1
0.295967683488975	-2.73520232064581	1	1
0.335595933335796	-3.0326651784472	1	1
0.377505063309989	-3.32981526641973	1	1
0.421692606813146	-3.6266350955357	1	1
0.468155963148838	-3.92310719620507	1	1
0.516892397675683	-4.21921411930361	1	1
0.567899041968296	-4.5149384372	1	1
0.621172893986113	-4.81026274478146	1	1
0.676710818250093	-5.10516966047814	1	1
0.734509546027233	-5.39964182728618	1	1
0.794565675522989	-5.69366191378925	1	1
0.856875672081436	-5.98721261517858	1	1
0.921435868393353	-6.28027665427147	1	1
0.988242464712066	-6.57283678252819	1	1
1.05729152907703	-6.8648757810671	1	1
1.12857899754533	-7.15637646167807	1	1
1.20210067443079	-7.44732166783419	1	1
1.27785223255096	-7.73769427570148	1	1
1.35582921348178	-8.0274771951467	1	1
1.43602702782	-8.31665337074325	1	1
1.51844095545329	-8.605205782775	1	1
1.60306614583799	-8.89311744823792	1	1
1.6898976182847	-9.1803714218397	1	1
1.77893026225133	-9.46695079699709	1	1
1.87015883764392	-9.75283870683085	1	1
1.96357797512506	-10.0380183251586	1	1
2.05918217642991	-10.322472867485	1	1
2.15696581468976	-10.6061855919898	1	1
2.25692313476325	-10.8891398005131	1	1
2.3590482535751	-11.1713188395379	1	1
2.4633351604623	-11.4527061011706	1	1
2.56977771752796	-11.7332850241185	1	1
2.6783696600025	-12.0130390946642	1	1
2.78910459661238	-12.2919518476378	1	1
2.90197600995627	-12.5700068673857	1	1
3.01697725688867	-12.8471877887372	1	1
3.1341015689108	-13.1234782979673	1	1
3.2533420525691	-13.3988621337569	1	1
3.37469168986084	-13.6733230881502	1	1
3.49814333864724	-13.946845007508	1	1
3.62368973307376	-14.2194117934592	1	1
3.75132348399782	-14.4910074038478	1	1
3.88103707942363	-14.7616158536771	1	1
4.01282288494433	-15.0312212160505	1	1
4.14667314419134	-15.2998076231094	1	1
4.28257997929087	-15.5673592669663	1	1
4.42053539132752	-15.8338604006357	1	1
4.56053126081515	-16.0992953389608	1	1
4.70255934817468	-16.3636484595369	1	1
4.84661129421911	-16.6269042036301	1	1
4.99267862064544	-16.8890470770941	1	1
5.14075273053372	-17.1500616512812	1	1
5.290824908853	-17.4099325639509	1	1
5.44288632297426	-17.6686445201738	1	1
5.59692802319028	-17.9261822932322	1	1
5.75294094324239	-18.1825307255155	1	1
5.91091590085401	-18.437674729413	1	1
6.0708435982712	-18.6915992882019	1	1
6.23271462280974	-18.9442894569306	1	1
6.39651944740923	-19.1957303632987	1	1
6.56224843119378	-19.4459072085322	1	1
6.72989182003945	-19.6948052682547	1	1
6.89943974714827	-19.9424098933536	1	1
7.07088223362906	-20.1887065108427	1	1
7.24420918908468	-20.4336806247196	1	1
7.41941041220589	-20.6773178168191	1	1
7.59647559137184	-20.9196037476616	1	1
7.7753943052569	-21.1605241572972	1	1
7.95615602344402	-21.400064866145	1	1
8.13875010704456	-21.6382117758276	1	1
8.32316580932438	-21.8749508700007	1	1
8.50939227633639	-22.1102682151785	1	1
8.69741854755939	-22.3441499615531	1	1
8.88723355654311	-22.5765823438104	1	1
9.07882613155953	-22.8075516819396	1	1
9.27218499626048	-23.0370443820389	1	1
9.46729877034127	-23.265046937115	1	1
9.66415597021042	-23.4915459278786	1	1
9.86274500966569	-23.7165280235341	1	1
10.0630542005759	-23.9399799825638	1	1
10.2650717535687	-24.1618886535076	1	1
10.4687857787248	-24.3822409757372	1	1
10.6741842862775	-24.6010239802243	1	1
10.8812551873184	-24.8182247903042	1	1
11.0899862945089	-25.0338306224338	1	1
11.3003653227976	-25.2478287869437	1	1
11.5123798901432	-25.4602066887851	1	1
11.7260175182432	-25.6709518282713	1	1
11.9412656332687	-25.8800518018133	1	1
12.158111566604	-26.0874943026496	1	1
12.3765425555926	-26.2932671215708	1	1
12.5965457442879	-26.497358147638	1	1
12.8181081842102	-26.699755368896	1	1
13.0412168351089	-26.9004468730795	1	1
13.2658585657296	-27.099420848315	1	1
13.4920201545872	-27.2966655838155	1	1
13.7196882907441	-27.4921694705701	1	1
13.9488495745934	-27.6859210020268	1	1
14.1794905186478	-27.8779087747702	1	1
14.4115975483333	-28.0681214891924	1	1
14.6451570027881	-28.2565479501581	1	1
14.8801551356667	-28.4431770676635	1	1
15.1165781159489	-28.6279978574891	1	1
15.3544120287539	-28.810999441846	1	1
15.5936428761593	-28.9921710500162	1	1
15.8342565780247	-29.1715020189868	1	1
16.0762389728208	-29.3489817940768	1	1
16.3195758184625	-29.5245999295595	1	1
16.5642527931475	-29.6983460892761	1	1
16.810255496199	-29.8702100472448	1	1
17.0575694489131	-30.0401816882624	1	1
17.3061800954113	-30.2082510084996	1	1
17.5560728034972	-30.37440811609	1	1
17.8072328655173	-30.5386432317119	1	1
18.059645499227	-30.7009466891643	1	1
18.3132958486605	-30.8613089359357	1	1
18.5681689850051	-31.0197205337659	1	1
18.82424990748	-31.1761721592023	1	1
19.081523544219	-31.3306546041479	1	1
19.3399747531577	-31.4831587764035	1	1
19.5995883229248	-31.6336757002031	1	1
19.860348973737	-31.7821965167417	1	1
20.1222413582986	-31.9287124846971	1	1
20.3852500627049	-32.0732149807441	1	1
20.6493596073489	-32.2156955000622	1	1
20.9145544478332	-32.3561456568362	1	1
21.1808189758837	-32.4945571847495	1	1
21.4481375202695	-32.6309219374709	1	1
21.7164943477243	-32.7652318891337	1	1
21.9858736638728	-32.8974791348087	1	1
22.2562596141604	-33.0276558909687	1	1
22.527636284786	-33.1557544959473	1	1
22.7999877036389	-33.2817674103892	1	1
23.0732978412385	-33.4056872176943	1	1
23.3475506116783	-33.5275066244543	1	1
23.6227298735722	-33.6472184608817	1	1
23.8988194310045	-33.7648156812319	1	1
24.1758030344835	-33.8802913642179	1	1
24.4536643818975	-33.9936387134176	1	1
24.7323871194742	-34.1048510576738	1	1
25.011954842744	-34.213921851487	1	1
25.2923510975044	-34.3208446754004	1	1
25.5735593807892	-34.425613236378	1	1
25.8555631418395	-34.5282213681746	1	1
26.1383457830778	-34.6286630316991	1	1
26.421890661085	-34.7269323153697	1	1
26.7061810875799	-34.8230234354621	1	1
26.9912003304014	-34.9169307364494	1	1
27.2769316144933	-35.0086486913356	1	1
27.5633581228914	-35.0981719019804	1	1
27.8504629977137	-35.185495099417	1	1
28.1382293411522	-35.2706131441626	1	1
28.4266402164677	-35.3535210265202	1	1
28.7156786489864	-35.4342138668742	1	1
29.0053276270992	-35.5126869159771	1	1
29.2955701032628	-35.5889355552289	1	1
29.5863889950027	-35.6629552969495	1	1
29.8777671859196	-35.7347417846425	1	1
30.1696875266957	-35.8042907932515	1	1
30.4621328361044	-35.8715982294088	1	1
30.7550859020221	-35.9366601316766	1	1
31.0485294824404	-35.9994726707799	1	1
31.3424463064812	-36.0600321498318	1	1
31.6368190754134	-36.1183350045513	1	1
31.9316304636709	-36.1743778034732	1	1
32.226863119872	-36.2281572481494	1	1
32.5224996678413	-36.279670173344	1	1
32.8185227076317	-36.3289135472187	1	1
33.1149148165488	-36.3758844715117	1	1
33.4116585501765	-36.4205801817085	1	1
33.7087364434033	-36.4629980472038	1	1
34.0061310114507	-36.5031355714573	1	1
34.3038247509018	-36.5409903921399	1	1
34.6018001407317	-36.5765602812731	1	1
34.900039643339	-36.6098431453601	1	1
35.1985257055775	-36.6408370255088	1	1
35.4972407597894	-36.6695400975473	1	1
35.7961672248396	-36.6959506721315	1	1
36.0952875071502	-36.7200671948437	1	1
36.3945840017359	-36.7418882462851	1	1
36.6940390932403	-36.7614125421585	1	1
36.9936351569727	-36.7786389333446	1	1
37.2933545599454	-36.7935664059691	1	1
37.5931796619114	-36.8061940814624	1	1
37.8930928164027	-36.8165212166118	1	1
38.1930763717688	-36.8245472036048	1	1
38.4931126722157	-36.8302715700647	1	1
38.7931840588453	-36.8336939790791	1	1
39.0932728706943	-36.8348142292191	1	1
39.3933614457736	-36.8336322545514	1	1
39.6934321221085	-36.8301481246422	1	1
39.9934672387773	-36.8243620445528	1	1
40.2934491369515	-36.8162743548282	1	1
40.5933601609347	-36.8058855314764	1	1
40.8931826592019	-36.7931961859407	1	1
41.1928989854382	-36.7782070650634	1	1
41.4924914995778	-36.7609190510425	1	1
41.7919425688418	-36.7413331613791	1	1
42.0912345687763	-36.7194505488178	1	1
42.3903498842894	-36.6952725012788	1	1
42.6892709106881	-36.6688004417823	1	1
42.9879800547148	-36.6400359283644	1	1
43.2864597355819	-36.6089806539857	1	1
43.5846923860074	-36.5756364464314	1	1
43.8826604532486	-36.540005268204	1	1
44.1803464001346	-36.5020892164074	1	1
44.4777327060994	-36.4618905226242	1	1
44.7748018682125	-36.4194115527834	1	1
45.071536402209	-36.3746548070219	1	1
45.367918843519	-36.3276229195371	1	1
45.6639317482954	-36.2783186584316	1	1
45.9595576944402	-36.2267449255509	1	1
46.2547792826305	-36.1729047563119	1	1
46.5495791373421	-36.1168013195249	1	1
46.8439399078722	-36.0584379172064	1	1
47.1378442693609	-35.9978179843857	1	1
47.4312749238105	-35.9349450889015	1	1
47.7242146011037	-35.8698229311932	1	1
48.0166460600204	-35.802455344082	1	1
48.3085520892516	-35.7328462925462	1	1
48.5999155084135	-35.6609998734872	1	1
48.8907191690576	-35.5869203154886	1	1
49.1809459556808	-35.5106119785676	1	1
49.4705787867323	-35.4320793539179	1	1
49.7596006156191	-35.3513270636456	1	1
50.0479944317092	-35.2683598604972	1	1
50.335743261333	-35.18318262758	1	1
50.6228301687819	-35.0958003780741	1	1
50.9092382573055	-35.0062182549383	1	1
51.1949506701058	-34.9144415306065	1	1
51.4799505913296	-34.8204756066779	1	1
51.7642212470576	-34.724326013599	1	1
52.0477459062924	-34.625998410338	1	1
52.3305078819428	-34.5254985840517	1	1
52.612490531806	-34.4228324497452	1	1
52.8936772595469	-34.3180060499234	1	1
53.1740515156755	-34.2110255542354	1	1
53.4535967985201	-34.1018972591118	1	1
53.7322966551993	-33.9906275873936	1	1
54.0101346825897	-33.8772230879543	1	1
54.2870945282919	-33.7616904353148	1	1
54.5631598915923	-33.6440364292502	1	1
54.8383145244233	-33.5242679943896	1	1
55.1125422323187	-33.4023921798087	1	1
55.3858268753674	-33.2784161586152	1	1
55.6581523691634	-33.1523472275257	1	1
55.9295026857521	-33.0241928064373	1	1
56.1998618545738	-32.8939604379903	1	1
56.4692139634037	-32.7616577871243	1	1
56.7375431592884	-32.6272926406273	1	1
57.0048336494789	-32.4908729066773	1	1
57.2710697023602	-32.3524066143767	1	1
57.536235648377	-32.2119019132801	1	1
57.8003158809563	-32.0693670729141	1	1
58.0632948574255	-31.9248104822912	1	1
58.3251570999274	-31.7782406494157	1	1
58.5858871963313	-31.6296662007831	1	1
58.8454698011398	-31.479095880872	1	1
59.1038896363922	-31.3265385516302	1	1
59.3611314925636	-31.1720031919522	1	1
59.61718022946	-31.0154988971517	1	1
59.8720207771097	-30.8570348784254	1	1
60.1256381366498	-30.6966204623114	1	1
60.3780173812093	-30.5342650901401	1	1
60.6291436567875	-30.3699783174788	1	1
60.8790021831283	-30.2037698135686	1	1
61.1275782545903	-30.0356493607562	1	1
61.3748572410117	-29.8656268539176	1	1
61.6208245885719	-29.6937122998757	1	1
61.8654658206482	-29.5199158168116	1	1
62.1087665386674	-29.3442476336689	1	1
62.3507124229534	-29.166718089552	1	1
62.59128923357	-28.987337633117	1	1
62.8304828111592	-28.8061168219573	1	1
63.068279077774	-28.6230663219817	1	1
63.3046640377079	-28.4381969067873	1	1
63.5396237783177	-28.2515194570248	1	1
63.7731444708429	-28.0630449597583	1	1
64.0052123712193	-27.8727845078189	1	1
64.2358138208881	-27.6807492991515	1	1
64.4649352475997	-27.4869506361559	1	1
64.6925631662128	-27.2913999250215	1	1
64.9186841794874	-27.094108675056	1	1
65.1432849788741	-26.8950884980082	1	1
65.3663523452968	-26.6943511073842	1	1
65.587873149931	-26.4919083177583	1	1
65.8078343549764	-26.2877720440776	1	1
66.0262230144243	-26.0819543009605	1	1
66.2430262748197	-25.87446720199	1	1
66.4582313760175	-25.6653229590003	1	1
66.6718256519336	-25.4545338813583	1	1
66.8837965312906	-25.2421123752392	1	1
67.0941315383573	-25.0280709428961	1	1
67.3028182936834	-24.8124221819241	1	1
67.5098445148279	-24.5951787845194	1	1
67.7151980170817	-24.3763535367316	1	1
67.9188667141854	-24.1559593177118	1	1
68.1208386190399	-23.9340090989538	1	1
68.3211018444127	-23.7105159435317	1	1
68.5196446036369	-23.4854930053299	1	1
68.716455211305	-23.25895352827	1	1
68.9115220839571	-23.0309108455305	1	1
69.1048337407621	-22.8013783787626	1	1
69.2963788041938	-22.5703696372998	1	1
69.4861460007004	-22.3378982173632	1	1
69.6741241613678	-22.1039778012611	1	1
69.8603022225774	-21.8686221565837	1	1
70.0446692266569	-21.6318451353929	1	1
70.2272143225255	-21.3936606734068	1	1
70.4079267663323	-21.1540827891798	1	1
70.5867959220885	-20.9131255832774	1	1
70.7638112622941	-20.6708032374461	1	1
70.9389623685567	-20.427130013779	1	1
71.1122389322051	-20.1821202538765	1	1
71.2836307548959	-19.9357883780017	1	1
71.4531277492138	-19.6881488842321	1	1
71.6207199392654	-19.4392163476063	1	1
71.7863974612661	-19.1890054192658	1	1
71.9501505641206	-18.9375308255932	1	1
72.1119696099974	-18.6848073673452	1	1
72.2718450748951	-18.4308499187814	1	1
72.4297675492039	-18.1756734267892	1	1
72.5857277382586	-17.9192929100035	1	1
72.7397164628862	-17.6617234579234	1	1
72.8917246599461	-17.4029802300239	1	1
73.0417433828631	-17.1430784548632	1	1
73.1897638021543	-16.8820334291873	1	1
73.3357772059489	-16.619860517029	1	1
73.4797750005005	-16.3565751488036	1	1
73.6217487106932	-16.0921928204014	1	1
73.7616899805406	-15.8267290922749	1	1
73.8995905736769	-15.5601995885236	1	1
74.0354423738425	-15.292619995974	1	1
74.1692373853612	-15.0240060632564	1	1
74.3009677336106	-14.7543735998783	1	1
74.4306256654864	-14.4837384752936	1	1
74.5582035498578	-14.2121166179687	1	1
74.6836938780169	-13.939524014445	1	1
74.8070892641211	-13.6659767083983	1	1
74.9283824456273	-13.3914907996937	1	1
75.0475662837194	-13.116082443439	1	1
75.1646337637286	-12.8397678490333	1	1
75.2795779955462	-12.5625632792132	1	1
75.3923922140292	-12.2844850490955	1	1
75.5030697793982	-12.0055495252172	1	1
75.6116041776286	-11.7257731245719	1	1
75.7179890208337	-11.4451723136438	1	1
75.8222180476407	-11.1637636074385	1	1
75.9242851235592	-10.8815635685109	1	1
76.0241842413425	-10.5985888059906	1	1
76.1219095213408	-10.3148559746043	1	1
76.2174552118474	-10.0303817736952	1	1
76.3108156894374	-9.74518294624062	1	1
76.4019854592984	-9.45927627786652	1	1
76.4909591555541	-9.17267859585933	1	1
76.5777315415798	-8.88540676817571	1	1
76.6622975103112	-8.5974777024498	1	1
76.7446520845442	-8.30890834499797	1	1
76.8247904172287	-8.01971567982155	1	1
76.902707791753	-7.72991672760722	1	1
76.9783996222222	-7.43952854472521	1	1
77.0518614537274	-7.14856822222542	1	1
77.1230889626085	-6.85705288483156	1	1
77.1920779567083	-6.56499968993316	1	1
77.2588243756194	-6.27242582657582	1	1
77.323324290923	-5.97934851444962	1	1
77.3855739064202	-5.6857850028755	1	1
77.4455695583558	-5.39175256979012	1	1
77.5033077156332	-5.09726852072892	1	1
77.5587849800228	-4.80235018780756	1	1
77.6119980863618	-4.50701492870184	1	1
77.6629439027464	-4.21128012562619	1	1
77.7116194307161	-3.9151631843105	1	1
77.7580218054302	-3.61868153297579	1	1
77.8021482958365	-3.32185262130829	1	1
77.8439963048318	-3.02469391943269	1	1
77.8835633694152	-2.72722291688363	1	1
77.9208471608324	-2.42945712157657	1	1
77.9558454847134	-2.13141405877724	1	1
77.9885562812014	-1.83311127007021	1	1
78.0189776250737	-1.53456631232634	1	1
78.0471077258558	-1.23579675666972	1	1
78.0729449279259	-0.936820187443173	1	1
78.096487710613	-0.63765420117362	1	1
78.1177346882861	-0.338316405536239	1	1
78.1366846104358	-0.038824418318236	1	1
78.1533363617478	0.260804133618208	1	1
78.1676889621688	0.560551615373137	1	1
78.179741566964	0.860400385047015	1	1
78.1894934667667	1.16033279477881	1	1
78.1969440876206	1.46033119178483	1	1
78.2020929910127	1.76037791939759	1	1
78.2049398738998	2.06045531810515	1	1
78.2020449640288	2.51089028776978	0	1
78.1985899280576	2.81128057553957	0	1
78.1951348920863	3.11167086330935	0	1
78.1916798561151	3.41206115107914	0	1
78.1882248201439	3.71245143884892	0	1
78.1847697841727	4.0128417266187	0	1
78.1813147482014	4.31323201438849	0	1
78.1778597122302	4.61362230215827	0	1
78.174404676259	4.91401258992806	0	1
78.1709496402878	5.21440287769784	0	1
78.1674946043165	5.51479316546763	0	1
78.1640395683453	5.81518345323741	0	1
78.1605845323741	6.11557374100719	0	1
78.1571294964029	6.41596402877698	0	1
78.1536744604317	6.71635431654676	0	1
78.1502194244604	7.01674460431655	0	1
78.1467643884892	7.31713489208633	0	1
78.143309352518	7.61752517985611	0	1
78.1398543165468	7.9179154676259	0	1
78.1363992805755	8.21830575539568	0	1
78.1329442446043	8.51869604316547	0	1
78.1294892086331	8.81908633093525	0	1
78.1260341726619	9.11947661870504	0	1
78.1225791366907	9.41986690647482	0	1
78.1191241007194	9.7202571942446	0	1
78.1156690647482	10.0206474820144	0	1
78.112214028777	10.3210377697842	0	1
78.1087589928057	10.621428057554	0	1
78.1053039568345	10.9218183453237	0	1
78.1018489208633	11.2222086330935	0	1
78.0983938848921	11.5225989208633	0	1
78.0949388489209	11.8229892086331	0	1
78.0914838129496	12.1233794964029	0	1
78.0880287769784	12.4237697841727	0	1
78.0845737410072	12.7241600719424	0	1
78.081118705036	13.0245503597122	0	1
78.0776636690647	13.324940647482	0	1
78.0742086330935	13.6253309352518	0	1
78.0707535971223	13.9257212230216	0	1
78.0672985611511	14.2261115107914	0	1
78.0638435251799	14.5265017985611	0	1
78.0603884892086	14.8268920863309	0	1
78.0569334532374	15.1272823741007	0	1
78.0534784172662	15.4276726618705	0	1
78.050023381295	15.7280629496403	0	1
78.0465683453237	16.0284532374101	0	1
78.0431133093525	16.3288435251799	0	1
78.0396582733813	16.6292338129496	0	1
78.0362032374101	16.9296241007194	0	1
78.0327482014388	17.2300143884892	0	1
78.0292931654676	17.530404676259	0	1
78.0258381294964	17.8307949640288	0	1
78.0223830935252	18.1311852517986	0	1
78.0189280575539	18.4315755395683	0	1
78.0154730215827	18.7319658273381	0	1
78.0120179856115	19.0323561151079	0	1
78.0085629496403	19.3327464028777	0	1
78.0051079136691	19.6331366906475	0	1
78.0016528776978	19.9335269784173	0	1
77.9981978417266	20.233917266187	0	1
77.9947428057554	20.5343075539568	0	1
77.9912877697842	20.8346978417266	0	1
77.987832733813	21.1350881294964	0	1
77.9843776978417	21.4354784172662	0	1
77.9809226618705	21.735868705036	0	1
77.9774676258993	22.0362589928058	0	1
77.9740125899281	22.3366492805755	0	1
77.9705575539568	22.6370395683453	0	1
77.9671025179856	22.9374298561151	0	1
77.9636474820144	23.2378201438849	0	1
77.9601924460432	23.5382104316547	0	1
77.956737410072	23.8386007194245	0	1
77.9532823741007	24.1389910071942	0	1
77.9498273381295	24.439381294964	0	1
77.9463723021583	24.7397715827338	0	1
77.9429172661871	25.0401618705036	0	1
77.9394622302158	25.3405521582734	0	1
77.9360071942446	25.6409424460432	0	1
77.9325521582734	25.9413327338129	0	1
77.9290971223022	26.2417230215827	0	1
77.9256420863309	26.5421133093525	0	1
77.9221870503597	26.8425035971223	0	1
77.9187320143885	27.1428938848921	0	1
77.9152769784173	27.4432841726619	0	1
77.911821942446	27.7436744604317	0	1
77.9083669064748	28.0440647482014	0	1
77.9049118705036	28.3444550359712	0	1
77.9014568345324	28.644845323741	0	1
77.8980017985612	28.9452356115108	0	1
77.8945467625899	29.2456258992806	0	1
77.8910917266187	29.5460161870504	0	1
77.8876366906475	29.8464064748201	0	1
77.8841816546763	30.1467967625899	0	1
77.880726618705	30.4471870503597	0	1
77.8772715827338	30.7475773381295	0	1
77.8738165467626	31.0479676258993	0	1
77.8703615107914	31.3483579136691	0	1
77.8669064748201	31.6487482014388	0	1
77.8634514388489	31.9491384892086	0	1
77.8599964028777	32.2495287769784	0	1
77.8565413669065	32.5499190647482	0	1
77.8530863309353	32.850309352518	0	1
77.849631294964	33.1506996402878	0	1
77.8461762589928	33.4510899280576	0	1
77.8427212230216	33.7514802158273	0	1
77.8392661870504	34.0518705035971	0	1
77.8358111510791	34.3522607913669	0	1
77.8323561151079	34.6526510791367	0	1
77.8289010791367	34.9530413669065	0	1
77.8254460431655	35.2534316546763	0	1
77.8219910071942	35.553821942446	0	1
77.818535971223	35.8542122302158	0	1
77.8150809352518	36.1546025179856	0	1
77.8116258992806	36.4549928057554	0	1
77.8081708633094	36.7553830935252	0	1
77.8047158273381	37.055773381295	0	1
77.8012607913669	37.3561636690647	0	1
77.7978057553957	37.6565539568345	0	1
77.7943507194245	37.9569442446043	0	1
77.7908956834532	38.2573345323741	0	1
77.787440647482	38.5577248201439	0	1
77.7839856115108	38.8581151079137	0	1
77.7805305755396	39.1585053956835	0	1
77.7770755395683	39.4588956834532	0	1
77.7736205035971	39.759285971223	0	1
77.7701654676259	40.0596762589928	0	1
77.7667104316547	40.3600665467626	0	1
77.7632553956835	40.6604568345324	0	1
77.7598003597122	40.9608471223022	0	1
77.756345323741	41.2612374100719	0	1
77.7528902877698	41.5616276978417	0	1
77.7494352517986	41.8620179856115	0	1
77.7459802158273	42.1624082733813	0	1
77.7425251798561	42.4627985611511	0	1
77.7390701438849	42.7631888489209	0	1
77.7356151079137	43.0635791366906	0	1
77.7321600719424	43.3639694244604	0	1
77.7287050359712	43.6643597122302	0	1
77.72525	43.96475	0	1
77.7217949640288	44.2651402877698	0	1
77.7183399280576	44.5655305755396	0	1
77.7148848920863	44.8659208633094	0	1
77.7114298561151	45.1663111510791	0	1
77.7079748201439	45.4667014388489	0	1
77.7045197841727	45.7670917266187	0	1
77.7010647482014	46.0674820143885	0	1
77.6976097122302	46.3678723021583	0	1
77.694154676259	46.6682625899281	0	1
77.6906996402878	46.9686528776978	0	1
77.6872446043165	47.2690431654676	0	1
77.6837895683453	47.5694334532374	0	1
77.6803345323741	47.8698237410072	0	1
77.6768794964029	48.170214028777	0	1
77.6734244604317	48.4706043165468	0	1
77.6699694244604	48.7709946043165	0	1
77.6665143884892	49.0713848920863	0	1
77.663059352518	49.3717751798561	0	1
77.6596043165468	49.6721654676259	0	1
77.6561492805755	49.9725557553957	0	1
77.6526942446043	50.2729460431655	0	1
77.6492392086331	50.5733363309352	0	1
77.6457841726619	50.873726618705	0	1
77.6423291366906	51.1741169064748	0	1
77.6388741007194	51.4745071942446	0	1
77.6354190647482	51.7748974820144	0	1
77.631964028777	52.0752877697842	0	1
77.6285089928058	52.375678057554	0	1
77.6250539568345	52.6760683453237	0	1
77.6215989208633	52.9764586330935	0	1
77.6181438848921	53.2768489208633	0	1
77.6146888489209	53.5772392086331	0	1
77.6112338129496	53.8776294964029	0	1
77.6077787769784	54.1780197841727	0	1
77.6043237410072	54.4784100719424	0	1
77.600868705036	54.7788003597122	0	1
77.5974136690647	55.079190647482	0	1
77.5939586330935	55.3795809352518	0	1
77.5905035971223	55.6799712230216	0	1
77.5870485611511	55.9803615107914	0	1
77.5835935251799	56.2807517985611	0	1
77.5801384892086	56.5811420863309	0	1
77.5766834532374	56.8815323741007	0	1
77.5732284172662	57.1819226618705	0	1
77.569773381295	57.4823129496403	0	1
77.5663183453237	57.7827032374101	0	1
77.5628633093525	58.0830935251798	0	1
77.5594082733813	58.3834838129496	0	1
77.5559532374101	58.6838741007194	0	1
77.5524982014389	58.9842643884892	0	1
77.5490431654676	59.284654676259	0	1
77.5455881294964	59.5850449640288	0	1
77.5421330935252	59.8854352517986	0	1
77.538678057554	60.1858255395683	0	1
77.5352230215827	60.4862158273381	0	1
77.5317679856115	60.7866061151079	0	1
77.5283129496403	61.0869964028777	0	1
77.5248579136691	61.3873866906475	0	1
77.5214028776979	61.6877769784173	0	1
77.5179478417266	61.988167266187	0	1
77.5144928057554	62.2885575539568	0	1
77.5110377697842	62.5889478417266	0	1
77.507582733813	62.8893381294964	0	1
77.5041276978417	63.1897284172662	0	1
77.5006726618705	63.490118705036	0	1
77.4972176258993	63.7905089928058	0	1
77.4937625899281	64.0908992805755	0	1
77.4903075539568	64.3912895683453	0	1
77.4868525179856	64.6916798561151	0	1
77.4833974820144	64.9920701438849	0	1
77.4799424460432	65.2924604316547	0	1
77.476487410072	65.5928507194244	0	1
77.4730323741007	65.8932410071942	0	1
77.4695773381295	66.193631294964	0	1
77.4661223021583	66.4940215827338	0	1
77.4626672661871	66.7944118705036	0	1
77.4592122302158	67.0948021582734	0	1
77.4557571942446	67.3951924460432	0	1
77.4523021582734	67.6955827338129	0	1
77.4488471223022	67.9959730215827	0	1
77.4453920863309	68.2963633093525	0	1
77.4419370503597	68.5967535971223	0	1
77.4384820143885	68.8971438848921	0	1
77.4350269784173	69.1975341726619	0	1
77.431571942446	69.4979244604316	0	1
77.4281169064748	69.7983147482014	0	1
77.4246618705036	70.0987050359712	0	1
77.4212068345324	70.399095323741	0	1
77.4177517985612	70.6994856115108	0	1
77.4142967625899	70.9998758992806	0	1
77.4108417266187	71.3002661870503	0	1
77.4073866906475	71.6006564748201	0	1
77.4039316546763	71.9010467625899	0	1
77.400476618705	72.2014370503597	0	1
77.3970215827338	72.5018273381295	0	1
77.3935665467626	72.8022176258993	0	1
77.3901115107914	73.1026079136691	0	1
77.3866564748201	73.4029982014388	0	1
77.3832014388489	73.7033884892086	0	1
77.3797464028777	74.0037787769784	0	1
77.3762913669065	74.3041690647482	0	1
77.3728363309353	74.604559352518	0	1
77.369381294964	74.9049496402878	0	1
77.3659262589928	75.2053399280576	0	1
77.3624712230216	75.5057302158273	0	1
77.3590161870504	75.8061205035971	0	1
77.3555611510791	76.1065107913669	0	1
77.3521061151079	76.4069010791367	0	1
77.3486510791367	76.7072913669065	0	1
77.3451960431655	77.0076816546762	0	1
77.3417410071943	77.308071942446	0	1
77.338285971223	77.6084622302158	0	1
77.3348309352518	77.9088525179856	0	1
77.3313758992806	78.2092428057554	0	1
77.3279208633093	78.5096330935252	0	1
77.3244658273381	78.810023381295	0	1
77.3210107913669	79.1104136690647	0	1
77.3175557553957	79.4108039568345	0	1
77.3141007194245	79.7111942446043	0	1
77.3106456834532	80.0115845323741	0	1
77.307190647482	80.3119748201439	0	1
77.3037356115108	80.6123651079137	0	1
77.3002805755396	80.9127553956834	0	1
77.2968255395683	81.2131456834532	0	1
77.2933705035971	81.513535971223	0	1
77.2899154676259	81.8139262589928	0	1
77.2864604316547	82.1143165467626	0	1
77.2830053956835	82.4147068345324	0	1
77.2795503597122	82.7150971223022	0	1
77.276095323741	83.0154874100719	0	1
77.2726402877698	83.3158776978417	0	1
77.2691852517986	83.6162679856115	0	1
77.2657302158273	83.9166582733813	0	1
77.2622751798561	84.2170485611511	0	1
77.2588201438849	84.5174388489208	0	1
77.2553651079137	84.8178291366906	0	1
77.2519100719424	85.1182194244604	0	1
77.2484550359712	85.4186097122302	0	1
77.245	85.719	1	1
77.241384149327	86.0191324489039	1	1
77.2354658784496	86.3192283258016	1	1
77.2272455356926	86.6192699682883	1	1
77.2167236048715	86.9192397171514	1	1
77.2039007052639	87.2191199174094	1	1
77.1887775915725	87.5188929193516	1	1
77.1713551538814	87.8185410795764	1	1
77.1516344176035	88.1180467620297	1	1
77.1296165434199	88.4173923390433	1	1
77.1053028272117	88.716560192372	1	1
77.078694699984	89.0155327142308	1	1
77.0497937277813	89.3142923083309	1	1
77.0186016115955	89.6128213909159	1	1
76.9851201872659	89.911102391796	1	1
76.9493514253709	90.2091177553826	1	1
76.9112974311122	90.5068499417215	1	1
76.8709604441908	90.804281427525	1	1
76.8283428386753	91.1013947072034	1	1
76.7834471228621	91.3981722938955	1	1
76.7362759391276	91.6945967204974	1	1
76.6868320637732	91.9906505406908	1	1
76.6351184068611	92.2863163299698	1	1
76.5811380120439	92.5815766866662	1	1
76.5248940563847	92.8764142329743	1	1
76.4663898501706	93.1708116159729	1	1
76.4056288367177	93.4647515086472	1	1
76.3426145921686	93.7582166109082	1	1
76.2773508252816	94.0511896506113	1	1
76.2098413772125	94.3436533845726	1	1
76.140090221289	94.6355905995838	1	1
76.0681014627761	94.9269841134253	1	1
75.9938793386351	95.2178167758778	1	1
75.9174282172737	95.5080714697309	1	1
75.8387525982896	95.7977311117914	1	1
75.7578571122048	96.0867786538883	1	1
75.6747465201939	96.3751970838763	1	1
75.5894257138032	96.6629694266371	1	1
75.5018997146633	96.9500787450782	1	1
75.4121736741931	97.2365081411302	1	1
75.3202528732972	97.5222407567411	1	1
75.2261427220545	97.8072597748683	1	1
75.1298487593999	98.091548420469	1	1
75.0313766527989	98.3750899614867	1	1
74.930732197913	98.6578677098367	1	1
74.8279213182595	98.9398650223878	1	1
74.7229500648625	99.2210653019421	1	1
74.6158246158967	99.5014519982118	1	1
74.5065512763238	99.7810086087932	1	1
74.3951364775217	100.059718680138	1	1
74.2815867769054	100.337565808522	1	1
74.1659088575418	100.614533641009	1	1
74.0481095277557	100.890605876417	1	1
73.9281957207295	101.165766266273	1	1
73.8061744940948	101.439998615772	1	1
73.6820530295176	101.71328678473	1	1
73.5558386322749	101.985614688533	1	1
73.4275387308251	102.256966299085	1	1
73.297160876371	102.52732564575	1	1
73.164712742415	102.796676816293	1	1
73.0302021243074	103.065003957815	1	1
72.8936369387883	103.332291277689	1	1
72.7550252235206	103.598523044486	1	1
72.6143751366179	103.863683588902	1	1
72.4716949561638	104.127757304684	1	1
72.3269930797247	104.390728649542	1	1
72.1802780238559	104.652582146067	1	1
72.0315584236001	104.913302382644	1	1
71.8808430319791	105.172874014356	1	1
71.7281407194788	105.431281763889	1	1
71.573460473527	105.688510422427	1	1
71.4168113979646	105.944544850554	1	1
71.2582027125096	106.199369979142	1	1
71.0976437522146	106.452970810233	1	1
70.9351439669173	106.70533241793	1	1
70.7707129206844	106.95643994927	1	1
70.6043602912487	107.206278625101	1	1
70.4360958694392	107.45483374095	1	1
70.2659295586053	107.702090667887	1	1
70.0938713740338	107.94803485339	1	1
69.9199314423593	108.192651822201	1	1
69.7441200009682	108.435927177174	1	1
69.5664473973963	108.677846600126	1	1
69.3869240887198	108.918395852677	1	1
69.2055606409396	109.157560777092	1	1
69.0223677283597	109.39532729711	1	1
68.8373561329588	109.631681418776	1	1
68.6505367437559	109.866609231261	1	1
68.4619205561691	110.100096907684	1	1
68.2715186713688	110.332130705924	1	1
68.0793422956239	110.562696969429	1	1
67.8854027396428	110.791782128021	1	1
67.6897114179073	111.019372698692	1	1
67.4922798480009	111.245455286402	1	1
67.2931196499309	111.470016584862	1	1
67.0922425454446	111.69304337732	1	1
66.8896603573393	111.914522537341	1	1
66.6853850087663	112.134441029575	1	1
66.4794285225297	112.352785910528	1	1
66.2718030203781	112.569544329321	1	1
66.0625207222916	112.784703528447	1	1
65.8515939457626	112.998250844526	1	1
65.6390351050704	113.210173709042	1	1
65.4248567105512	113.420459649091	1	1
65.2090713678613	113.62909628811	1	1
64.9916917772352	113.836071346609	1	1
64.7727307327386	114.041372642889	1	1
64.5522011215147	114.244988093762	1	1
64.3301159230263	114.446905715266	1	1
64.1064882082915	114.64711362336	1	1
63.8813311391146	114.845600034635	1	1
63.6546579673113	115.042353267	1	1
63.4264820339291	115.23736174037	1	1
63.1968167684615	115.430613977353	1	1
62.9656756880583	115.622098603919	1	1
62.7330723967293	115.811804350074	1	1
62.4990205845443	115.99972005052	1	1
62.2635340268269	116.185834645314	1	1
62.0266265833439	116.370137180521	1	1
61.7883121974897	116.552616808853	1	1
61.5486048954654	116.733262790312	1	1
61.3075187854535	116.912064492822	1	1
61.0650680567872	117.089011392852	1	1
60.8212669791159	117.264093076039	1	1
60.5761299015647	117.437299237797	1	1
60.3296712518903	117.608619683926	1	1
60.0819055356314	117.778044331211	1	1
59.8328473352555	117.945563208018	1	1
59.5825113093004	118.111166454877	1	1
59.3309121915113	118.274844325064	1	1
59.0780647899739	118.436587185175	1	1
58.8239839862426	118.596385515693	1	1
58.5686847344647	118.754229911549	1	1
58.3121820605007	118.910111082671	1	1
58.0544910610391	119.064019854538	1	1
57.7956269027086	119.215947168715	1	1
57.5356048211851	119.365884083387	1	1
57.2744401202952	119.513821773886	1	1
57.0121481711152	119.659751533211	1	1
56.7487444110666	119.803664772537	1	1
56.4842443430077	119.945553021726	1	1
56.2186635343207	120.085407929822	1	1
55.9520176159959	120.22322126554	1	1
55.6843222817115	120.358984917758	1	1
55.4155932869099	120.492690895987	1	1
55.1458464478707	120.624331330844	1	1
54.8750976407795	120.753898474518	1	1
54.6033628007935	120.881384701221	1	1
54.3306579211039	121.00678250764	1	1
54.0569990519944	121.130084513378	1	1
53.7824022998964	121.251283461386	1	1
53.5068838264416	121.370372218397	1	1
53.2304598475099	121.487343775336	1	1
52.953146632276	121.602191247741	1	1
52.6749605022511	121.714907876163	1	1
52.3959178303227	121.825487026568	1	1
52.1160350397906	121.933922190722	1	1
51.8353286034008	122.04020698658	1	1
51.5538150423756	122.144335158656	1	1
51.2715109254411	122.246300578398	1	1
50.9884328678527	122.34609724454	1	1
50.7045975304162	122.443719283463	1	1
50.4200216185083	122.539160949537	1	1
50.1347218810926	122.632416625459	1	1
49.848715109734	122.723480822585	1	1
49.5620181376107	122.812348181252	1	1
49.2746478385231	122.899013471095	1	1
48.986621125901	122.983471591351	1	1
48.6979549518078	123.065717571165	1	1
48.4086663059432	123.145746569878	1	1
48.1187722146427	123.223553877313	1	1
47.8282897398763	123.299134914053	1	1
47.5372359782432	123.37248523171	1	1
47.2456280599668	123.443600513188	1	1
46.9534831478855	123.512476572934	1	1
46.660818436443	123.579109357188	1	1
46.3676511506763	123.643494944219	1	1
46.0739985452017	123.705629544558	1	1
45.7798779031998	123.765509501217	1	1
45.4853065353975	123.823131289911	1	1
45.1903017790497	123.878491519257	1	1
44.8948809969187	123.931586930983	1	1
44.5990615762526	123.98241440011	1	1
44.3028609277614	124.030970935145	1	1
44.0062964845927	124.077253678249	1	1
43.7093857013057	124.121259905411	1	1
43.4121460528437	124.162987026607	1	1
43.1145950335054	124.202432585951	1	1
42.8167501559158	124.239594261839	1	1
42.5186289499951	124.274469867089	1	1
42.2202489619269	124.307057349066	1	1
41.921627753126	124.337354789806	1	1
41.622782899204	124.365360406127	1	1
41.3237319889356	124.391072549733	1	1
41.0244926232232	124.414489707314	1	1
40.7250824140606	124.435610500633	1	1
40.4255189834972	124.454433686607	1	1
40.1258199625998	124.470958157381	1	1
39.8260029904161	124.485182940392	1	1
39.5260857129354	124.497107198429	1	1
39.2260857820509	124.50673022968	1	1
38.9260208545202	124.514051467771	1	1
38.6259085909266	124.519070481806	1	1
38.3257666546392	124.521786976386	1	1
38.0256127107735	124.522200791629	1	1
37.7254644251519	124.52031190318	1	1
37.4253394632636	124.516120422211	1	1
37.1252554892252	124.509626595415	1	1
36.8252301647407	124.500830804993	1	1
36.5252811480625	124.489733568627	1	1
36.2254260929517	124.476335539456	1	1
35.9256826476393	124.460637506032	1	1
35.6260684537872	124.442640392277	1	1
35.3266011454502	124.422345257426	1	1
35.0272983480383	124.399753295968	1	1
34.7281776772786	124.374865837571	1	1
34.4292567381792	124.34768434701	1	1
34.1305531239929	124.318210424075	1	1
33.8320844151816	124.286445803478	1	1
33.5338681783815	124.252392354754	1	1
33.2359219653695	124.21605208215	1	1
32.93826331203	124.177427124502	1	1
32.6409097373227	124.136519755118	1	1
32.3438787422518	124.093332381635	1	1
32.0471878088356	124.047867545884	1	1
31.750854399078	124.000127923739	1	1
31.4548959539404	123.950116324955	1	1
31.1593298923153	123.89783569301	1	1
30.8641736100012	123.843289104925	1	1
30.5694444786787	123.786479771088	1	1
30.2751598448879	123.727411035061	1	1
29.9813370290078	123.666086373387	1	1
29.6879933242366	123.602509395382	1	1
29.3951459955741	123.536683842924	1	1
29.1028122788052	123.468613590234	1	1
28.8110093794861	123.398302643646	1	1
28.5197544719309	123.325755141372	1	1
28.2290646982015	123.250975353259	1	1
27.938957167098	123.173967680535	1	1
27.6494489531525	123.094736655556	1	1
27.3605570956234	123.013286941532	1	1
27.0722985974932	122.929623332258	1	1
26.7846904244673	122.843750751827	1	1
26.4977495039756	122.755674254346	1	1
26.2114927241766	122.665399023633	1	1
25.9259369329626	122.572930372917	1	1
25.641098936969	122.478273744519	1	1
25.3569955005846	122.38143470954	1	1
25.0736433449651	122.282418967524	1	1
24.7910591470488	122.18123234613	1	1
24.5092595385754	122.077880800784	1	1
24.2282611051066	121.972370414332	1	1
23.9480803850504	121.86470739668	1	1
23.6687338686878	121.754898084428	1	1
23.3902379972015	121.6429489405	1	1
23.1126091617092	121.528866553759	1	1
22.8358637022983	121.412657638626	1	1
22.5600179070642	121.294329034675	1	1
22.2850880111519	121.173887706242	1	1
22.0110901958004	121.051340742004	1	1
21.7380405873902	120.926695354572	1	1
21.4659552564942	120.799958880057	1	1
21.1948502169321	120.671138777646	1	1
20.9247414248276	120.540242629158	1	1
20.6556447776691	120.407278138601	1	1
20.3875761133749	120.272253131714	1	1
20.12055120936	120.135175555514	1	1
19.8545857816082	119.99605347782	1	1
19.5896954837467	119.854895086783	1	1
19.3258959061253	119.711708690404	1	1
19.0632025748982	119.566502716044	1	1
18.8016309511108	119.419285709926	1	1
18.5411964297891	119.270066336635	1	1
18.2819143390343	119.11885337861	1	1
18.0237999391199	118.965655735618	1	1
17.7668684215943	118.810482424243	1	1
17.5111349083861	118.653342577345	1	1
17.2566144509143	118.494245443525	1	1
17.0033220292027	118.333200386586	1	1
16.7512725509978	118.170216884974	1	1
16.5004808508914	118.005304531225	1	1
16.250961689448	117.8384730314	1	1
16.0027297523355	117.669732204513	1	1
15.7557996494613	117.499091981952	1	1
15.5101859141119	117.326562406896	1	1
15.2659030020982	117.152153633725	1	1
15.0229652909041	116.975875927417	1	1
14.7813870788404	116.797739662953	1	1
14.5411825842039	116.617755324697	1	1
14.3023659444395	116.435933505784	1	1
14.064951215309	116.252284907496	1	1
13.8289523700635	116.066820338632	1	1
13.594383298621	115.879550714871	1	1
13.3612578067487	115.690487058129	1	1
13.129589615251	115.499640495914	1	1
12.8993923591615	115.307022260666	1	1
12.6706795869405	115.1126436891	1	1
12.4434647596779	114.916516221535	1	1
12.2177612503005	114.718651401226	1	1
11.9935823427853	114.519060873679	1	1
11.7709412313776	114.317756385969	1	1
11.5498510198143	114.114749786047	1	1
11.3303247205527	113.910053022043	1	1
11.1123752540047	113.703678141564	1	1
10.8960154477763	113.495637290984	1	1
10.6812580359128	113.285942714729	1	1
10.468115658149	113.074606754556	1	1
10.2566008591656	112.861641848827	1	1
10.0467260878505	112.647060531777	1	1
9.83850369656674	112.430875432778	1	1
9.63194594042472	112.213099275592	1	1
9.42706497656146	111.993744877625	1	1
9.22387286342484	111.772825149171	1	1
9.02238156006404	111.550353092653	1	1
8.82260292542551	111.326341801859	1	1
8.62454871765512	111.100804461169	1	1
8.42823059340612	110.87375434478	1	1
8.233660107153	110.645204815923	1	1
8.04084871051152	110.415169326083	1	1
7.8498077515647	110.183661414197	1	1
7.66054847419487	109.950694705865	1	1
7.47308201742194	109.716282912548	1	1
7.28741941474784	109.480439830756	1	1
7.10357159350703	109.243179341238	1	1
6.92154937422348	109.004515408168	1	1
6.74136346997375	108.764462078321	1	1
6.56302448575644	108.523033480244	1	1
6.38654291786812	108.280243823428	1	1
6.21192915328544	108.03610739747	1	1
6.03919346905391	107.790638571233	1	1
5.86834603168295	107.543851791998	1	1
5.69939689654757	107.295761584618	1	1
5.53235600729656	107.046382550657	1	1
5.36723319526719	106.795729367536	1	1
5.20403817890667	106.543816787667	1	1
5.04278056320011	106.290659637584	1	1
4.88346983910519	106.036272817074	1	1
4.72611538299357	105.780671298293	1	1
4.57072645609911	105.523870124893	1	1
4.41731220397268	105.26588441113	1	1
4.26588165594396	105.006729340979	1	1
4.11644372459001	104.746420167238	1	1
3.96900720521067	104.48497221063	1	1
3.82358077531094	104.222400858903	1	1
3.68017299409028	103.958721565923	1	1
3.53879230193877	103.693949850764	1	1
3.39944701994042	103.428101296798	1	1
3.2621453493834	103.161191550772	1	1
3.12689537127735	102.893236321894	1	1
2.99370504587775	102.6242513809	1	1
2.86258221221743	102.354252559136	1	1
2.73353458764517	102.083255747617	1	1
2.60656976737155	101.811276896098	1	1
2.48169522402183	101.538332012129	1	1
2.35891830719625	101.264437160122	1	1
2.23824624303738	100.989608460397	1	1
2.11968613380485	100.713862088236	1	1
2.00324495745736	100.437214272933	1	1
1.88892956724195	100.159681296836	1	1
1.77674669129065	99.8812794943914	1	1
1.66670293222455	99.6020252511797	1	1
1.55880476676508	99.3219350029531	1	1
1.45305854535293	99.0410252346676	1	1
1.34947049177426	98.7593124795127	1	1
1.24804670279435	98.4768133179385	1	1
1.14879314779878	98.1935443766797	1	1
1.05171566844216	97.9095223277769	1	1
0.95681997830426	97.6247638875957	1	1
0.864111662553711	97.3392858158426	1	1
0.773596177619339	97.0531049145786	1	1
0.685278850869004	96.7662380272305	1	1
0.599164880296037	96.478702037599	1	1
0.515259334213312	96.1905138688659	1	1
0.433567150954971	95.9016904825974	1	1
0.354093138585746	95.6122488777457	1	1
0.27684197461798	95.3222060896492	1	1
0.201818205736345	95.0315791890293	1	1
0.129026247530227	94.7403852809857	1	1
0.0584703842338357	94.4486415039901	1	1
-0.0098452315259081	94.156365028877	1	1
-0.0759165789738461	93.8635730578334	1	1
-0.139739769423159	93.5702828233863	1	1
-0.201311046504273	93.2765115873884	1	1
-0.260626786385956	92.982276640002	1	1
-0.317683497988575	92.6875952986818	1	1
-0.372477823189577	92.3924849071553	1	1
-0.42500653702114	92.0969628344021	1	1
-0.475266547859974	91.8010464736316	1	1
-0.523254897609284	91.5047532412595	1	1
-0.568968761872867	91.2081005758826	1	1
-0.612405450121351	90.9111059372522	1	1
-0.65356240585055	90.6137868052471	1	1
-0.69243720673191	90.3161606788442	1	1
-0.729027564755114	90.0182450750889	1	1
-0.763331326362703	89.7200575280639	1	1
-0.79534647257686	89.4216155878577	1	1
-0.825071119118206	89.122936819531	1	1
-0.852503516516741	88.8240388020834	1	1
-0.877642050214774	88.5249391274184	1	1
-0.900485240661972	88.2256553993085	1	1
-0.921031743402423	87.9262052323587	1	1
-0.939280349153783	87.6266062509697	1	1
-0.955229983878425	87.3268760883012	1	1
-0.9688797088467	87.0270323852333	1	1
-0.980228720692118	86.7270927893289	1	1
-0.989276351458678	86.4270749537946	1	1
-0.996022068640194	86.126996536442	1	1
-1.00046547521158	85.826875198648	1	1
-1.00260630965228	85.5267286043161	1	1
-1.0024444459616	85.2265744188359	1	1
-0.999979893666179	84.9264303080438	1	1
-0.994412727272727	84.4748709090909	0	1
-0.990869090909091	84.1740563636364	0	1
-0.987325454545455	83.8732418181818	0	1
-0.983781818181818	83.5724272727273	0	1
-0.980238181818182	83.2716127272727	0	1
-0.976694545454545	82.9707981818182	0	1
-0.973150909090909	82.6699836363636	0	1
-0.969607272727273	82.3691690909091	0	1
-0.966063636363636	82.0683545454545	0	1
-0.96252	81.76754	0	1
-0.958976363636364	81.4667254545454	0	1
-0.955432727272727	81.1659109090909	0	1
-0.951889090909091	80.8650963636364	0	1
-0.948345454545455	80.5642818181818	0	1
-0.944801818181818	80.2634672727273	0	1
-0.941258181818182	79.9626527272727	0	1
-0.937714545454546	79.6618381818182	0	1
-0.934170909090909	79.3610236363636	0	1
-0.930627272727273	79.0602090909091	0	1
-0.927083636363636	78.7593945454545	0	1
-0.92354	78.45858	0	1
-0.919996363636364	78.1577654545454	0	1
-0.916452727272727	77.8569509090909	0	1
-0.912909090909091	77.5561363636364	0	1
-0.909365454545455	77.2553218181818	0	1
-0.905821818181818	76.9545072727273	0	1
-0.902278181818182	76.6536927272727	0	1
-0.898734545454545	76.3528781818182	0	1
-0.895190909090909	76.0520636363636	0	1
-0.891647272727273	75.7512490909091	0	1
-0.888103636363636	75.4504345454545	0	1
-0.88456	75.14962	0	1
-0.881016363636364	74.8488054545455	0	1
-0.877472727272727	74.5479909090909	0	1
-0.873929090909091	74.2471763636364	0	1
-0.870385454545455	73.9463618181818	0	1
-0.866841818181818	73.6455472727273	0	1
-0.863298181818182	73.3447327272727	0	1
-0.859754545454546	73.0439181818182	0	1
-0.856210909090909	72.7431036363636	0	1
-0.852667272727273	72.4422890909091	0	1
-0.849123636363636	72.1414745454545	0	1
-0.84558	71.84066	0	1
-0.842036363636364	71.5398454545455	0	1
-0.838492727272727	71.2390309090909	0	1
-0.834949090909091	70.9382163636364	0	1
-0.831405454545455	70.6374018181818	0	1
-0.827861818181818	70.3365872727273	0	1
-0.824318181818182	70.0357727272727	0	1
-0.820774545454546	69.7349581818182	0	1
-0.817230909090909	69.4341436363636	0	1
-0.813687272727273	69.1333290909091	0	1
-0.810143636363637	68.8325145454546	0	1
-0.8066	68.5317	0	1
-0.803056363636364	68.2308854545455	0	1
-0.799512727272727	67.9300709090909	0	1
-0.795969090909091	67.6292563636364	0	1
-0.792425454545455	67.3284418181818	0	1
-0.788881818181818	67.0276272727273	0	1
-0.785338181818182	66.7268127272727	0	1
-0.781794545454546	66.4259981818182	0	1
-0.778250909090909	66.1251836363636	0	1
-0.774707272727273	65.8243690909091	0	1
-0.771163636363636	65.5235545454545	0	1
-0.76762	65.22274	0	1
-0.764076363636364	64.9219254545454	0	1
-0.760532727272727	64.6211109090909	0	1
-0.756989090909091	64.3202963636364	0	1
-0.753445454545455	64.0194818181818	0	1
-0.749901818181818	63.7186672727273	0	1
-0.746358181818182	63.4178527272727	0	1
-0.742814545454546	63.1170381818182	0	1
-0.739270909090909	62.8162236363636	0	1
-0.735727272727273	62.5154090909091	0	1
-0.732183636363636	62.2145945454545	0	1
-0.72864	61.91378	0	1
-0.725096363636364	61.6129654545454	0	1
-0.721552727272727	61.3121509090909	0	1
-0.718009090909091	61.0113363636364	0	1
-0.714465454545455	60.7105218181818	0	1
-0.710921818181818	60.4097072727273	0	1
-0.707378181818182	60.1088927272727	0	1
-0.703834545454546	59.8080781818182	0	1
-0.700290909090909	59.5072636363636	0	1
-0.696747272727273	59.2064490909091	0	1
-0.693203636363636	58.9056345454545	0	1
-0.68966	58.60482	0	1
-0.686116363636364	58.3040054545455	0	1
-0.682572727272727	58.0031909090909	0	1
-0.679029090909091	57.7023763636364	0	1
-0.675485454545455	57.4015618181818	0	1
-0.671941818181818	57.1007472727273	0	1
-0.668398181818182	56.7999327272727	0	1
-0.664854545454545	56.4991181818182	0	1
-0.661310909090909	56.1983036363636	0	1
-0.657767272727273	55.8974890909091	0	1
-0.654223636363636	55.5966745454545	0	1
-0.65068	55.29586	0	1
-0.647136363636364	54.9950454545454	0	1
-0.643592727272727	54.6942309090909	0	1
-0.640049090909091	54.3934163636364	0	1
-0.636505454545455	54.0926018181818	0	1
-0.632961818181818	53.7917872727273	0	1
-0.629418181818182	53.4909727272727	0	1
-0.625874545454545	53.1901581818182	0	1
-0.622330909090909	52.8893436363636	0	1
-0.618787272727273	52.5885290909091	0	1
-0.615243636363636	52.2877145454545	0	1
-0.6117	51.9869	0	1
-0.608156363636364	51.6860854545455	0	1
-0.604612727272727	51.3852709090909	0	1
-0.601069090909091	51.0844563636364	0	1
-0.597525454545455	50.7836418181818	0	1
-0.593981818181818	50.4828272727273	0	1
-0.590438181818182	50.1820127272727	0	1
-0.586894545454545	49.8811981818182	0	1
-0.583350909090909	49.5803836363636	0	1
-0.579807272727273	49.2795690909091	0	1
-0.576263636363637	48.9787545454545	0	1
-0.57272	48.67794	0	1
-0.569176363636364	48.3771254545454	0	1
-0.565632727272727	48.0763109090909	0	1
-0.562089090909091	47.7754963636364	0	1
-0.558545454545455	47.4746818181818	0	1
-0.555001818181818	47.1738672727273	0	1
-0.551458181818182	46.8730527272727	0	1
-0.547914545454546	46.5722381818182	0	1
-0.544370909090909	46.2714236363636	0	1
-0.540827272727273	45.9706090909091	0	1
-0.537283636363636	45.6697945454545	0	1
-0.53374	45.36898	0	1
-0.530196363636364	45.0681654545455	0	1
-0.526652727272727	44.7673509090909	0	1
-0.523109090909091	44.4665363636364	0	1
-0.519565454545455	44.1657218181818	0	1
-0.516021818181818	43.8649072727273	0	1
-0.512478181818182	43.5640927272727	0	1
-0.508934545454545	43.2632781818182	0	1
-0.505390909090909	42.9624636363636	0	1
-0.501847272727273	42.6616490909091	0	1
-0.498303636363636	42.3608345454545	0	1
-0.49476	42.06002	0	1
-0.491216363636364	41.7592054545455	0	1
-0.487672727272727	41.4583909090909	0	1
-0.484129090909091	41.1575763636364	0	1
-0.480585454545455	40.8567618181818	0	1
-0.477041818181818	40.5559472727273	0	1
-0.473498181818182	40.2551327272727	0	1
-0.469954545454546	39.9543181818182	0	1
-0.466410909090909	39.6535036363636	0	1
-0.462867272727273	39.3526890909091	0	1
-0.459323636363636	39.0518745454545	0	1
-0.45578	38.75106	0	1
-0.452236363636364	38.4502454545455	0	1
-0.448692727272727	38.1494309090909	0	1
-0.445149090909091	37.8486163636364	0	1
-0.441605454545455	37.5478018181818	0	1
-0.438061818181818	37.2469872727273	0	1
-0.434518181818182	36.9461727272727	0	1
-0.430974545454545	36.6453581818182	0	1
-0.427430909090909	36.3445436363636	0	1
-0.423887272727273	36.0437290909091	0	1
-0.420343636363636	35.7429145454545	0	1
-0.4168	35.4421	0	1
-0.413256363636364	35.1412854545455	0	1
-0.409712727272727	34.8404709090909	0	1
-0.406169090909091	34.5396563636364	0	1
-0.402625454545455	34.2388418181818	0	1
-0.399081818181818	33.9380272727273	0	1
-0.395538181818182	33.6372127272727	0	1
-0.391994545454545	33.3363981818182	0	1
-0.388450909090909	33.0355836363636	0	1
-0.384907272727273	32.7347690909091	0	1
-0.381363636363636	32.4339545454545	0	1
-0.37782	32.13314	0	1
-0.374276363636364	31.8323254545455	0	1
-0.370732727272727	31.5315109090909	0	1
-0.367189090909091	31.2306963636364	0	1
-0.363645454545455	30.9298818181818	0	1
-0.360101818181818	30.6290672727273	0	1
-0.356558181818182	30.3282527272727	0	1
-0.353014545454546	30.0274381818182	0	1
-0.349470909090909	29.7266236363636	0	1
-0.345927272727273	29.4258090909091	0	1
-0.342383636363636	29.1249945454545	0	1
-0.33884	28.82418	0	1
-0.335296363636364	28.5233654545455	0	1
-0.331752727272727	28.2225509090909	0	1
-0.328209090909091	27.9217363636364	0	1
-0.324665454545455	27.6209218181818	0	1
-0.321121818181818	27.3201072727273	0	1
-0.317578181818182	27.0192927272727	0	1
-0.314034545454546	26.7184781818182	0	1
-0.310490909090909	26.4176636363636	0	1
-0.306947272727273	26.1168490909091	0	1
-0.303403636363636	25.8160345454545	0	1
-0.29986	25.51522	0	1
-0.296316363636364	25.2144054545455	0	1
-0.292772727272727	24.9135909090909	0	1
-0.289229090909091	24.6127763636364	0	1
-0.285685454545455	24.3119618181818	0	1
-0.282141818181818	24.0111472727273	0	1
-0.278598181818182	23.7103327272727	0	1
-0.275054545454545	23.4095181818182	0	1
-0.271510909090909	23.1087036363636	0	1
-0.267967272727273	22.8078890909091	0	1
-0.264423636363636	22.5070745454545	0	1
-0.26088	22.20626	0	1
-0.257336363636364	21.9054454545455	0	1
-0.253792727272727	21.6046309090909	0	1
-0.250249090909091	21.3038163636364	0	1
-0.246705454545455	21.0030018181818	0	1
-0.243161818181818	20.7021872727273	0	1
-0.239618181818182	20.4013727272727	0	1
-0.236074545454546	20.1005581818182	0	1
-0.232530909090909	19.7997436363636	0	1
-0.228987272727273	19.4989290909091	0	1
-0.225443636363636	19.1981145454545	0	1
-0.2219	18.8973	0	1
-0.218356363636364	18.5964854545455	0	1
-0.214812727272727	18.2956709090909	0	1
-0.211269090909091	17.9948563636364	0	1
-0.207725454545455	17.6940418181818	0	1
-0.204181818181818	17.3932272727273	0	1
-0.200638181818182	17.0924127272727	0	1
-0.197094545454545	16.7915981818182	0	1
-0.193550909090909	16.4907836363636	0	1
-0.190007272727273	16.1899690909091	0	1
-0.186463636363636	15.8891545454546	0	1
-0.18292	15.58834	0	1
-0.179376363636364	15.2875254545455	0	1
-0.175832727272727	14.9867109090909	0	1
-0.172289090909091	14.6858963636364	0	1
-0.168745454545455	14.3850818181818	0	1
-0.165201818181818	14.0842672727273	0	1
-0.161658181818182	13.7834527272727	0	1
-0.158114545454545	13.4826381818182	0	1
-0.154570909090909	13.1818236363636	0	1
-0.151027272727273	12.8810090909091	0	1
-0.147483636363636	12.5801945454545	0	1
-0.14394	12.27938	0	1
-0.140396363636364	11.9785654545455	0	1
-0.136852727272727	11.6777509090909	0	1
-0.133309090909091	11.3769363636364	0	1
-0.129765454545455	11.0761218181818	0	1
-0.126221818181818	10.7753072727273	0	1
-0.122678181818182	10.4744927272727	0	1
-0.119134545454546	10.1736781818182	0	1
-0.115590909090909	9.87286363636364	0	1
-0.112047272727273	9.57204909090909	0	1
-0.108503636363636	9.27123454545454	0	1
-0.10496	8.97042	0	1
-0.101416363636364	8.66960545454546	0	1
-0.0978727272727273	8.36879090909091	0	1
-0.0943290909090909	8.06797636363636	0	1
-0.0907854545454545	7.76716181818182	0	1
-0.0872418181818181	7.46634727272727	0	1
-0.0836981818181819	7.16553272727273	0	1
-0.0801545454545455	6.86471818181818	0	1
-0.0766109090909091	6.56390363636364	0	1
-0.0730672727272727	6.26308909090909	0	1
-0.0695236363636363	5.96227454545454	0	1
-0.06598	5.66146	0	1
-0.0624363636363637	5.36064545454546	0	1
-0.0588927272727273	5.05983090909091	0	1
-0.0553490909090909	4.75901636363636	0	1
-0.0518054545454546	4.45820181818182	0	1
-0.0482618181818182	4.15738727272728	0	1
-0.0447181818181818	3.85657272727273	0	1
-0.0411745454545454	3.55575818181818	0	1
-0.037630909090909	3.25494363636363	0	1
-0.0340872727272728	2.95412909090909	0	1
-0.0305436363636364	2.65331454545455	0	1
