3.740349	-2.719109
3.928821	-2.485739
4.117292	-2.25237
4.305764	-2.019001
4.494236	-1.785631
4.682707	-1.552262
4.871179	-1.318893
5.05965	-1.085523
5.248122	-0.852154
5.436594	-0.618784
5.625065	-0.385415
5.813537	-0.152046
6.002008	0.081324
6.19048	0.314693
6.378952	0.548062
6.567423	0.781432
6.755895	1.014801
6.944367	1.248171
7.132838	1.48154
7.32131	1.714909
7.509781	1.948279
7.698253	2.181648
7.886725	2.415017
8.075196	2.648387
8.263668	2.881756
8.452139	3.115126
8.640611	3.348495
8.829083	3.581864
9.017554	3.815234
9.206026	4.048603
9.394497	4.281972
9.582969	4.515342
9.771441	4.748711
9.959912	4.982081
10.148384	5.21545
10.336855	5.448819
10.525327	5.682189
10.713799	5.915558
10.90227	6.148927
11.090742	6.382297
11.279214	6.615666
11.467685	6.849036
11.656157	7.082405
11.844628	7.315774
12.0331	7.549144
12.221572	7.782513
12.410043	8.015882
12.598515	8.249252
12.786986	8.482621
12.975458	8.715991
13.16393	8.94936
13.352401	9.182729
13.540873	9.416099
13.729344	9.649468
13.917816	9.882837
14.106288	10.116207
14.294759	10.349576
14.483231	10.582945
14.671703	10.816315
14.860174	11.049684
15.048646	11.283054
15.237117	11.516423
15.425589	11.749792
15.614061	11.983162
15.802532	12.216531
15.991004	12.4499
16.179475	12.68327
16.367947	12.916639
16.556419	13.150009
16.74489	13.383378
16.933362	13.616747
17.121833	13.850117
17.310305	14.083486
17.498777	14.316855
17.687248	14.550225
17.87572	14.783594
18.064192	15.016964
18.252663	15.250333
18.441135	15.483702
18.629606	15.717072
18.818078	15.950441
19.00655	16.18381
19.195021	16.41718
19.383493	16.650549
19.571964	16.883919
19.760436	17.117288
19.948908	17.350657
20.137379	17.584027
20.325851	17.817396
20.514322	18.050765
20.702794	18.284135
20.891266	18.517504
21.079737	18.750874
21.268209	18.984243
21.456681	19.217612
21.645152	19.450982
21.833624	19.684351
22.022095	19.91772
22.210567	20.15109
22.399039	20.384459
22.58751	20.617829
22.775982	20.851198
22.964453	21.084567
23.152925	21.317937
23.341397	21.551306
23.529868	21.784675
23.71834	22.018045
23.906811	22.251414
24.095283	22.484783
24.283755	22.718153
24.472226	22.951522
24.660698	23.184892
24.84917	23.418261
25.037641	23.65163
25.226113	23.885
25.414584	24.118369
25.603056	24.351738
25.791528	24.585108
25.979999	24.818477
26.168471	25.051847
26.356942	25.285216
26.545414	25.518585
26.733886	25.751955
26.922357	25.985324
27.110829	26.218693
27.2993	26.452063
27.487772	26.685432
27.676244	26.918802
27.864715	27.152171
28.053187	27.38554
28.241659	27.61891
28.43013	27.852279
28.618602	28.085648
28.807073	28.319018
28.995545	28.552387
29.184017	28.785757
29.372488	29.019126
29.56096	29.252495
29.749431	29.485865
29.937903	29.719234
30.126375	29.952603
30.314846	30.185973
30.503318	30.419342
30.691789	30.652712
30.880261	30.886081
31.068733	31.11945
31.257204	31.35282
31.445676	31.586189
31.634147	31.819558
31.822619	32.052928
32.011091	32.286297
32.199562	32.519667
32.388034	32.753036
32.576506	32.986405
32.764977	33.219775
32.953449	33.453144
33.14192	33.686513
33.330392	33.919883
33.518864	34.153252
33.707335	34.386622
33.895807	34.619991
34.084278	34.85336
34.27275	35.08673
34.461222	35.320099
34.649693	35.553468
34.838165	35.786838
35.026636	36.020207
35.215108	36.253576
35.40358	36.486946
35.592051	36.720315
35.780523	36.953685
35.968995	37.187054
36.157466	37.420423
36.345938	37.653793
36.534409	37.887162
36.722881	38.120531
36.911353	38.353901
37.099824	38.58727
37.288296	38.82064
37.476767	39.054009
37.665239	39.287378
37.853711	39.520748
38.042182	39.754117
38.230654	39.987486
38.419125	40.220856
38.607597	40.454225
38.796069	40.687595
38.98454	40.920964
39.173012	41.154333
39.361484	41.387703
39.549955	41.621072
39.738427	41.854441
39.926898	42.087811
40.11537	42.32118
40.303842	42.55455
40.492313	42.787919
40.680785	43.021288
40.869256	43.254658
41.057728	43.488027
41.2462	43.721396
41.434671	43.954766
41.623142	44.188136
41.811613	44.421505
42.000083	44.654876
42.188549	44.88825
42.377006	45.121632
42.565436	45.355034
42.753795	45.588494
42.941958	45.82211
43.129585	46.056155
43.315744	46.291375
43.446024	46.469835
43.592665	46.633187
43.792466	46.856484
43.990999	47.08116
44.189069	47.306341
44.386969	47.531707
44.584808	47.757139
44.782625	47.982596
44.980433	48.208062
45.178238	48.433531
45.376042	48.659002
45.573846	48.884473
45.771649	49.109944
45.969452	49.335415
46.167256	49.560886
46.365059	49.786357
46.562863	50.011828
46.760666	50.2373
46.958469	50.462771
47.156273	50.688242
47.354076	50.913713
47.551879	51.139184
47.749683	51.364656
47.947486	51.590127
48.145289	51.815598
48.343093	52.041069
48.540897	52.26654
48.738701	52.49201
48.936506	52.717479
49.134315	52.942944
49.332134	53.168399
49.529979	53.393824
49.727897	53.61917
49.926015	53.844299
50.124679	54.068833
50.324838	54.29174
50.524935	54.50613
50.71009	54.733738
50.903313	54.96209
51.096899	55.190135
51.290485	55.41818
51.484071	55.646225
51.677657	55.874269
51.871243	56.102314
52.064829	56.330359
52.258415	56.558404
52.452001	56.786449
52.645586	57.014493
52.839172	57.242538
53.032758	57.470583
53.226344	57.698628
53.419929	57.926673
53.613515	58.154718
53.807101	58.382763
54.000686	58.610808
54.194272	58.838853
54.387858	59.066898
54.581443	59.294943
54.775029	59.522988
54.968614	59.751034
55.1622	59.979079
55.355786	60.207124
55.549371	60.435169
55.742957	60.663214
55.936542	60.891259
56.130128	61.119304
56.323713	61.34735
56.517298	61.575395
56.710884	61.80344
56.904469	62.031485
57.098055	62.25953
57.29164	62.487576
57.485225	62.715621
57.678811	62.943666
57.872396	63.171712
58.065981	63.399757
58.259567	63.627802
58.453152	63.855848
58.646737	64.083893
58.840322	64.311938
59.033908	64.539984
59.227493	64.768029
59.421078	64.996075
59.614663	65.22412
59.808248	65.452166
60.001833	65.680211
60.195418	65.908257
60.389003	66.136302
60.582588	66.364348
60.776173	66.592393
60.969758	66.820439
61.163343	67.048485
61.356927	67.276531
61.550512	67.504577
61.744096	67.732623
61.936949	67.959801
62.159163	68.232951
62.367748	68.505875
62.563039	68.778952
62.745048	69.052176
62.913789	69.325541
63.069276	69.599041
63.211527	69.872676
63.34056	70.146445
63.456396	70.420351
63.559055	70.694401
63.648557	70.968606
63.724923	71.242981
63.788171	71.517544
63.838319	71.792318
63.875381	72.067329
63.899368	72.342606
63.910286	72.618179
63.908137	72.89408
63.892919	73.170341
63.864626	73.446992
63.823246	73.724062
63.768766	74.001577
63.701169	74.279557
63.620437	74.558022
63.526548	74.836986
63.419484	75.116458
63.299224	75.396446
63.16575	75.676952
63.019041	75.957977
62.859084	76.239518
62.685861	76.521571
62.499361	76.80413
62.299848	77.086809
62.118931	77.321174
61.927412	77.547059
61.725385	77.76392
61.514431	77.969877
61.275921	78.164734
61.034109	78.362378
60.792292	78.560015
60.550472	78.757649
60.308651	78.955283
60.066831	79.152916
59.82501	79.350549
59.583188	79.548182
59.341367	79.745814
59.099544	79.943444
58.859473	80.139668
58.620691	80.317188
58.376336	80.494325
58.127946	80.66878
57.875573	80.839395
57.619274	81.005014
57.359107	81.164479
57.095135	81.31664
56.827421	81.460347
56.556031	81.594458
56.278751	81.719479
55.958647	81.867593
55.645544	81.997822
55.336896	82.110757
55.03271	82.206433
54.7010696580316	82.2972512252794
54.376784707403	82.3697465327928
54.059855148114	82.4239189225401
53.7502809801647	82.4597683945214
53.4480622035552	82.4772949487366
53.1531988182853	82.4764985851859
52.8656908243551	82.457379303869
52.5855382217646	82.4199371047862
52.3127410105138	82.3641719879373
52.0472991906026	82.2900839533224
51.7892127620312	82.1976730009414
51.5384817247995	82.0869391307945
51.2951060789074	81.9578823428814
51.0590858243551	81.8105026372024
50.8304209611424	81.6448000137573
50.6091114892695	81.4607744725462
50.3951574087362	81.258426013569
50.1885587195426	81.0377546368258
49.9893154216887	80.7987603423166
49.7974275151745	80.5414431300413
49.612895	80.265803
49.397672	79.983725
49.180558	79.693014
48.939708	79.317374
48.690092	78.941192
48.43964	78.565466
48.193996	78.189374
48.01407	77.958525
47.836908	77.722186
47.661345	77.484775
47.486364	77.246976
47.311587	77.009039
47.136865	76.771065
46.962107	76.533116
46.787181	76.295279
46.611774	76.057765
46.435038	75.82114
46.249721	75.579227
46.07165	75.323428
45.894274	75.077517
45.715501	74.832383
45.536217	74.587531
45.356747	74.342784
45.177209	74.098074
44.997645	73.853379
44.818073	73.608688
44.638497	73.363999
44.45892	73.11931
44.279344	72.874622
44.099769	72.629933
43.920198	72.385241
43.740639	72.140542
43.561114	71.895826
43.381679	71.651058
43.202493	71.406153
43.023988	71.160869
42.847345	70.914551
42.720692	70.738334
42.57514	70.580671
42.382669	70.350463
42.191843	70.118906
42.001617	69.886857
41.811612	69.654628
41.621687	69.422333
41.431791	69.190015
41.241905	68.957687
41.052024	68.725357
40.862144	68.493025
40.672265	68.260692
40.482385	68.02836
40.292506	67.796027
40.102627	67.563695
39.912748	67.331362
39.722869	67.09903
39.53299	66.866697
39.343111	66.634365
39.153232	66.402032
38.963352	66.1697
38.773473	65.937367
38.583594	65.705035
38.393715	65.472702
38.203836	65.24037
38.013957	65.008037
37.824078	64.775705
37.634199	64.543372
37.444319	64.311039
37.25444	64.078707
37.064561	63.846374
36.874682	63.614042
36.684803	63.381709
36.494924	63.149377
36.305045	62.917044
36.115166	62.684712
35.925287	62.452379
35.735407	62.220047
35.545528	61.987714
35.355649	61.755382
35.16577	61.523049
34.975891	61.290716
34.786012	61.058384
34.596133	60.826051
34.406254	60.593719
34.216374	60.361386
34.026495	60.129054
33.836616	59.896721
33.646737	59.664389
33.456858	59.432056
33.266979	59.199724
33.0771	58.967391
32.887221	58.735059
32.697342	58.502726
32.507462	58.270394
32.317583	58.038061
32.127704	57.805728
31.937825	57.573396
31.747946	57.341063
31.558067	57.108731
31.368188	56.876398
31.178309	56.644066
30.98843	56.411733
30.79855	56.179401
30.608671	55.947068
30.418792	55.714736
30.228913	55.482403
30.039034	55.250071
29.849155	55.017738
29.659276	54.785405
29.469397	54.553073
29.279517	54.32074
29.089638	54.088408
28.899759	53.856075
28.70988	53.623743
28.520001	53.39141
28.330122	53.159078
28.140243	52.926745
27.950364	52.694413
27.760485	52.46208
27.570605	52.229748
27.380726	51.997415
27.190847	51.765083
27.000968	51.53275
26.811089	51.300417
26.62121	51.068085
26.431331	50.835752
26.241452	50.60342
26.051572	50.371087
25.861693	50.138755
25.671814	49.906422
25.481935	49.67409
25.292056	49.441757
25.102177	49.209425
24.912298	48.977092
24.722419	48.74476
24.53254	48.512427
24.34266	48.280095
24.152781	48.047762
23.962902	47.815429
23.773023	47.583097
23.583144	47.350764
23.393265	47.118432
23.203386	46.886099
23.013507	46.653767
22.823628	46.421434
22.633748	46.189102
22.443869	45.956769
22.25399	45.724437
22.064111	45.492104
21.874232	45.259772
21.684353	45.027439
21.494474	44.795106
21.304595	44.562774
21.114715	44.330441
20.924836	44.098109
20.734957	43.865776
20.545078	43.633444
20.355199	43.401111
20.16532	43.168779
19.975441	42.936446
19.785562	42.704114
19.595683	42.471781
19.405803	42.239449
19.215924	42.007116
19.026045	41.774784
18.836166	41.542451
18.646287	41.310118
18.456408	41.077786
18.266529	40.845453
18.07665	40.613121
17.88677	40.380788
17.696891	40.148456
17.507012	39.916123
17.317133	39.683791
17.127254	39.451458
16.937375	39.219126
16.747496	38.986793
16.557617	38.754461
16.367738	38.522128
16.177858	38.289795
15.987979	38.057463
15.7981	37.82513
15.608221	37.592798
15.418342	37.360465
15.228463	37.128133
15.038584	36.8958
14.848705	36.663467
14.658827	36.431134
14.468949	36.1988
14.279076	35.966463
14.089211	35.734119
13.899372	35.501754
13.709601	35.269332
13.52002	35.036756
13.330956	34.803755
13.143307	34.569595
12.998519	34.376778
12.838129	34.19608
12.639303	33.96983
12.441728	33.742244
12.24461	33.51417
12.047659	33.285919
11.850769	33.057602
11.653902	32.829261
11.457043	32.600912
11.260186	32.372559
11.063331	32.144206
10.866476	31.915852
10.669621	31.687497
10.472767	31.459143
10.275912	31.230789
10.079057	31.002435
9.882203	30.77408
9.685348	30.545726
9.488493	30.317372
9.291639	30.089017
9.094784	29.860663
8.897929	29.632309
8.701074	29.403955
8.504219	29.175601
8.307362	28.947249
8.110501	28.718901
7.913631	28.490564
7.716733	28.262256
7.519759	28.034029
7.322577	27.806023
7.124829	27.578623
6.925528	27.352879
6.726315	27.136007
6.543314	26.905575
6.352424	26.673709
6.161524	26.441852
5.97062	26.209998
5.779714	25.978146
5.588808	25.746294
5.397901	25.514443
5.206994	25.282591
5.016087	25.050739
4.825181	24.818888
4.634274	24.587036
4.443367	24.355184
4.252461	24.123333
4.061554	23.891481
3.870647	23.65963
3.67974	23.427778
3.488834	23.195926
3.297927	22.964075
3.10702	22.732223
2.916113	22.500372
2.725207	22.26852
2.5343	22.036668
2.343393	21.804817
2.152486	21.572965
1.96158	21.341114
1.770673	21.109262
1.579766	20.87741
1.38886	20.645559
1.197953	20.413707
1.007046	20.181855
0.816139	19.950004
0.625233	19.718152
0.434326	19.486301
0.243419	19.254449
0.052512	19.022597
-0.138394	18.790746
-0.329301	18.558894
-0.520208	18.327043
-0.711115	18.095191
-0.902021	17.863339
-1.092928	17.631488
-1.283835	17.399636
-1.474741	17.167785
-1.665648	16.935933
-1.856555	16.704081
-2.047462	16.47223
-2.238368	16.240378
-2.429275	16.008527
-2.620182	15.776675
-2.811089	15.544823
-3.001995	15.312972
-3.192902	15.08112
-3.383809	14.849268
-3.574716	14.617417
-3.765622	14.385565
-3.956529	14.153714
-4.147436	13.921862
-4.338343	13.69001
-4.529249	13.458159
-4.720156	13.226307
-4.911063	12.994456
-5.101969	12.762604
-5.292876	12.530752
-5.483783	12.298901
-5.67469	12.067049
-5.865596	11.835198
-6.056503	11.603346
-6.24741	11.371494
-6.438317	11.139643
-6.629223	10.907791
-6.82013	10.67594
-7.011037	10.444088
-7.201944	10.212236
-7.39285	9.980385
-7.583757	9.748533
-7.774664	9.516682
-7.96557	9.28483
-8.156477	9.052978
-8.347384	8.821127
-8.538291	8.589275
-8.729197	8.357423
-8.920104	8.125572
-9.111011	7.89372
-9.301918	7.661869
-9.492824	7.430017
-9.683731	7.198165
-9.874638	6.966314
-10.065545	6.734462
-10.256451	6.502611
-10.447358	6.270759
-10.638265	6.038907
-10.829172	5.807056
-11.020078	5.575204
-11.210985	5.343353
-11.401892	5.111501
-11.592798	4.879649
-11.783705	4.647798
-11.974612	4.415946
-12.165519	4.184095
-12.356425	3.952243
-12.547332	3.720391
-12.738239	3.48854
-12.929146	3.256688
-13.120052	3.024836
-13.310959	2.792985
-13.501866	2.561133
-13.692773	2.329282
-13.883679	2.09743
-14.074586	1.865578
-14.265493	1.633727
-14.456399	1.401875
-14.647306	1.170024
-14.838213	0.938172
-15.02912	0.70632
-15.220026	0.474469
-15.410933	0.242617
-15.60184	0.010766
-15.792747	-0.221086
-15.983653	-0.452938
-16.17456	-0.684789
-16.365467	-0.916641
-16.556374	-1.148492
-16.74728	-1.380344
-16.938187	-1.612196
-17.129094	-1.844047
-17.32	-2.075899
-17.510907	-2.307751
-17.701814	-2.539602
-17.892721	-2.771454
-18.083627	-3.003305
-18.274534	-3.235157
-18.465441	-3.467009
-18.656348	-3.69886
-18.847254	-3.930712
-19.038161	-4.162563
-19.229068	-4.394415
-19.419975	-4.626267
-19.610881	-4.858118
-19.801788	-5.08997
-19.992695	-5.321821
-20.183602	-5.553673
-20.374508	-5.785525
-20.565415	-6.017376
-20.756322	-6.249228
-20.947228	-6.481079
-21.138135	-6.712931
-21.329042	-6.944783
-21.519949	-7.176634
-21.710855	-7.408486
-21.901762	-7.640337
-22.092669	-7.872189
-22.283576	-8.104041
-22.474482	-8.335892
-22.665389	-8.567744
-22.856296	-8.799596
-23.047203	-9.031447
-23.238109	-9.263299
-23.429016	-9.49515
-23.619923	-9.727002
-23.810829	-9.958854
-24.001736	-10.190705
-24.192643	-10.422557
-24.38355	-10.654408
-24.574456	-10.88626
-24.765363	-11.118112
-24.95627	-11.349963
-25.147177	-11.581815
-25.338083	-11.813666
-25.52899	-12.045518
-25.719897	-12.27737
-25.910804	-12.509221
-26.10171	-12.741073
-26.292617	-12.972924
-26.483524	-13.204776
-26.67443	-13.436628
-26.865337	-13.668479
-27.056244	-13.900331
-27.247151	-14.132183
-27.438057	-14.364034
-27.628964	-14.595886
-27.819871	-14.827737
-28.010778	-15.059589
-28.201684	-15.291441
-28.392591	-15.523292
-28.583498	-15.755144
-28.774405	-15.986995
-28.965311	-16.218847
-29.156218	-16.450699
-29.347125	-16.68255
-29.538032	-16.914402
-29.728938	-17.146253
-29.919845	-17.378105
-30.110752	-17.609957
-30.301658	-17.841808
-30.492565	-18.07366
-30.683472	-18.305511
-30.874379	-18.537363
-31.065285	-18.769215
-31.256192	-19.001066
-31.447099	-19.232918
-31.638006	-19.464769
-31.828912	-19.696621
-32.019819	-19.928473
-32.210726	-20.160324
-32.401633	-20.392176
-32.592539	-20.624028
-32.783446	-20.855879
-32.974353	-21.087731
-33.165259	-21.319582
-33.356166	-21.551434
-33.547073	-21.783286
-33.73798	-22.015137
-33.928886	-22.246989
-34.119793	-22.47884
-34.3107	-22.710692
-34.501607	-22.942544
-34.692513	-23.174395
-34.88342	-23.406247
-35.074327	-23.638098
-35.265234	-23.86995
-35.45614	-24.101802
-35.647047	-24.333653
-35.837954	-24.565505
-36.028861	-24.797356
-36.219767	-25.029208
-36.410674	-25.26106
-36.601581	-25.492911
-36.792487	-25.724763
-36.983394	-25.956615
-37.174301	-26.188466
-37.365207	-26.420318
-37.556113	-26.65217
-37.747017	-26.884024
-37.937918	-27.115881
-38.128807	-27.347747
-38.319667	-27.579637
-38.510444	-27.811596
-38.700996	-28.043739
-38.891804	-28.277437
-39.086444	-28.505886
-39.269004	-28.738479
-39.476206	-29.026329
-39.671049	-29.313246
-39.853197	-29.598762
-40.022661	-29.882867
-40.17945	-30.165556
-40.323576	-30.446821
-40.455054	-30.726658
-40.573898	-31.005064
-40.680127	-31.282038
-40.773758	-31.557581
-40.85481	-31.8317
-40.923303	-32.104401
-40.979257	-32.375698
-41.022689	-32.645607
-41.053618	-32.914147
-41.072058	-33.181342
-41.07802	-33.44722
-41.071513	-33.71181
-41.05254	-33.975142
-41.021102	-34.23725
-40.977192	-34.498165
-40.920801	-34.757915
-40.851917	-35.01653
-40.770522	-35.274034
-40.676598	-35.530447
-40.570123	-35.785786
-40.451077	-36.040064
-40.319438	-36.293289
-40.175186	-36.545467
-40.018299	-36.796598
-39.84876	-37.046681
-39.666553	-37.295713
-39.471662	-37.543687
-39.264075	-37.790595
-39.04378	-38.03643
-38.810769	-38.281183
-38.565033	-38.524843
-38.306568	-38.767402
-38.035367	-39.008849
-37.752637	-39.250639
-37.454291	-39.49523
-37.237283	-39.696
-37.001901	-39.865805
-36.761964	-40.04103
-36.522329	-40.216672
-36.282756	-40.3924
-36.043077	-40.567982
-35.803004	-40.743019
-35.559829	-40.917994
-35.334526	-41.093004
-35.104813	-41.260054
-34.866703	-41.421075
-34.619463	-41.573953
-34.363784	-41.718408
-34.098105	-41.856317
-33.765644	-42.035107
-33.439687	-42.199125
-33.117804	-42.348689
-32.800006	-42.483814
-32.486302	-42.604516
-32.1767	-42.710811
-31.871206	-42.802722
-31.569822	-42.88027
-31.272546	-42.943481
-30.979371	-42.992382
-30.690287	-43.027
-30.405275	-43.047362
-30.12431	-43.053494
-29.847361	-43.045419
-29.574392	-43.023154
-29.30536	-42.986713
-29.040219	-42.936101
-28.778921	-42.871316
-28.52142	-42.792348
-28.26767	-42.69918
-28.01763	-42.591788
-27.771267	-42.470143
-27.52855	-42.334211
-27.289461	-42.183959
-27.053985	-42.01935
-26.822116	-41.84035
-26.593854	-41.646929
-26.369204	-41.439057
-26.148175	-41.216709
-25.930777	-40.979864
-25.717027	-40.728504
-25.506939	-40.462615
-25.300529	-40.182187
-25.093873	-39.889828
-24.88625	-39.579828
-24.697692	-39.33082
-24.516487	-39.082218
-24.337188	-38.832486
-24.159213	-38.582561
-23.983058	-38.332634
-23.809278	-38.082903
-23.637625	-37.834148
-23.46784	-37.587154
-23.299703	-37.342676
-23.132926	-37.101511
-22.967677	-36.877183
-22.828292	-36.626682
-22.675446	-36.370789
-22.519275	-36.116267
-22.36189	-35.862246
-22.204061	-35.608408
-22.04607	-35.354637
-21.88802	-35.10089
-21.729948	-34.847151
-21.571869	-34.593416
-21.413787	-34.339682
-21.255707	-34.085948
-21.097632	-33.832211
-20.939573	-33.578468
-20.781557	-33.324706
-20.623661	-33.070896
-20.466091	-32.816951
-20.309414	-32.562638
-20.155181	-32.307317
-20.06178	-32.156868
-19.935158	-32.030385
-19.745182	-31.801706
-19.557263	-31.57133
-19.370095	-31.340335
-19.183201	-31.109112
-18.996407	-30.877807
-18.80965	-30.646472
-18.622907	-30.415126
-18.436168	-30.183776
-18.249432	-29.952424
-18.062695	-29.721072
-17.87596	-29.489719
-17.689224	-29.258366
-17.502488	-29.027014
-17.315752	-28.795661
-17.129016	-28.564309
-16.942281	-28.332956
-16.755545	-28.101603
-16.568809	-27.870251
-16.382073	-27.638898
-16.195338	-27.407545
-16.008602	-27.176193
-15.821866	-26.94484
-15.63513	-26.713488
-15.448395	-26.482135
-15.261659	-26.250782
-15.074923	-26.01943
-14.888187	-25.788077
-14.701452	-25.556724
-14.514716	-25.325372
-14.32798	-25.094019
-14.141244	-24.862667
-13.954509	-24.631314
-13.767773	-24.399961
-13.581037	-24.168609
-13.394301	-23.937256
-13.207566	-23.705903
-13.02083	-23.474551
-12.834094	-23.243198
-12.647358	-23.011846
-12.460622	-22.780493
-12.273886	-22.549141
-12.087148	-22.317791
-11.900406	-22.086443
-11.713653	-21.855104
-11.526871	-21.62379
-11.340009	-21.392542
-11.152927	-21.161475
-10.962056	-20.927011
-10.771413	-20.688992
-10.770712	-20.689553
-10.582369	-20.456081
-10.393944	-20.222674
-10.205489	-19.989291
-10.017024	-19.755917
-9.828555	-19.522546
-9.640084	-19.289176
-9.451613	-19.055806
-9.263141	-18.822437
-9.074669	-18.589067
-8.886198	-18.355698
-8.697726	-18.122328
-8.509255	-17.888959
-8.320783	-17.65559
-8.132311	-17.42222
-7.94384	-17.188851
-7.755368	-16.955481
-7.566897	-16.722112
-7.378425	-16.488743
-7.189953	-16.255373
-7.001482	-16.022004
-6.81301	-15.788635
-6.624539	-15.555265
-6.436067	-15.321896
-6.247595	-15.088526
-6.059124	-14.855157
-5.870652	-14.621788
-5.68218	-14.388418
-5.493709	-14.155049
-5.305237	-13.92168
-5.116766	-13.68831
-4.928294	-13.454941
-4.739822	-13.221572
-4.551351	-12.988202
-4.362879	-12.754833
-4.174408	-12.521463
-3.985936	-12.288094
-3.797464	-12.054725
-3.608993	-11.821355
-3.420521	-11.587986
-3.23205	-11.354617
-3.043578	-11.121247
-2.855106	-10.887878
-2.666635	-10.654508
-2.478163	-10.421139
-2.289692	-10.18777
-2.10122	-9.9544
-1.912748	-9.721031
-1.724277	-9.487662
-1.535805	-9.254292
-1.347333	-9.020923
-1.158862	-8.787553
-0.97039	-8.554184
-0.781919	-8.320815
-0.593447	-8.087445
-0.404975	-7.854076
-0.216504	-7.620707
-0.028032	-7.387337
0.160439	-7.153968
0.348911	-6.920598
0.537383	-6.687229
0.725854	-6.45386
0.914326	-6.22049
1.102797	-5.987121
1.291269	-5.753752
1.479741	-5.520382
1.668212	-5.287013
1.856684	-5.053643
2.045156	-4.820274
2.233627	-4.586905
2.422099	-4.353535
2.61057	-4.120166
2.799042	-3.886797
2.987514	-3.653427
3.175985	-3.420058
3.364457	-3.186688
3.552928	-2.953319