3.740349 -2.719109 0 0
3.928821 -2.485739 0 0
4.117292 -2.252370 0 0
4.305764 -2.019001 0 0
4.494236 -1.785631 0 0
4.682707 -1.552262 0 0
4.871179 -1.318893 0 0
5.059650 -1.085523 0 0
5.248122 -0.852154 0 0
5.436594 -0.618784 0 0
5.625065 -0.385415 0 0
5.813537 -0.152046 0 0
6.002008 0.081324 0 0
6.190480 0.314693 0 0
6.378952 0.548062 0 0
6.567423 0.781432 0 0
6.755895 1.014801 0 0
6.944367 1.248171 0 0
7.132838 1.481540 0 0
7.321310 1.714909 0 0
7.509781 1.948279 0 0
7.698253 2.181648 0 0
7.886725 2.415017 0 0
8.075196 2.648387 0 0
8.263668 2.881756 0 0
8.452139 3.115126 0 0
8.640611 3.348495 0 0
8.829083 3.581864 0 0
9.017554 3.815234 0 0
9.206026 4.048603 0 0
9.394497 4.281972 0 0
9.582969 4.515342 0 0
9.771441 4.748711 0 0
9.959912 4.982081 0 0
10.148384 5.215450 0 0
10.336855 5.448819 0 0
10.525327 5.682189 0 0
10.713799 5.915558 0 0
10.902270 6.148927 0 0
11.090742 6.382297 0 0
11.279214 6.615666 0 0
11.467685 6.849036 0 0
11.656157 7.082405 0 0
11.844628 7.315774 0 0
12.033100 7.549144 0 0
12.221572 7.782513 0 0
12.410043 8.015882 0 0
12.598515 8.249252 0 0
12.786986 8.482621 0 0
12.975458 8.715991 0 0
13.163930 8.949360 0 0
13.352401 9.182729 0 0
13.540873 9.416099 0 0
13.729344 9.649468 0 0
13.917816 9.882837 0 0
14.106288 10.116207 0 0
14.294759 10.349576 0 0
14.483231 10.582945 0 0
14.671703 10.816315 0 0
14.860174 11.049684 0 0
15.048646 11.283054 0 0
15.237117 11.516423 0 0
15.425589 11.749792 0 0
15.614061 11.983162 0 0
15.802532 12.216531 0 0
15.991004 12.449900 0 0
16.179475 12.683270 0 0
16.367947 12.916639 0 0
16.556419 13.150009 0 0
16.744890 13.383378 0 0
16.933362 13.616747 0 0
17.121833 13.850117 0 0
17.310305 14.083486 0 0
17.498777 14.316855 0 0
17.687248 14.550225 0 0
17.875720 14.783594 0 0
18.064192 15.016964 0 0
18.252663 15.250333 0 0
18.441135 15.483702 0 0
18.629606 15.717072 0 0
18.818078 15.950441 0 0
19.006550 16.183810 0 0
19.195021 16.417180 0 0
19.383493 16.650549 0 0
19.571964 16.883919 0 0
19.760436 17.117288 0 0
19.948908 17.350657 0 0
20.137379 17.584027 0 0
20.325851 17.817396 0 0
20.514322 18.050765 0 0
20.702794 18.284135 0 0
20.891266 18.517504 0 0
21.079737 18.750874 0 0
21.268209 18.984243 0 0
21.456681 19.217612 0 0
21.645152 19.450982 0 0
21.833624 19.684351 0 0
22.022095 19.917720 0 0
22.210567 20.151090 0 0
22.399039 20.384459 0 0
22.587510 20.617829 0 0
22.775982 20.851198 0 0
22.964453 21.084567 0 0
23.152925 21.317937 0 0
23.341397 21.551306 0 0
23.529868 21.784675 0 0
23.718340 22.018045 0 0
23.906811 22.251414 0 0
24.095283 22.484783 0 0
24.283755 22.718153 0 0
24.472226 22.951522 0 0
24.660698 23.184892 0 0
24.849170 23.418261 0 0
25.037641 23.651630 0 0
25.226113 23.885000 0 0
25.414584 24.118369 0 0
25.603056 24.351738 0 0
25.791528 24.585108 0 0
25.979999 24.818477 0 0
26.168471 25.051847 0 0
26.356942 25.285216 0 0
26.545414 25.518585 0 0
26.733886 25.751955 0 0
26.922357 25.985324 0 0
27.110829 26.218693 0 0
27.299300 26.452063 0 0
27.487772 26.685432 0 0
27.676244 26.918802 0 0
27.864715 27.152171 0 0
28.053187 27.385540 0 0
28.241659 27.618910 0 0
28.430130 27.852279 0 0
28.618602 28.085648 0 0
28.807073 28.319018 0 0
28.995545 28.552387 0 0
29.184017 28.785757 0 0
29.372488 29.019126 0 0
29.560960 29.252495 0 0
29.749431 29.485865 0 0
29.937903 29.719234 0 0
30.126375 29.952603 0 0
30.314846 30.185973 0 0
30.503318 30.419342 0 0
30.691789 30.652712 0 0
30.880261 30.886081 0 0
31.068733 31.119450 0 0
31.257204 31.352820 0 0
31.445676 31.586189 0 0
31.634147 31.819558 0 0
31.822619 32.052928 0 0
32.011091 32.286297 0 0
32.199562 32.519667 0 0
32.388034 32.753036 0 0
32.576506 32.986405 0 0
32.764977 33.219775 0 0
32.953449 33.453144 0 0
33.141920 33.686513 0 0
33.330392 33.919883 0 0
33.518864 34.153252 0 0
33.707335 34.386622 0 0
33.895807 34.619991 0 0
34.084278 34.853360 0 0
34.272750 35.086730 0 0
34.461222 35.320099 0 0
34.649693 35.553468 0 0
34.838165 35.786838 0 0
35.026636 36.020207 0 0
35.215108 36.253576 0 0
35.403580 36.486946 0 0
35.592051 36.720315 0 0
35.780523 36.953685 0 0
35.968995 37.187054 0 0
36.157466 37.420423 0 0
36.345938 37.653793 0 0
36.534409 37.887162 0 0
36.722881 38.120531 0 0
36.911353 38.353901 0 0
37.099824 38.587270 0 0
37.288296 38.820640 0 0
37.476767 39.054009 0 0
37.665239 39.287378 0 0
37.853711 39.520748 0 0
38.042182 39.754117 0 0
38.230654 39.987486 0 0
38.419125 40.220856 0 0
38.607597 40.454225 0 0
38.796069 40.687595 0 0
38.984540 40.920964 0 0
39.173012 41.154333 0 0
39.361484 41.387703 0 0
39.549955 41.621072 0 0
39.738427 41.854441 0 0
39.926898 42.087811 0 0
40.115370 42.321180 0 0
40.303842 42.554550 0 0
40.492313 42.787919 0 0
40.680785 43.021288 0 0
40.869256 43.254658 0 0
41.057728 43.488027 0 0
41.246200 43.721396 0 0
41.434671 43.954766 0 0
41.623142 44.188136 0 0
41.811613 44.421505 0 0
42.000083 44.654876 0 0
42.188549 44.888250 0 0
42.377006 45.121632 0 0
42.565436 45.355034 0 0
42.753795 45.588494 0 0
42.941958 45.822110 0 0
43.129585 46.056155 0 0
43.315744 46.291375 0 0
43.446024 46.469835 0 0
43.592665 46.633187 0 0
43.792466 46.856484 0 0
43.990999 47.081160 0 0
44.189069 47.306341 0 0
44.386969 47.531707 0 0
44.584808 47.757139 0 0
44.782625 47.982596 0 0
44.980433 48.208062 0 0
45.178238 48.433531 0 0
45.376042 48.659002 0 0
45.573846 48.884473 0 0
45.771649 49.109944 0 0
45.969452 49.335415 0 0
46.167256 49.560886 0 0
46.365059 49.786357 0 0
46.562863 50.011828 0 0
46.760666 50.237300 0 0
46.958469 50.462771 0 0
47.156273 50.688242 0 0
47.354076 50.913713 0 0
47.551879 51.139184 0 0
47.749683 51.364656 0 0
47.947486 51.590127 0 0
48.145289 51.815598 0 0
48.343093 52.041069 0 0
48.540897 52.266540 0 0
48.738701 52.492010 0 0
48.936506 52.717479 0 0
49.134315 52.942944 0 0
49.332134 53.168399 0 0
49.529979 53.393824 0 0
49.727897 53.619170 0 0
49.926015 53.844299 0 0
50.124679 54.068833 0 0
50.324838 54.291740 0 0
50.524935 54.506130 0 0
50.710090 54.733738 0 0
50.903313 54.962090 0 0
51.096899 55.190135 0 0
51.290485 55.418180 0 0
51.484071 55.646225 0 0
51.677657 55.874269 0 0
51.871243 56.102314 0 0
52.064829 56.330359 0 0
52.258415 56.558404 0 0
52.452001 56.786449 0 0
52.645586 57.014493 0 0
52.839172 57.242538 0 0
53.032758 57.470583 0 0
53.226344 57.698628 0 0
53.419929 57.926673 0 0
53.613515 58.154718 0 0
53.807101 58.382763 0 0
54.000686 58.610808 0 0
54.194272 58.838853 0 0
54.387858 59.066898 0 0
54.581443 59.294943 0 0
54.775029 59.522988 0 0
54.968614 59.751034 0 0
55.162200 59.979079 0 0
55.355786 60.207124 0 0
55.549371 60.435169 0 0
55.742957 60.663214 0 0
55.936542 60.891259 0 0
56.130128 61.119304 0 0
56.323713 61.347350 0 0
56.517298 61.575395 0 0
56.710884 61.803440 0 0
56.904469 62.031485 0 0
57.098055 62.259530 0 0
57.291640 62.487576 0 0
57.485225 62.715621 0 0
57.678811 62.943666 0 0
57.872396 63.171712 0 0
58.065981 63.399757 0 0
58.259567 63.627802 0 0
58.453152 63.855848 0 0
58.646737 64.083893 0 0
58.840322 64.311938 0 0
59.033908 64.539984 0 0
59.227493 64.768029 0 0
59.421078 64.996075 0 0
59.614663 65.224120 0 0
59.808248 65.452166 0 0
60.001833 65.680211 0 0
60.195418 65.908257 0 0
60.389003 66.136302 0 0
60.582588 66.364348 0 0
60.776173 66.592393 0 0
60.969758 66.820439 0 0
61.163343 67.048485 0 0
61.356927 67.276531 0 0
61.550512 67.504577 0 0
61.744096 67.732623 0 0
61.936949 67.959801 0 0
62.159163 68.232951 0 0
62.367748 68.505875 0 0
62.563039 68.778952 0 0
62.745048 69.052176 0 0
62.913789 69.325541 0 0
63.069276 69.599041 0 0
63.211527 69.872676 0 0
63.340560 70.146445 0 0
63.456396 70.420351 0 0
63.559055 70.694401 0 0
63.648557 70.968606 0 0
63.724923 71.242981 0 0
63.788171 71.517544 0 0
63.838319 71.792318 0 0
63.875381 72.067329 0 0
63.899368 72.342606 0 0
63.910286 72.618179 0 0
63.908137 72.894080 0 0
63.892919 73.170341 0 0
63.864626 73.446992 0 0
63.823246 73.724062 0 0
63.768766 74.001577 0 0
63.701169 74.279557 0 0
63.620437 74.558022 0 0
63.526548 74.836986 0 0
63.419484 75.116458 0 0
63.299224 75.396446 0 0
63.165750 75.676952 0 0
63.019041 75.957977 0 0
62.859084 76.239518 0 0
62.685861 76.521571 0 0
62.499361 76.804130 0 0
62.299848 77.086809 0 0
62.118931 77.321174 0 0
61.927412 77.547059 0 0
61.725385 77.763920 0 0
61.514431 77.969877 0 0
61.275921 78.164734 0 0
61.034109 78.362378 0 0
60.792292 78.560015 0 0
60.550472 78.757649 0 0
60.308651 78.955283 0 0
60.066831 79.152916 0 0
59.825010 79.350549 0 0
59.583188 79.548182 0 0
59.341367 79.745814 0 0
59.099544 79.943444 0 0
58.859473 80.139668 0 0
58.620691 80.317188 0 0
58.376336 80.494325 0 0
58.127946 80.668780 0 0
57.875573 80.839395 0 0
57.619274 81.005014 0 0
57.359107 81.164479 0 0
57.095135 81.316640 0 0
56.827421 81.460347 0 0
56.556031 81.594458 0 0
56.278751 81.719479 0 0
55.958647 81.867593 0 0
55.645544 81.997822 0 0
55.336896 82.110757 0 0
55.032710 82.206433 0 0
54.732991 82.284888 0 0
54.437732 82.346165 0 0
54.146916 82.390310 0 0
53.860518 82.417367 0 0
53.578496 82.427379 0 0
53.300797 82.420384 0 0
53.027358 82.396408 0 0
52.758106 82.355467 0 0
52.492963 82.297563 0 0
52.231851 82.222681 0 0
51.974698 82.130793 0 0
51.721439 82.021858 0 0
51.472020 81.895827 0 0
51.226402 81.752644 0 0
50.984562 81.592252 0 0
50.746488 81.414596 0 0
50.512180 81.219625 0 0
50.281648 81.007295 0 0
50.054908 80.777567 0 0
49.831982 80.530411 0 0
49.612895 80.265803 0 0
49.397672 79.983725 0 0
49.180558 79.693014 0 0
48.939708 79.317374 0 0
48.690092 78.941192 0 0
48.439640 78.565466 0 0
48.193996 78.189374 0 0
48.014070 77.958525 0 0
47.836908 77.722186 0 0
47.661345 77.484775 0 0
47.486364 77.246976 0 0
47.311587 77.009039 0 0
47.136865 76.771065 0 0
46.962107 76.533116 0 0
46.787181 76.295279 0 0
46.611774 76.057765 0 0
46.435038 75.821140 0 0
46.249721 75.579227 0 0
46.071650 75.323428 0 0
45.894274 75.077517 0 0
45.715501 74.832383 0 0
45.536217 74.587531 0 0
45.356747 74.342784 0 0
45.177209 74.098074 0 0
44.997645 73.853379 0 0
44.818073 73.608688 0 0
44.638497 73.363999 0 0
44.458920 73.119310 0 0
44.279344 72.874622 0 0
44.099769 72.629933 0 0
43.920198 72.385241 0 0
43.740639 72.140542 0 0
43.561114 71.895826 0 0
43.381679 71.651058 0 0
43.202493 71.406153 0 0
43.023988 71.160869 0 0
42.847345 70.914551 0 0
42.720692 70.738334 0 0
42.575140 70.580671 0 0
42.382669 70.350463 0 0
42.191843 70.118906 0 0
42.001617 69.886857 0 0
41.811612 69.654628 0 0
41.621687 69.422333 0 0
41.431791 69.190015 0 0
41.241905 68.957687 0 0
41.052024 68.725357 0 0
40.862144 68.493025 0 0
40.672265 68.260692 0 0
40.482385 68.028360 0 0
40.292506 67.796027 0 0
40.102627 67.563695 0 0
39.912748 67.331362 0 0
39.722869 67.099030 0 0
39.532990 66.866697 0 0
39.343111 66.634365 0 0
39.153232 66.402032 0 0
38.963352 66.169700 0 0
38.773473 65.937367 0 0
38.583594 65.705035 0 0
38.393715 65.472702 0 0
38.203836 65.240370 0 0
38.013957 65.008037 0 0
37.824078 64.775705 0 0
37.634199 64.543372 0 0
37.444319 64.311039 0 0
37.254440 64.078707 0 0
37.064561 63.846374 0 0
36.874682 63.614042 0 0
36.684803 63.381709 0 0
36.494924 63.149377 0 0
36.305045 62.917044 0 0
36.115166 62.684712 0 0
35.925287 62.452379 0 0
35.735407 62.220047 0 0
35.545528 61.987714 0 0
35.355649 61.755382 0 0
35.165770 61.523049 0 0
34.975891 61.290716 0 0
34.786012 61.058384 0 0
34.596133 60.826051 0 0
34.406254 60.593719 0 0
34.216374 60.361386 0 0
34.026495 60.129054 0 0
33.836616 59.896721 0 0
33.646737 59.664389 0 0
33.456858 59.432056 0 0
33.266979 59.199724 0 0
33.077100 58.967391 0 0
32.887221 58.735059 0 0
32.697342 58.502726 0 0
32.507462 58.270394 0 0
32.317583 58.038061 0 0
32.127704 57.805728 0 0
31.937825 57.573396 0 0
31.747946 57.341063 0 0
31.558067 57.108731 0 0
31.368188 56.876398 0 0
31.178309 56.644066 0 0
30.988430 56.411733 0 0
30.798550 56.179401 0 0
30.608671 55.947068 0 0
30.418792 55.714736 0 0
30.228913 55.482403 0 0
30.039034 55.250071 0 0
29.849155 55.017738 0 0
29.659276 54.785405 0 0
29.469397 54.553073 0 0
29.279517 54.320740 0 0
29.089638 54.088408 0 0
28.899759 53.856075 0 0
28.709880 53.623743 0 0
28.520001 53.391410 0 0
28.330122 53.159078 0 0
28.140243 52.926745 0 0
27.950364 52.694413 0 0
27.760485 52.462080 0 0
27.570605 52.229748 0 0
27.380726 51.997415 0 0
27.190847 51.765083 0 0
27.000968 51.532750 0 0
26.811089 51.300417 0 0
26.621210 51.068085 0 0
26.431331 50.835752 0 0
26.241452 50.603420 0 0
26.051572 50.371087 0 0
25.861693 50.138755 0 0
25.671814 49.906422 0 0
25.481935 49.674090 0 0
25.292056 49.441757 0 0
25.102177 49.209425 0 0
24.912298 48.977092 0 0
24.722419 48.744760 0 0
24.532540 48.512427 0 0
24.342660 48.280095 0 0
24.152781 48.047762 0 0
23.962902 47.815429 0 0
23.773023 47.583097 0 0
23.583144 47.350764 0 0
23.393265 47.118432 0 0
23.203386 46.886099 0 0
23.013507 46.653767 0 0
22.823628 46.421434 0 0
22.633748 46.189102 0 0
22.443869 45.956769 0 0
22.253990 45.724437 0 0
22.064111 45.492104 0 0
21.874232 45.259772 0 0
21.684353 45.027439 0 0
21.494474 44.795106 0 0
21.304595 44.562774 0 0
21.114715 44.330441 0 0
20.924836 44.098109 0 0
20.734957 43.865776 0 0
20.545078 43.633444 0 0
20.355199 43.401111 0 0
20.165320 43.168779 0 0
19.975441 42.936446 0 0
19.785562 42.704114 0 0
19.595683 42.471781 0 0
19.405803 42.239449 0 0
19.215924 42.007116 0 0
19.026045 41.774784 0 0
18.836166 41.542451 0 0
18.646287 41.310118 0 0
18.456408 41.077786 0 0
18.266529 40.845453 0 0
18.076650 40.613121 0 0
17.886770 40.380788 0 0
17.696891 40.148456 0 0
17.507012 39.916123 0 0
17.317133 39.683791 0 0
17.127254 39.451458 0 0
16.937375 39.219126 0 0
16.747496 38.986793 0 0
16.557617 38.754461 0 0
16.367738 38.522128 0 0
16.177858 38.289795 0 0
15.987979 38.057463 0 0
15.798100 37.825130 0 0
15.608221 37.592798 0 0
15.418342 37.360465 0 0
15.228463 37.128133 0 0
15.038584 36.895800 0 0
14.848705 36.663467 0 0
14.658827 36.431134 0 0
14.468949 36.198800 0 0
14.279076 35.966463 0 0
14.089211 35.734119 0 0
13.899372 35.501754 0 0
13.709601 35.269332 0 0
13.520020 35.036756 0 0
13.330956 34.803755 0 0
13.143307 34.569595 0 0
12.998519 34.376778 0 0
12.838129 34.196080 0 0
12.639303 33.969830 0 0
12.441728 33.742244 0 0
12.244610 33.514170 0 0
12.047659 33.285919 0 0
11.850769 33.057602 0 0
11.653902 32.829261 0 0
11.457043 32.600912 0 0
11.260186 32.372559 0 0
11.063331 32.144206 0 0
10.866476 31.915852 0 0
10.669621 31.687497 0 0
10.472767 31.459143 0 0
10.275912 31.230789 0 0
10.079057 31.002435 0 0
9.882203 30.774080 0 0
9.685348 30.545726 0 0
9.488493 30.317372 0 0
9.291639 30.089017 0 0
9.094784 29.860663 0 0
8.897929 29.632309 0 0
8.701074 29.403955 0 0
8.504219 29.175601 0 0
8.307362 28.947249 0 0
8.110501 28.718901 0 0
7.913631 28.490564 0 0
7.716733 28.262256 0 0
7.519759 28.034029 0 0
7.322577 27.806023 0 0
7.124829 27.578623 0 0
6.925528 27.352879 0 0
6.726315 27.136007 0 0
6.543314 26.905575 0 0
6.352424 26.673709 0 0
6.161524 26.441852 0 0
5.970620 26.209998 0 0
5.779714 25.978146 0 0
5.588808 25.746294 0 0
5.397901 25.514443 0 0
5.206994 25.282591 0 0
5.016087 25.050739 0 0
4.825181 24.818888 0 0
4.634274 24.587036 0 0
4.443367 24.355184 0 0
4.252461 24.123333 0 0
4.061554 23.891481 0 0
3.870647 23.659630 0 0
3.679740 23.427778 0 0
3.488834 23.195926 0 0
3.297927 22.964075 0 0
3.107020 22.732223 0 0
2.916113 22.500372 0 0
2.725207 22.268520 0 0
2.534300 22.036668 0 0
2.343393 21.804817 0 0
2.152486 21.572965 0 0
1.961580 21.341114 0 0
1.770673 21.109262 0 0
1.579766 20.877410 0 0
1.388860 20.645559 0 0
1.197953 20.413707 0 0
1.007046 20.181855 0 0
0.816139 19.950004 0 0
0.625233 19.718152 0 0
0.434326 19.486301 0 0
0.243419 19.254449 0 0
0.052512 19.022597 0 0
-0.138394 18.790746 0 0
-0.329301 18.558894 0 0
-0.520208 18.327043 0 0
-0.711115 18.095191 0 0
-0.902021 17.863339 0 0
-1.092928 17.631488 0 0
-1.283835 17.399636 0 0
-1.474741 17.167785 0 0
-1.665648 16.935933 0 0
-1.856555 16.704081 0 0
-2.047462 16.472230 0 0
-2.238368 16.240378 0 0
-2.429275 16.008527 0 0
-2.620182 15.776675 0 0
-2.811089 15.544823 0 0
-3.001995 15.312972 0 0
-3.192902 15.081120 0 0
-3.383809 14.849268 0 0
-3.574716 14.617417 0 0
-3.765622 14.385565 0 0
-3.956529 14.153714 0 0
-4.147436 13.921862 0 0
-4.338343 13.690010 0 0
-4.529249 13.458159 0 0
-4.720156 13.226307 0 0
-4.911063 12.994456 0 0
-5.101969 12.762604 0 0
-5.292876 12.530752 0 0
-5.483783 12.298901 0 0
-5.674690 12.067049 0 0
-5.865596 11.835198 0 0
-6.056503 11.603346 0 0
-6.247410 11.371494 0 0
-6.438317 11.139643 0 0
-6.629223 10.907791 0 0
-6.820130 10.675940 0 0
-7.011037 10.444088 0 0
-7.201944 10.212236 0 0
-7.392850 9.980385 0 0
-7.583757 9.748533 0 0
-7.774664 9.516682 0 0
-7.965570 9.284830 0 0
-8.156477 9.052978 0 0
-8.347384 8.821127 0 0
-8.538291 8.589275 0 0
-8.729197 8.357423 0 0
-8.920104 8.125572 0 0
-9.111011 7.893720 0 0
-9.301918 7.661869 0 0
-9.492824 7.430017 0 0
-9.683731 7.198165 0 0
-9.874638 6.966314 0 0
-10.065545 6.734462 0 0
-10.256451 6.502611 0 0
-10.447358 6.270759 0 0
-10.638265 6.038907 0 0
-10.829172 5.807056 0 0
-11.020078 5.575204 0 0
-11.210985 5.343353 0 0
-11.401892 5.111501 0 0
-11.592798 4.879649 0 0
-11.783705 4.647798 0 0
-11.974612 4.415946 0 0
-12.165519 4.184095 0 0
-12.356425 3.952243 0 0
-12.547332 3.720391 0 0
-12.738239 3.488540 0 0
-12.929146 3.256688 0 0
-13.120052 3.024836 0 0
-13.310959 2.792985 0 0
-13.501866 2.561133 0 0
-13.692773 2.329282 0 0
-13.883679 2.097430 0 0
-14.074586 1.865578 0 0
-14.265493 1.633727 0 0
-14.456399 1.401875 0 0
-14.647306 1.170024 0 0
-14.838213 0.938172 0 0
-15.029120 0.706320 0 0
-15.220026 0.474469 0 0
-15.410933 0.242617 0 0
-15.601840 0.010766 0 0
-15.792747 -0.221086 0 0
-15.983653 -0.452938 0 0
-16.174560 -0.684789 0 0
-16.365467 -0.916641 0 0
-16.556374 -1.148492 0 0
-16.747280 -1.380344 0 0
-16.938187 -1.612196 0 0
-17.129094 -1.844047 0 0
-17.320000 -2.075899 0 0
-17.510907 -2.307751 0 0
-17.701814 -2.539602 0 0
-17.892721 -2.771454 0 0
-18.083627 -3.003305 0 0
-18.274534 -3.235157 0 0
-18.465441 -3.467009 0 0
-18.656348 -3.698860 0 0
-18.847254 -3.930712 0 0
-19.038161 -4.162563 0 0
-19.229068 -4.394415 0 0
-19.419975 -4.626267 0 0
-19.610881 -4.858118 0 0
-19.801788 -5.089970 0 0
-19.992695 -5.321821 0 0
-20.183602 -5.553673 0 0
-20.374508 -5.785525 0 0
-20.565415 -6.017376 0 0
-20.756322 -6.249228 0 0
-20.947228 -6.481079 0 0
-21.138135 -6.712931 0 0
-21.329042 -6.944783 0 0
-21.519949 -7.176634 0 0
-21.710855 -7.408486 0 0
-21.901762 -7.640337 0 0
-22.092669 -7.872189 0 0
-22.283576 -8.104041 0 0
-22.474482 -8.335892 0 0
-22.665389 -8.567744 0 0
-22.856296 -8.799596 0 0
-23.047203 -9.031447 0 0
-23.238109 -9.263299 0 0
-23.429016 -9.495150 0 0
-23.619923 -9.727002 0 0
-23.810829 -9.958854 0 0
-24.001736 -10.190705 0 0
-24.192643 -10.422557 0 0
-24.383550 -10.654408 0 0
-24.574456 -10.886260 0 0
-24.765363 -11.118112 0 0
-24.956270 -11.349963 0 0
-25.147177 -11.581815 0 0
-25.338083 -11.813666 0 0
-25.528990 -12.045518 0 0
-25.719897 -12.277370 0 0
-25.910804 -12.509221 0 0
-26.101710 -12.741073 0 0
-26.292617 -12.972924 0 0
-26.483524 -13.204776 0 0
-26.674430 -13.436628 0 0
-26.865337 -13.668479 0 0
-27.056244 -13.900331 0 0
-27.247151 -14.132183 0 0
-27.438057 -14.364034 0 0
-27.628964 -14.595886 0 0
-27.819871 -14.827737 0 0
-28.010778 -15.059589 0 0
-28.201684 -15.291441 0 0
-28.392591 -15.523292 0 0
-28.583498 -15.755144 0 0
-28.774405 -15.986995 0 0
-28.965311 -16.218847 0 0
-29.156218 -16.450699 0 0
-29.347125 -16.682550 0 0
-29.538032 -16.914402 0 0
-29.728938 -17.146253 0 0
-29.919845 -17.378105 0 0
-30.110752 -17.609957 0 0
-30.301658 -17.841808 0 0
-30.492565 -18.073660 0 0
-30.683472 -18.305511 0 0
-30.874379 -18.537363 0 0
-31.065285 -18.769215 0 0
-31.256192 -19.001066 0 0
-31.447099 -19.232918 0 0
-31.638006 -19.464769 0 0
-31.828912 -19.696621 0 0
-32.019819 -19.928473 0 0
-32.210726 -20.160324 0 0
-32.401633 -20.392176 0 0
-32.592539 -20.624028 0 0
-32.783446 -20.855879 0 0
-32.974353 -21.087731 0 0
-33.165259 -21.319582 0 0
-33.356166 -21.551434 0 0
-33.547073 -21.783286 0 0
-33.737980 -22.015137 0 0
-33.928886 -22.246989 0 0
-34.119793 -22.478840 0 0
-34.310700 -22.710692 0 0
-34.501607 -22.942544 0 0
-34.692513 -23.174395 0 0
-34.883420 -23.406247 0 0
-35.074327 -23.638098 0 0
-35.265234 -23.869950 0 0
-35.456140 -24.101802 0 0
-35.647047 -24.333653 0 0
-35.837954 -24.565505 0 0
-36.028861 -24.797356 0 0
-36.219767 -25.029208 0 0
-36.410674 -25.261060 0 0
-36.601581 -25.492911 0 0
-36.792487 -25.724763 0 0
-36.983394 -25.956615 0 0
-37.174301 -26.188466 0 0
-37.365207 -26.420318 0 0
-37.556113 -26.652170 0 0
-37.747017 -26.884024 0 0
-37.937918 -27.115881 0 0
-38.128807 -27.347747 0 0
-38.319667 -27.579637 0 0
-38.510444 -27.811596 0 0
-38.700996 -28.043739 0 0
-38.891804 -28.277437 0 0
-39.086444 -28.505886 0 0
-39.269004 -28.738479 0 0
-39.476206 -29.026329 0 0
-39.671049 -29.313246 0 0
-39.853197 -29.598762 0 0
-40.022661 -29.882867 0 0
-40.179450 -30.165556 0 0
-40.323576 -30.446821 0 0
-40.455054 -30.726658 0 0
-40.573898 -31.005064 0 0
-40.680127 -31.282038 0 0
-40.773758 -31.557581 0 0
-40.854810 -31.831700 0 0
-40.923303 -32.104401 0 0
-40.979257 -32.375698 0 0
-41.022689 -32.645607 0 0
-41.053618 -32.914147 0 0
-41.072058 -33.181342 0 0
-41.078020 -33.447220 0 0
-41.071513 -33.711810 0 0
-41.052540 -33.975142 0 0
-41.021102 -34.237250 0 0
-40.977192 -34.498165 0 0
-40.920801 -34.757915 0 0
-40.851917 -35.016530 0 0
-40.770522 -35.274034 0 0
-40.676598 -35.530447 0 0
-40.570123 -35.785786 0 0
-40.451077 -36.040064 0 0
-40.319438 -36.293289 0 0
-40.175186 -36.545467 0 0
-40.018299 -36.796598 0 0
-39.848760 -37.046681 0 0
-39.666553 -37.295713 0 0
-39.471662 -37.543687 0 0
-39.264075 -37.790595 0 0
-39.043780 -38.036430 0 0
-38.810769 -38.281183 0 0
-38.565033 -38.524843 0 0
-38.306568 -38.767402 0 0
-38.035367 -39.008849 0 0
-37.752637 -39.250639 0 0
-37.454291 -39.495230 0 0
-37.237283 -39.696000 0 0
-37.001901 -39.865805 0 0
-36.761964 -40.041030 0 0
-36.522329 -40.216672 0 0
-36.282756 -40.392400 0 0
-36.043077 -40.567982 0 0
-35.803004 -40.743019 0 0
-35.559829 -40.917994 0 0
-35.334526 -41.093004 0 0
-35.104813 -41.260054 0 0
-34.866703 -41.421075 0 0
-34.619463 -41.573953 0 0
-34.363784 -41.718408 0 0
-34.098105 -41.856317 0 0
-33.765644 -42.035107 0 0
-33.439687 -42.199125 0 0
-33.117804 -42.348689 0 0
-32.800006 -42.483814 0 0
-32.486302 -42.604516 0 0
-32.176700 -42.710811 0 0
-31.871206 -42.802722 0 0
-31.569822 -42.880270 0 0
-31.272546 -42.943481 0 0
-30.979371 -42.992382 0 0
-30.690287 -43.027000 0 0
-30.405275 -43.047362 0 0
-30.124310 -43.053494 0 0
-29.847361 -43.045419 0 0
-29.574392 -43.023154 0 0
-29.305360 -42.986713 0 0
-29.040219 -42.936101 0 0
-28.778921 -42.871316 0 0
-28.521420 -42.792348 0 0
-28.267670 -42.699180 0 0
-28.017630 -42.591788 0 0
-27.771267 -42.470143 0 0
-27.528550 -42.334211 0 0
-27.289461 -42.183959 0 0
-27.053985 -42.019350 0 0
-26.822116 -41.840350 0 0
-26.593854 -41.646929 0 0
-26.369204 -41.439057 0 0
-26.148175 -41.216709 0 0
-25.930777 -40.979864 0 0
-25.717027 -40.728504 0 0
-25.506939 -40.462615 0 0
-25.300529 -40.182187 0 0
-25.093873 -39.889828 0 0
-24.886250 -39.579828 0 0
-24.697692 -39.330820 0 0
-24.516487 -39.082218 0 0
-24.337188 -38.832486 0 0
-24.159213 -38.582561 0 0
-23.983058 -38.332634 0 0
-23.809278 -38.082903 0 0
-23.637625 -37.834148 0 0
-23.467840 -37.587154 0 0
-23.299703 -37.342676 0 0
-23.132926 -37.101511 0 0
-22.967677 -36.877183 0 0
-22.828292 -36.626682 0 0
-22.675446 -36.370789 0 0
-22.519275 -36.116267 0 0
-22.361890 -35.862246 0 0
-22.204061 -35.608408 0 0
-22.046070 -35.354637 0 0
-21.888020 -35.100890 0 0
-21.729948 -34.847151 0 0
-21.571869 -34.593416 0 0
-21.413787 -34.339682 0 0
-21.255707 -34.085948 0 0
-21.097632 -33.832211 0 0
-20.939573 -33.578468 0 0
-20.781557 -33.324706 0 0
-20.623661 -33.070896 0 0
-20.466091 -32.816951 0 0
-20.309414 -32.562638 0 0
-20.155181 -32.307317 0 0
-20.061780 -32.156868 0 0
-19.935158 -32.030385 0 0
-19.745182 -31.801706 0 0
-19.557263 -31.571330 0 0
-19.370095 -31.340335 0 0
-19.183201 -31.109112 0 0
-18.996407 -30.877807 0 0
-18.809650 -30.646472 0 0
-18.622907 -30.415126 0 0
-18.436168 -30.183776 0 0
-18.249432 -29.952424 0 0
-18.062695 -29.721072 0 0
-17.875960 -29.489719 0 0
-17.689224 -29.258366 0 0
-17.502488 -29.027014 0 0
-17.315752 -28.795661 0 0
-17.129016 -28.564309 0 0
-16.942281 -28.332956 0 0
-16.755545 -28.101603 0 0
-16.568809 -27.870251 0 0
-16.382073 -27.638898 0 0
-16.195338 -27.407545 0 0
-16.008602 -27.176193 0 0
-15.821866 -26.944840 0 0
-15.635130 -26.713488 0 0
-15.448395 -26.482135 0 0
-15.261659 -26.250782 0 0
-15.074923 -26.019430 0 0
-14.888187 -25.788077 0 0
-14.701452 -25.556724 0 0
-14.514716 -25.325372 0 0
-14.327980 -25.094019 0 0
-14.141244 -24.862667 0 0
-13.954509 -24.631314 0 0
-13.767773 -24.399961 0 0
-13.581037 -24.168609 0 0
-13.394301 -23.937256 0 0
-13.207566 -23.705903 0 0
-13.020830 -23.474551 0 0
-12.834094 -23.243198 0 0
-12.647358 -23.011846 0 0
-12.460622 -22.780493 0 0
-12.273886 -22.549141 0 0
-12.087148 -22.317791 0 0
-11.900406 -22.086443 0 0
-11.713653 -21.855104 0 0
-11.526871 -21.623790 0 0
-11.340009 -21.392542 0 0
-11.152927 -21.161475 0 0
-10.962056 -20.927011 0 0
-10.771413 -20.688992 0 0
-10.770712 -20.689553 0 0
-10.582369 -20.456081 0 0
-10.393944 -20.222674 0 0
-10.205489 -19.989291 0 0
-10.017024 -19.755917 0 0
-9.828555 -19.522546 0 0
-9.640084 -19.289176 0 0
-9.451613 -19.055806 0 0
-9.263141 -18.822437 0 0
-9.074669 -18.589067 0 0
-8.886198 -18.355698 0 0
-8.697726 -18.122328 0 0
-8.509255 -17.888959 0 0
-8.320783 -17.655590 0 0
-8.132311 -17.422220 0 0
-7.943840 -17.188851 0 0
-7.755368 -16.955481 0 0
-7.566897 -16.722112 0 0
-7.378425 -16.488743 0 0
-7.189953 -16.255373 0 0
-7.001482 -16.022004 0 0
-6.813010 -15.788635 0 0
-6.624539 -15.555265 0 0
-6.436067 -15.321896 0 0
-6.247595 -15.088526 0 0
-6.059124 -14.855157 0 0
-5.870652 -14.621788 0 0
-5.682180 -14.388418 0 0
-5.493709 -14.155049 0 0
-5.305237 -13.921680 0 0
-5.116766 -13.688310 0 0
-4.928294 -13.454941 0 0
-4.739822 -13.221572 0 0
-4.551351 -12.988202 0 0
-4.362879 -12.754833 0 0
-4.174408 -12.521463 0 0
-3.985936 -12.288094 0 0
-3.797464 -12.054725 0 0
-3.608993 -11.821355 0 0
-3.420521 -11.587986 0 0
-3.232050 -11.354617 0 0
-3.043578 -11.121247 0 0
-2.855106 -10.887878 0 0
-2.666635 -10.654508 0 0
-2.478163 -10.421139 0 0
-2.289692 -10.187770 0 0
-2.101220 -9.954400 0 0
-1.912748 -9.721031 0 0
-1.724277 -9.487662 0 0
-1.535805 -9.254292 0 0
-1.347333 -9.020923 0 0
-1.158862 -8.787553 0 0
-0.970390 -8.554184 0 0
-0.781919 -8.320815 0 0
-0.593447 -8.087445 0 0
-0.404975 -7.854076 0 0
-0.216504 -7.620707 0 0
-0.028032 -7.387337 0 0
0.160439 -7.153968 0 0
0.348911 -6.920598 0 0
0.537383 -6.687229 0 0
0.725854 -6.453860 0 0
0.914326 -6.220490 0 0
1.102797 -5.987121 0 0
1.291269 -5.753752 0 0
1.479741 -5.520382 0 0
1.668212 -5.287013 0 0
1.856684 -5.053643 0 0
2.045156 -4.820274 0 0
2.233627 -4.586905 0 0
2.422099 -4.353535 0 0
2.610570 -4.120166 0 0
2.799042 -3.886797 0 0
2.987514 -3.653427 0 0
3.175985 -3.420058 0 0
3.364457 -3.186688 0 0
3.552928 -2.953319 0 0