4.1765000000014	-6.54050000000279	0	1
4.3694480223284	-6.31078047388521	0	1
4.56316156500722	-6.08170611188762	0	1
4.75272637570769	-5.84918690328975	0	1
4.94328131463026	-5.61747843886941	0	1
5.13652174011377	-5.38800482972966	0	1
5.32844563568012	-5.15742900548956	0	1
5.51622041678792	-4.92346190828504	0	1
5.71033486883137	-4.69472717401885	0	1
5.90338465036089	-4.4650931573786	0	1
6.0970164959686	-4.23594973434632	0	1
6.29089980774024	-4.00701904325044	0	1
6.48512816869915	-3.77838102448538	0	1
6.67983339280438	-3.55014895985111	0	1
6.87523942975669	-3.3225166231509	0	1
7.07052610089325	-3.09478187437	0	1
7.2652216032505	-2.86654155555462	0	1
7.46471460368454	-2.64248234909874	0	1
7.6605795545939	-2.41524477284485	0	1
7.85445345077919	-2.18630610775761	0	1
8.0482541401884	-1.95730554050343	0	1
8.23686924024756	-1.72401545992434	0	1
8.4328531165502	-1.49688044946364	0	1
8.63080059547956	-1.27145466816894	0	1
8.82625075722575	-1.04386039875398	0	1
9.02803739903538	-0.821864570921391	0	1
9.22860360184389	-0.598765493623939	0	1
9.4291769033122	-0.375672932795773	0	1
9.6343335695563	-0.156787829462107	0	1
9.8351507699627	0.0660853258505201	0	1
10.0376517828053	0.287429714316754	0	1
10.2408228679842	0.508159178328497	0	1
10.4420134743681	0.730695165984197	0	1
10.6476124464117	0.949164829703443	0	1
10.8490134585645	1.1715104920723	0	1
11.0534701174278	1.39104962307779	0	1
11.2546623276607	1.61358424788089	0	1
11.4529929430883	1.8386730402513	0	1
11.6520691165611	2.06310267195721	0	1
11.8492133251737	2.28923127354137	0	1
12.0445018359732	2.51696443986493	0	1
12.2390670969109	2.74531583252571	0	1
12.4340146088066	2.97334097241334	0	1
12.6281463065503	3.20206107059933	0	1
12.8226359155033	3.43047689899751	0	1
13.016594918011	3.65934346562554	0	1
13.2106281137481	3.88814713454548	0	1
13.4047550419031	4.1168712792989	0	1
13.5994136605932	4.34514308720778	0	1
13.7931759321326	4.57417622453062	0	1
13.9878635663621	4.80242328924733	0	1
14.1818278415732	5.03128538649442	0	1
14.3760769596283	5.25990576597419	0	1
14.5709985446688	5.48795303748781	0	1
14.7640092265319	5.71761991364101	0	1
14.9577658901334	5.94665780206488	0	1
15.1510544993153	6.17609037923342	0	1
15.3377937870835	6.41088465198072	0	1
15.5287302594362	6.64227865522609	0	1
15.7156967514715	6.87689222537201	0	1
15.9018339209268	7.11216425807862	0	1
16.0901301038356	7.34571199859208	0	1
16.2781365808585	7.57949262336415	0	1
16.4604120641639	7.81776876200002	0	1
16.647505531265	8.05228076601192	0	1
16.8294028073623	8.2908460194374	0	1
17.0116912149714	8.52911239531638	0	1
17.1974368945941	8.76469364505541	0	1
17.3815214882939	9.00157508140284	0	1
17.5683436423129	9.23630353707154	0	1
17.7574383517808	9.46920520546338	0	1
17.9458162867808	9.70268695263555	0	1
18.1361020007352	9.93461647725511	0	1
18.3240179128382	10.1684702208589	0	1
18.509768488708	10.404047646464	0	1
18.6954147984009	10.6397071327351	0	1
18.8835888797861	10.8733526123962	0	1
19.065777229389	11.1116948718309	0	1
19.2546087566106	11.3448099705319	0	1
19.4426688029731	11.5785477671395	0	1
19.6281121256355	11.8143671346161	0	1
19.8135504157413	12.0501903652258	0	1
20.0011238951149	12.2843185531058	0	1
20.1843778933768	12.5218430347546	0	1
20.3706968233337	12.7569704613898	0	1
20.5510649541914	12.996693916687	0	1
20.7319336783273	13.236039876307	0	1
20.9141613619317	13.4743503022705	0	1
21.1071732854171	13.7040153445015	0	1
21.294325305387	13.9384803208521	0	1
21.4867222379247	14.1686615786002	0	1
21.67819244777	14.3996140186338	0	1
21.8662085014792	14.6333872645909	0	1
22.0525317228622	14.8685112228335	0	1
22.2445883064689	15.0989759143094	0	1
22.4316208771846	15.3335360170214	0	1
22.6242978318564	15.5634828503096	0	1
22.8150102070696	15.7950615594179	0	1
23.00292917305	16.028912827413	0	1
23.1888540283311	16.264352730781	0	1
23.3746855532693	16.4998662912971	0	1
23.5597503433238	16.7359828311747	0	1
23.7453448836018	16.9716828578245	0	1
23.9345395848211	17.2045033131854	0	1
24.1235234142564	17.4374949681064	0	1
24.312771197552	17.6702722783438	0	1
24.5018602655781	17.9031785329362	0	1
24.6911954349847	18.1358847277176	0	1
24.8792840486317	18.3695987123055	0	1
25.0618112525073	18.6076814106249	0	1
25.2499413214334	18.8413628466824	0	1
25.4359784247907	19.076714061681	0	1
25.6216872814867	19.3123242318958	0	1
25.8095380982506	19.546230334771	0	1
25.9979385763097	19.779692618201	0	1
26.1799936407423	20.0181363612953	0	1
26.3679808028317	20.251932887076	0	1
26.5550962062213	20.4864276108637	0	1
26.7404430476581	20.722322724233	0	1
26.9274558896397	20.9568992589858	0	1
27.1161165726283	21.1901525501334	0	1
27.3030429223383	21.4247976342164	0	1
27.4863631903268	21.6622707249654	0	1
27.6731624689439	21.8970170488559	0	1
27.8566613580729	22.1343521415025	0	1
28.043620883178	22.3689711199884	0	1
28.2285947063854	22.6051588617338	0	1
28.4149956530309	22.8402218558432	0	1
28.6033586130541	23.073714282058	0	1
28.7856962128276	23.3119420399231	0	1
28.9733617531961	23.5459954055596	0	1
29.1551135133577	23.7846697906371	0	1
29.3434851796494	24.0181548710036	0	1
29.5252788461153	24.2567979773881	0	1
29.7123133878327	24.49135592568	0	1
29.8935019649405	24.730459871674	0	1
30.0743213621214	24.9698431325508	0	1
30.2551738279264	25.2092003501347	0	1
30.4411242978856	25.4446186594432	0	1
30.621320228314	25.6844715730451	0	1
30.8020976259633	25.9238865507744	0	1
30.9826583225809	26.1634649958535	0	1
31.1636504576666	26.4027176769115	0	1
31.344995211003	26.641702229676	0	1
31.5312784259506	26.8768579129342	0	1
31.7217731156507	27.1086156643869	0	1
31.9098659319342	27.3423271257002	0	1
32.0965525845384	27.577162107159	0	1
32.2885747577594	27.8076546710855	0	1
32.4751149517527	28.0426052552167	0	1
32.668351898731	28.272081790966	0	1
32.8612407086884	28.5018500591095	0	1
33.0496350846299	28.7353182659844	0	1
33.240632309498	28.9666616011546	0	1
33.4278673514909	29.2010601136378	0	1
33.6192516182131	29.4320836597638	0	1
33.813476904367	29.6607242577576	0	1
34.0085208488877	29.8886668929345	0	1
34.2042733796548	30.1159992555201	0	1
34.3935977306623	30.3487142772264	0	1
34.5822556718309	30.5819694283349	0	1
34.7678231549488	30.8176910977413	0	1
34.9538296365227	31.0530663002302	0	1
35.141945316656	31.2867594491415	0	1
35.3296720644748	31.5207649507037	0	1
35.5154017429708	31.7563588524174	0	1
35.7011587321589	31.9919309455454	0	1
35.8891794214534	32.2256994166375	0	1
36.0725896038674	32.4631030575222	0	1
36.2590336138527	32.6981317643727	0	1
36.4478195450754	32.9312837216692	0	1
36.6353707247992	33.1654300332124	0	1
36.8214052973239	33.400783149616	0	1
37.0088205916321	33.6350383631976	0	1
37.1964453729804	33.8691240331434	0	1
37.3784617754438	34.1075969070117	0	1
37.5657408889737	34.3419610117472	0	1
37.7529264608855	34.5763992749806	0	1
37.9370262044216	34.8132682516043	0	1
38.124888686536	35.0471648676356	0	1
38.3142231515292	35.2798715997276	0	1
38.5023666062696	35.5135421983169	0	1
38.6886953921634	35.7486625526344	0	1
38.8754165708183	35.9834697211732	0	1
39.0672995483176	36.2140777565852	0	1
39.2537629453547	36.4490911209088	0	1
39.4421480908676	36.682564222718	0	1
39.6237836202241	36.9213265043067	0	1
39.811546223209	37.1553016927001	0	1
39.9940884067858	37.3933724408813	0	1
40.1814532498403	37.6276679788322	0	1
40.369462883332	37.861444552614	0	1
40.5520702044316	38.0994648509656	0	1
40.7401804756199	38.3331620786237	0	1
40.9261478498243	38.5685679812799	0	1
41.1095976007415	38.8059409207471	0	1
41.2960652267791	39.0409511052083	0	1
41.4814591223026	39.2768090546201	0	1
41.6689320041136	39.5110181515132	0	1
41.8570470939152	39.7447097849429	0	1
42.0398414786875	39.9825838924151	0	1
42.2308978716278	40.2138787225517	0	1
42.4240179396253	40.4434508907078	0	1
42.6110117698127	40.6780400782586	0	1
42.8041425106522	40.9076059768012	0	1
42.9979317439766	41.1366162639309	0	1
43.1909423336674	41.3662831230828	0	1
43.385023126259	41.5950443716695	0	1
43.5738642504647	41.8281500074532	0	1
43.7675953200411	42.0572095446785	0	1
43.9611341632635	42.2864314940634	0	1
44.1539025734934	42.5162989596178	0	1
44.3405153716182	42.7511917776864	0	1
44.5326003498657	42.9816313031336	0	1
44.7193410446934	43.2164220218075	0	1
44.9121491292808	43.4462590082122	0	1
45.1045972522979	43.6763954548716	0	1
45.2918547249928	43.9107752183219	0	1
45.4838004406251	44.1413318383101	0	1
45.6720587061322	44.3749082243462	0	1
45.8654171189469	44.604282403437	0	1
46.0581182197825	44.8342066308772	0	1
46.2450592849519	45.0688404614672	0	1
46.4323329935704	45.3032088846499	0	1
46.6195721239818	45.5376024146051	0	1
46.8008934542777	45.7766057094695	0	1
46.9822352576065	46.0155917914385	0	1
47.1683953640563	46.2508449790342	0	1
47.3512994928416	46.4886389737304	0	1
47.53262932022	46.7276337358678	0	1
47.7192682355602	46.9625061336576	0	1
47.9008424616648	47.2013173100691	0	1
48.0815910993674	47.4407539928224	0	1
48.2619530157722	47.6804821271177	0	1
48.4421606629831	47.9203262464732	0	1
48.6220986846365	48.1603727098455	0	1
48.8016971896207	48.4006733061312	0	1
48.9811217277644	48.6411032854185	0	1
49.1577062632556	48.8836271703977	0	1
49.332959897308	49.1271132602392	0	1
49.5127672314747	49.3672576216282	0	1
49.6930744296285	49.6070269108733	0	1
49.8736370635406	49.8466039030597	0	1
50.0542530968783	50.0861393550164	0	1
50.2390832887234	50.3224395575247	0	1
50.4233254239986	50.5591981272869	0	1
50.6101242903863	50.7939437375506	0	1
50.8011378438705	51.0252727550056	4	1
50.9877723025834	51.2601505404984	4	1
51.1748813215005	51.4946483388022	4	1
51.367136979562	51.7249476212972	4	1
51.5590794525968	51.9555073920852	4	1
51.748404088395	52.1882208023393	4	1
51.9418404420509	52.4175292749094	4	1
52.1350778079927	52.6470054600765	4	1
52.3280760408826	52.8766814494777	4	1
52.5171226088816	53.1096212985915	4	1
52.7095214064998	53.3398006648811	4	1
52.9040140086244	53.5682131673042	4	1
53.1015071076515	53.7940370497279	4	1
53.3000194489065	54.0189644234153	4	1
53.4949228115245	54.2470272552468	4	1
53.689049941849	54.4757512291587	4	1
53.8830272680873	54.7046022475729	4	1
54.0774372829688	54.9330857511684	4	1
54.27091082089	55.1623628498157	4	1
54.4640290033202	55.3919369927011	4	1
54.6520003579338	55.6257442993186	4	1
54.844846454968	55.8555490346714	4	1
55.0397179589077	56.0836391273623	4	1
55.2341859416652	56.3120733709545	4	1
55.4285992585561	56.5405540441959	4	1
55.621861719029	56.770007422296	4	1
55.8107464428827	57.0030792470509	4	1
56.0011720854377	57.2348933173966	4	1
56.1942372697186	57.4645111907734	4	1
56.3813561618869	57.6990006649274	4	1
56.5739466136513	57.9290199418765	4	1
56.7653742054715	58.1600075904057	4	1
56.9547359775504	58.3926914728705	4	1
57.1469788023794	58.623001307726	4	1
57.3404319833199	58.8522923052169	4	1
57.5279079011682	59.0864973157575	4	1
57.7196728809871	59.3172029027942	4	1
57.906173188605	59.5521872311245	4	1
58.0929333445671	59.7869627527172	4	1
58.2847625816993	60.0176157694885	4	1
58.472485965644	60.2516228302429	4	1
58.6639728602655	60.4825597469417	4	1
58.8508085665188	60.7172773847648	4	1
59.0387447792875	60.9511148874068	4	1
59.2267760200249	61.1848733445248	4	1
59.409450116355	61.4228422744086	4	1
59.5968367889465	61.6571181906391	4	1
59.7793635099355	61.8951996035873	4	1
59.9672020814639	62.1291120146206	4	1
60.1488694754917	62.3678495097897	0	1
60.3361545285771	62.6022066463859	0	1
60.5185751828583	62.8403695744828	0	1
60.7060445910756	63.0745787559646	0	1
60.8881080014076	63.3130151908794	0	1
61.0748824612763	63.5477792086751	0	1
61.2564395304675	63.786603292683	0	1
61.439518827739	64.0242620615165	0	1
61.6250412927666	64.2600166929015	0	1
61.8052919373339	64.4998285048048	0	1
61.9854765217142	64.7396895794821	0	1
62.1634723194973	64.9811787115264	0	1
62.3381030203466	65.2251114241269	0	1
62.5175401563211	65.4655325345324	1	1
62.6964892123947	65.7063132594815	1	1
62.8686651786177	65.9519866375261	1	1
63.0416900090641	66.1970629435117	1	1
63.2150869182616	66.4418726657109	1	1
63.3818310480201	66.6912630641145	1	1
63.5439144829841	66.9437086494573	1	1
63.7035102477434	67.1977265533348	1	1
63.8526022280319	67.4580558728338	1	1
63.9988899382588	67.7199625966516	1	1
64.1335985954298	67.9880175790019	1	1
64.2663533765158	68.25704126501	1	1
64.390508358073	68.5301393498343	1	1
64.5051548950193	68.8073674749427	1	1
64.6148299855053	69.0865957961057	1	1
64.7148128771982	69.3694402819053	1	1
64.8058699661885	69.6552828381917	1	1
64.8878398301877	69.9438672085479	1	1
64.9697596120806	70.2324586595032	1	1
65.0397338120769	70.5241709256187	1	1
65.0940323276398	70.8192160284033	1	1
65.1464100620865	71.1145914651737	1	1
65.1806922294186	71.4126262259869	1	1
65.2136743223703	71.7107869454285	1	1
65.2262580985253	72.0105162403832	1	1
65.2271379317268	72.3105109145369	1	1
65.2188534663547	72.6103919172276	1	1
65.2006041360132	72.9098193493912	1	1
65.1640723893631	73.2075816837982	1	1
65.1175175374841	73.5039417218243	1	1
65.0604265583691	73.7984515323102	1	1
64.9912627431643	74.0903646488314	1	1
64.9123512619368	74.379798336948	1	1
64.8272564020384	74.6674614903634	1	1
64.7262235931383	74.9499340461171	1	1
64.6182704563311	75.2298303703689	1	1
64.4996810930638	75.5053875322397	1	1
64.3699256126972	75.775866953493	1	1
64.2296378439403	76.0410311217029	1	1
64.0765462715777	76.2990283926114	1	1
63.9200440503624	76.5549454902745	1	1
63.746680044134	76.7997720152215	1	1
63.5633651867236	77.0372328707563	1	1
63.3680068692335	77.2648972423329	1	1
63.164539595032	77.4853534970962	1	1
62.9593231465971	77.7041550917679	1	1
62.7408373320909	77.9097321181884	1	1
62.5171165627348	78.1096021493372	1	1
62.2896036683784	78.3051292894415	1	1
62.0531847399653	78.4898075485781	1	1
61.8161807136973	78.673734371247	1	1
61.578755322146	78.8571169094145	1	1
61.340772558153	79.0397755625189	1	1
61.1023262252504	79.2218287010379	1	1
60.8637778766338	79.4037481461692	1	1
60.6253008565092	79.5857609825111	1	1
60.3862083202307	79.7669645999396	1	1
60.1472578646474	79.9483509435646	1	1
59.9042962636794	80.1243320513438	1	1
59.6629371905481	80.3025015026	1	1
59.4177865373764	80.4754196009598	1	1
59.1703943174781	80.645111933505	1	1
58.9191617759075	80.8090649390641	1	1
58.6642248726014	80.9671981873033	1	1
58.4063832938628	81.1205493568925	1	1
58.1455841283001	81.2688117729626	1	1
57.8811036813266	81.4104092621096	1	1
57.6152776315743	81.5494568072897	1	1
57.3457301224396	81.681144314988	1	1
57.0725037750847	81.8050207331562	1	1
56.7962015982176	81.9218760096776	1	1
56.5169781425497	82.0315532981625	1	1
56.2335718293012	82.1299401277304	1	1
55.9484200418199	82.2231048560391	1	1
55.6587556777379	82.3011544011975	1	1
55.3668370465899	82.3702767934944	1	1
55.07226259537	82.4270498373146	1	1
54.7761327739932	82.475046503663	1	1
54.4785604863534	82.5130631029545	1	1
54.17965851871	82.5386240278223	1	1
53.8800159038324	82.5530592109892	1	1
53.5800334214732	82.5543596650214	1	1
53.2804131246604	82.5396881650934	1	1
52.982265154848	82.5064979577661	1	1
52.6858896209632	82.4600978843162	1	1
52.3922660465281	82.3986047340387	1	1
52.1009638913806	82.3269358023343	1	1
51.8131955633122	82.2421761424206	1	1
51.5290471336072	82.1459706659396	1	1
51.2485097680908	82.0396876529606	1	1
50.9711811607006	81.9252963302645	1	1
50.6977286921852	81.8019233431743	1	1
50.4281208011729	81.6703749646675	1	1
50.1646685367733	81.5268922313609	1	1
49.907452641816	81.3725206448699	1	1
49.6588205165818	81.2046714676164	0	1
49.418939266888	81.0245194754552	0	1
49.1838445763624	80.8381661102134	0	1
48.9542291493401	80.6450954839896	0	1
48.7270546457168	80.4491620201003	0	1
48.5045574048947	80.2479354507747	0	1
48.2876985540036	80.0406388074659	0	1
48.0690174752063	79.8352681763211	0	1
47.8546196069245	79.6254275099459	0	1
47.6425268112304	79.4132563222577	0	1
47.429921220755	79.201600617553	0	1
47.2203508670428	78.98693774096	0	1
47.0119667428553	78.7711229218175	0	1
46.8030912575891	78.5557836161984	0	1
46.594730196828	78.3399471503634	0	1
46.3882558481081	78.1223045347523	0	1
46.1813591358341	77.9050697332476	0	1
45.9805593294391	77.6821811599824	0	1
45.7809316526908	77.4582430317231	0	1
45.5789367405207	77.2364416761245	0	1
45.3822114372777	77.0099516599973	0	1
45.1810324473024	76.7874054636044	0	1
44.9784777368655	76.5661167268022	0	1
44.7819185669976	76.3394826997783	0	1
44.5810513766936	76.1166577677888	0	1
44.3843716310655	75.8901275305382	0	1
44.1840245479767	75.6668359522638	0	1
43.9887519038284	75.4390891916199	0	1
43.7936001047203	75.2112424576517	0	1
43.5938284026602	74.9874321573116	0	1
43.3956280085677	74.7622299974799	0	1
43.1947291382614	74.539431105818	0	1
42.9957391037593	74.3149253936522	0	1
42.7952417038592	74.0917655180513	0	1
42.5923649667051	73.870765695089	0	1
42.3907241020921	73.648637882662	0	1
42.1907119815065	73.4250421163191	0	1
41.9918965574558	73.2003835043315	0	1
41.7965987224637	72.9726584081522	0	1
41.6019969717955	72.744338111247	0	1
41.4075132401337	72.5159173278789	0	1
41.2135638025832	72.2870427264461	0	1
41.0189691291961	72.058716408328	0	1
40.8245076687007	71.8302782762961	0	1
40.6268519010597	71.6045967661756	0	1
40.4285359253265	71.3794976106262	0	1
40.2340338468414	71.1510925459289	0	1
40.0386085139979	70.9234768143987	0	1
39.8434665043587	70.6956217296059	0	1
39.643899304227	70.4716320770309	0	1
39.4488659371737	70.243680501395	0	1
39.2549353670332	70.0147925307996	0	1
39.06498180052	69.7825913933646	0	1
38.8730710712637	69.5520046954731	0	1
38.680425355083	69.3220318319944	0	1
38.489135692065	69.0909312587055	0	1
38.3009790701732	68.8572724854509	0	1
38.1099326663941	68.625969859295	0	1
37.9209369325737	68.3929900683482	0	1
37.7284440465618	68.1628922379102	0	1
37.5402204938708	67.9292880873907	0	1
37.3486251309716	67.6984446720893	0	1
37.1629067611871	67.4628421099936	0	1
36.9783948323191	67.2262936687783	0	1
36.7922329664395	66.9910415342448	0	1
36.6047103694522	66.7568767514531	0	1
36.4222977960612	66.5187101683307	0	1
36.234257557314	66.2849563213816	0	1
36.0461652575978	66.0512496202993	0	1
35.8635570018373	65.8132329616481	0	1
35.6755061365081	65.5794883687937	0	1
35.4895786912191	65.3440505270868	0	1
35.3038645441141	65.1084452440896	0	1
35.1158397863243	64.8746789288773	0	1
34.9280151222374	64.640756976772	0	1
34.7456008401812	64.4025904099275	0	1
34.5586620772184	64.1679586187715	0	1
34.3763796423217	63.9296915103514	0	1
34.1893633497605	63.6951225373992	0	1
34.0078560611572	63.4562604449566	0	1
33.8264073357316	63.2173566575355	0	1
33.6407283325322	62.9817228563805	0	1
33.4545015909891	62.746521812366	0	1
33.2672457269687	62.5121396423805	0	1
33.0782969211974	62.2791197675665	0	1
32.8905416326558	62.0451385487981	0	1
32.7058222605236	61.8087517739162	0	1
32.5205096395288	61.5728318431255	0	1
32.338847249691	61.3340877325108	0	1
32.1575032801332	61.0951063390266	0	1
31.9710050400992	60.8601241540581	0	1
31.7890055928725	60.6216420083912	0	1
31.6017115218877	60.387296872238	0	1
31.420894633508	60.1479117166951	0	1
31.2401935695446	59.908439418508	0	1
31.0608623107871	59.6679393158576	0	1
30.8817455583278	59.4272842480737	0	1
30.707948729598	59.1827591239074	0	1
30.5288141018169	58.9421125319834	0	1
30.349448351367	58.7016382337975	0	1
30.1693192752704	58.4617352286096	0	1
29.9880620616182	58.2226864619607	0	1
29.8023968532964	57.987041767574	0	1
29.6161291229309	57.7518785389816	0	1
29.4244478961244	57.5211040547237	0	1
29.2367376735413	57.287088482984	0	1
29.044899125723	57.0564462082846	0	1
28.8580703634965	56.8217231367723	0	1
28.6700381306803	56.5879641021452	0	1
28.4795010409346	56.3562429792281	0	1
28.2922568104383	56.1218513478623	0	1
28.1036483659242	55.8885557859763	0	1
27.9158081173872	55.6546420956876	0	1
27.7302168280807	55.4189392002789	0	1
27.5442361146252	55.1835438924962	0	1
27.3598187823935	54.9469217922308	0	1
27.1736096146399	54.7117077391324	0	1
26.9849763637792	54.4784321592682	0	1
26.7962050914876	54.2452714958813	0	1
26.6034862549595	54.0153635018239	0	1
26.4150693912051	53.7819163756028	0	1
26.2224480319908	53.5519228738372	0	1
26.0296601837664	53.322069115065	0	1
25.8361311104645	53.0928451263713	0	1
25.6480516597969	52.8591287122914	0	1
25.4542908114971	52.6300945498539	0	1
25.259575783056	52.4018709068816	0	1
25.0654114398476	52.173178522851	0	1
24.8713519229186	51.9443971975343	0	1
24.6770232655541	51.7158445980883	0	1
24.4836577998964	51.4864763427533	0	1
24.2903348163324	51.2570722807827	0	1
24.097295968811	51.0274324574504	0	1
23.9083426066129	50.7944173942453	0	1
23.7166634227734	50.5636385615139	0	1
23.5236803103188	50.3339538511083	0	1
23.3357338820255	50.1001293445645	0	1
23.1427536527961	49.8704369302667	0	1
22.9502557600289	49.6403403151656	0	1
22.7569189677768	49.4109528898154	0	1
22.5684482256977	49.1775501366086	0	1
22.3752743318088	48.9480205244684	0	1
22.1818713841344	48.718683904514	0	1
21.988060221648	48.4896921307816	0	1
21.794147514547	48.260786338923	0	1
21.6002984158962	48.0318279989333	0	1
21.4090703737702	47.8006747394845	0	1
21.21800174263	47.5693905627199	0	1
21.0247352949724	47.339939149821	0	1
20.8303165356341	47.1114631378637	0	1
20.6366623041796	46.8823387183197	0	1
20.4423609656396	46.6537627189618	0	1
20.2481610753088	46.425100771304	0	1
20.0527054521489	46.1975121875235	0	1
19.8549229174602	45.9719421051339	0	1
19.6587230906859	45.7449942109754	0	1
19.4645934118741	45.5162796700644	0	1
19.2762706229283	45.2827590267062	0	1
19.0825639125682	45.0536790046052	0	1
18.8896022548719	44.8239709699762	0	1
18.6964819721557	44.5944015968769	0	1
18.5083335177359	44.3607398023205	0	1
18.3151076522052	44.131253946892	0	1
18.1221447718717	43.901546916601	0	1
17.9291891298621	43.6718393316311	0	1
17.7412909296001	43.4379762643642	0	1
17.5482524631034	43.2083328710846	0	1
17.3543965198683	42.9793790070506	0	1
17.160625742372	42.7503531626471	0	1
16.9661626865717	42.5219147952916	0	1
16.7722712276463	42.292991030141	0	1
16.5780481139955	42.0643486064773	0	1
16.3844708839597	41.8351602716475	0	1
16.193355227725	41.6039141079062	0	1
16.0015098442852	41.3732786743985	0	1
15.8043496671942	41.1471639665779	0	1
15.6074638022495	40.9208108522511	0	1
15.4121509043005	40.6930987080889	0	1
15.217555013255	40.4647734436571	0	1
15.0226713754935	40.2366941563113	0	1
14.8292403770385	40.007381226056	0	1
14.6352307685777	39.7785575934565	0	1
14.4407762332	39.5501119291264	0	1
14.2459668588337	39.3219687565724	0	1
14.0512367229502	39.0937579503991	0	1
13.8563612039333	38.8656774643227	0	1
13.6563399278531	38.642094979359	0	1
13.4610954632557	38.4143259176725	0	1
13.2627782807835	38.1892258806219	0	1
13.0629406277184	37.9654752913827	0	1
12.8653999040256	37.7396945373811	0	1
12.6654283971303	37.5160672213011	0	1
12.4699366669262	37.2885143131737	4	1
12.2694959030289	37.065307455373	4	1
12.0737847234434	36.8379374183382	4	1
11.8781887915527	36.6104683851776	4	1
11.6834723527055	36.3822459296839	4	1
11.4892721217445	36.1535843298438	4	1
11.2962708235318	35.9239096094543	4	1
11.1029754650906	35.6944845127343	4	1
10.9130229892621	35.462281961692	4	1
10.7236760481945	35.2295853185791	4	1
10.5345740626574	34.9966897229562	4	1
10.3447455155745	34.7643883741716	4	1
10.1582749017123	34.5293843208202	4	1
9.96787332069732	34.2975634298087	4	1
9.78543199819097	34.0594200934762	4	1
9.59766173002874	33.825455707142	4	1
9.41532123833261	33.5872340989773	4	1
9.22818385186154	33.3527639056159	4	1
9.04707100410996	33.1136025988904	4	1
8.86576708556917	32.8745863199923	4	1
8.68559121361424	32.6347183760729	4	1
8.50590083620012	32.3944865699359	4	1
8.32552875876405	32.1547662249867	4	1
8.1459722079672	31.9144345740588	4	1
7.96482913149455	31.6753021670257	4	1
7.77837325065865	31.4402883981705	4	1
7.59737361875851	31.2010414000455	4	1
7.41610739620343	30.9619963209779	4	1
7.2351818475455	30.7226935339972	4	1
7.05539281882749	30.4825355114383	4	1
6.87506498104629	30.2427818112801	4	1
6.69536060074294	30.0025603815866	4	1
6.51568153868369	29.762320119072	4	1
6.33523854348044	29.5226530085945	4	1
6.1546928515107	29.2830633098559	4	1
5.97471325318817	29.0430480133639	4	1
5.79460079919334	28.8031323954674	4	1
5.61453805772961	28.5631794645492	4	1
5.434502271006	28.3232063093025	4	1
5.25439149503139	28.0832894564665	4	1
5.07391058088788	27.843650896257	4	1
4.89339122485108	27.6040412952374	4	1
4.71251239162639	27.3647064094563	4	1
4.52748254473654	27.1285634324237	0	1
4.3447341474379	26.8906497703915	0	1
4.16279065825319	26.6521254210147	0	1
3.97546032078026	26.4178023173173	0	1
3.78880231384018	26.1829442273601	0	1
3.60419112364053	25.9464749654308	0	1
3.41622590790074	25.7126613269066	0	1
3.22672283440458	25.4800925255867	0	1
3.03920296444928	25.2459217010658	0	1
2.85348256171335	25.0103206064392	0	1
2.66711362002104	24.7752329329506	0	1
2.4827202122165	24.5385921429267	0	1
2.29667899490668	24.3032458469754	0	1
2.107833872643	24.0701418959146	0	1
1.91995070885917	23.8362627367433	0	1
1.73425055346791	23.6006455736569	0	1
1.54879755298478	23.3648338529279	0	1
1.36377361526888	23.1286852974495	0	1
1.17888722690162	22.8924290426338	0	1
0.993809504380349	22.6563227553848	0	1
0.809439129757183	22.4196638244633	0	1
0.624035433820638	22.1838134837847	0	1
0.439781492891726	21.947066047472	0	1
0.258993001609471	21.7076594833152	0	1
0.0786699124338583	21.4679021721811	0	1
-0.10128979805631	21.2278720396013	0	1
-0.281840985970983	20.988286518715	0	1
-0.461710976473653	20.7481890911296	0	1
-0.641948703949427	20.5083675825311	0	1
-0.822486107329131	20.2687717491337	0	1
-1.00417132239475	20.0300475274455	0	1
-1.18916599878379	19.7938796175165	0	1
-1.36993860840792	19.5544611411223	0	1
-1.5499231983558	19.3144495978995	0	1
-1.72968286574558	19.0742696088215	0	1
-1.91013455820415	18.8346094482807	0	1
-2.09226976375084	18.5962295048673	0	1
-2.27861328183722	18.3611209662244	0	1
-2.4642181949423	18.1254292374099	0	1
-2.65142302356581	17.8910063157892	0	1
-2.84012122991777	17.6577835449269	0	1
-3.02743280936248	17.4234494918553	0	1
-3.21062347290412	17.1858802433169	0	1
-3.39799760595412	16.9515984028985	0	1
-3.58025875774728	16.7133171705959	0	1
-3.76778946413497	16.4791556400654	0	1
-3.95285027847236	16.2430359814143	0	1
-4.13780072935289	16.0068298922516	0	1
-4.32309516874092	15.7708935744902	0	1
-4.50790911140089	15.5345806430883	0	1
-4.6928726183629	15.2983850431787	0	1
-4.87646653256232	15.0611249968824	0	1
-5.05698532373345	14.821514967986	0	1
-5.23756390397138	14.5819500423303	0	1
-5.41901456199943	14.343053142158	0	1
-5.60662941537875	14.1089579495419	0	1
-5.79308456735564	13.8739388493589	0	1
-5.97748287729007	13.637302659314	0	1
-6.16414587374826	13.4024481563579	0	1
-6.34925889328431	13.1663702142912	0	1
-6.53635481434307	12.931860183612	0	1
-6.72461971566107	12.6982875159397	0	1
-6.91157082682866	12.4636633790281	0	1
-7.09595265957371	12.2270152077791	0	1
-7.28330217323707	11.9927079401153	0	1
-7.46909482256483	11.7571637352903	0	1
-7.65566826381127	11.5222443427111	0	1
-7.84777678144831	11.2918224693126	0	1
-8.04080440103346	11.0621701863315	0	1
-8.23507875277106	10.8335712697458	0	1
-8.42972013496287	10.6052848746358	0	1
-8.62505933028231	10.3775951768586	0	1
-8.82077238440346	10.150232998563	0	1
-9.02117371726735	9.92699068178309	0	1
-9.21738508875547	9.70005346024811	0	1
-9.41587109944187	9.47510168129165	0	1
-9.61433137924712	9.25012736605813	0	1
-9.81346129890899	9.02574643407881	0	1
-10.0104765001841	8.79950595082103	0	1
-10.2059364228722	8.57192014460258	0	1
-10.4003437520532	8.34343432374374	0	1
-10.5943519382283	8.11460947529782	0	1
-10.7886887061853	7.88606359288387	0	1
-10.9829392403865	7.65744449913929	0	1
-11.1766504871644	7.42836837202674	0	1
-11.371227741373	7.20002722043877	0	1
-11.5663835413481	6.9721846746006	0	1
-11.7655970961744	6.74787741983087	0	1
-11.9636183868245	6.52251802395215	0	1
-12.1638953691999	6.29916169316115	0	1
-12.3613428895251	6.07330011233737	0	1
-12.5614860628929	5.84982510156567	0	1
-12.7578859361411	5.62304972855141	0	1
-12.9541699504648	5.39617928803696	0	1
-13.1546561670854	5.17301351911164	0	1
-13.3508800191839	4.94608728847545	0	1
-13.5495410263225	4.72129006194034	0	1
-13.7482980056513	4.49658026632604	0	1
-13.9441913385716	4.26937205733153	0	1
-14.144097193189	4.04568754422358	0	1
-14.3390593221347	3.81767489515871	0	1
-14.5339539460385	3.58960460201155	0	1
-14.7283435173927	3.36110365722746	0	1
-14.9224332283422	3.13234798857153	0	1
-15.1169671586225	2.90397004259789	0	1
-15.3107696613222	2.6749709464045	0	1
-15.5047842248607	2.44615152249553	0	1
-15.6991910362829	2.2176652618683	0	1
-15.8931281462435	1.98878027939047	0	1
-16.0863896282169	1.759324605741	0	1
-16.2801558682573	1.53030346152642	0	1
-16.4683432902416	1.29667461596266	0	1
-16.6617007778065	1.06729971441998	0	1
-16.8541738736266	0.837187658354062	0	1
-17.0419847371627	0.603249982988098	0	1
-17.2311873222183	0.370436322728831	0	1
-17.4189954634167	0.136496701837586	0	1
-17.605048787862	-0.0988416301203725	0	1
-17.7917378113313	-0.33367537310409	0	1
-17.9800856010247	-0.567181437190223	0	1
-18.1677574599143	-0.801229578214002	0	1
-18.3528883265789	-1.03729427538953	0	1
-18.5384042201535	-1.27305644015409	0	1
-18.7231765538044	-1.50940182968105	0	1
-18.9071960872333	-1.74633293623838	0	1
-19.0894958243553	-1.98458575809081	0	1
-19.2761216713074	-2.21946581962211	0	1
-19.4587339584834	-2.45747773918214	0	1
-19.6461750226667	-2.69170436534765	0	1
-19.8282742795506	-2.93010699002619	0	1
-20.0162233976186	-3.16393306672611	0	1
-20.2020015170421	-3.39948835518891	0	1
-20.3865624799185	-3.63599844873717	0	1
-20.5724845359915	-3.87144043268071	0	1
-20.7577863628927	-4.107370384427	0	1
-20.9443093041006	-4.34233012003008	0	1
-21.1255862926696	-4.58136704525143	0	1
-21.307124569631	-4.82019845014195	0	1
-21.4937438467063	-5.05508055520405	0	1
-21.6746773546599	-5.29437754643651	0	1
-21.8552715338032	-5.53393070109906	0	1
-22.0367383337777	-5.77281721985604	0	1
-22.2230078554365	-6.00797827692297	0	1
-22.4042330195345	-6.24705443765687	0	1
-22.5863130817416	-6.48547460502058	0	1
-22.7729347005415	-6.72035839902979	0	1
-22.9556923932485	-6.95826140363285	0	1
-23.142093907752	-7.19331984808391	0	1
-23.3242741216974	-7.43166899881523	0	1
-23.5061714176338	-7.67022689612707	0	1
-23.6936108591066	-7.90446276300473	0	1
-23.8810415166117	-8.13869950757012	0	1
-24.063870033288	-8.37654455524444	0	1
-24.2520100646479	-8.6102170443767	0	1
-24.4380951137278	-8.84553035437612	0	1
-24.6245641059682	-9.08052929622555	0	1
-24.8169929931506	-9.31067746481946	0	1
-25.0048115879791	-9.54460449841366	0	1
-25.19696723292	-9.7749871767102	0	1
-25.3884479508774	-10.0059294979977	0	1
-25.5777441355152	-10.2386615339475	0	1
-25.7717541721615	-10.4674848284871	0	1
-25.9657405128126	-10.6963264107208	0	1
-26.1624600863364	-10.9228229732483	0	1
-26.3613253769678	-11.1474371955849	0	1
-26.5575932256485	-11.37432364042	0	1
-26.7570759015459	-11.5983907857284	0	1
-26.9542734542574	-11.8244711014611	0	1
-27.1489328145067	-12.0527422701128	0	1
-27.3433868879636	-12.2811883079486	0	1
-27.5386514003754	-12.5089334928427	0	1
-27.7390370652663	-12.7321880585917	0	1
-27.9346453273915	-12.959646643268	0	1
-28.1305313708254	-13.1868614051813	0	1
-28.3301435413424	-13.4108097821695	0	1
-28.5256973616231	-13.6383150798569	0	1
-28.7207061431699	-13.8662877731247	0	1
-28.9160984266055	-14.093931669992	0	1
-29.1104944338003	-14.3224269762345	0	1
-29.3040815715796	-14.5516081492206	0	1
-29.4979086145901	-14.7805863959045	0	1
-29.6907250580892	-15.010406468324	0	1
-29.8778458223991	-15.2448901558585	0	1
-30.0697118697067	-15.4755075951151	0	1
-30.2570687390785	-15.7098003776307	0	1
-30.4502892298764	-15.9392907532976	0	1
-30.6432574849428	-16.1689932633501	0	1
-30.836569359863	-16.3984064322242	0	1
-31.0308438106147	-16.627005289029	0	1
-31.2251551572579	-16.8555727598969	0	1
-31.4192259037566	-17.0843443739746	0	1
-31.6142388199102	-17.3123132102472	0	1
-31.810743471396	-17.5389918404407	0	1
-32.0116091833636	-17.7618196405415	0	1
-32.2102224339798	-17.9866585979815	0	1
-32.4100628477724	-18.210407860391	0	1
-32.6092255799761	-18.4347603952436	0	1
-32.8095504426619	-18.658075430259	0	1
-33.0110439226929	-18.880327944093	0	1
-33.2073690756886	-19.1071588632805	0	1
-33.4093132827096	-19.3290112357418	0	1
-33.6120448227759	-19.5501437420929	0	1
-33.8163075345425	-19.7698634135492	0	1
-34.0204935443062	-19.989652204419	0	1
-34.2269724763594	-20.2072854410144	0	1
-34.429784398902	-20.4283402610223	0	1
-34.6364686681405	-20.6457835326744	0	1
-34.8436322721362	-20.8627702351757	0	1
-35.0501935041569	-21.0803249182079	0	1
-35.2530233828127	-21.301359500456	0	1
-35.4609836789183	-21.5175827937498	0	1
-35.6691389056797	-21.7336182326296	0	1
-35.8780221716001	-21.9489498385229	0	1
-36.0862050051929	-22.1649587930001	0	1
-36.2949074550234	-22.3804658399055	0	1
-36.5038530748793	-22.5957345047547	0	1
-36.7150311163122	-22.8088005945799	0	1
-36.9197117876134	-23.0281278584678	0	1
-37.1274984282308	-23.2445179815937	0	1
-37.3356956305848	-23.4605131675826	0	1
-37.5436737006067	-23.6767192609671	0	1
-37.7510814227143	-23.8934726615044	1	1
-37.9584495023182	-24.1102639866003	1	1
-38.1654321639227	-24.3274180481617	1	1
-38.3687509771604	-24.5480057835611	1	1
-38.5762282804266	-24.7646925797889	1	1
-38.7835648329086	-24.9815138557968	1	1
-38.9896662670779	-25.1994980537214	1	1
-39.1899853564983	-25.4228171030813	1	1
-39.3922697260455	-25.6443458669583	1	1
-39.5878520367346	-25.8718262044314	1	1
-39.7818677912314	-26.1006429912189	1	1
-39.9726519037169	-26.3321319044803	1	1
-40.1521337127814	-26.5725024062951	1	1
-40.3224946108874	-26.8194174661383	1	1
-40.4827480172661	-27.0730159161871	1	1
-40.6346055642682	-27.3317332759611	1	1
-40.7785703672757	-27.5948871549127	1	1
-40.9065785152089	-27.8662024974035	1	1
-41.0292825955609	-28.1399412141567	1	1
-41.1401199177718	-28.4186848574918	1	1
-41.2369556964372	-28.7026249936265	1	1
-41.3298898547315	-28.9878507294728	1	1
-41.4119557761707	-29.2764040479741	1	1
-41.4873322621145	-29.5667185837296	1	1
-41.5418397709666	-29.8617241411377	1	1
-41.5927119430614	-30.1573646683442	1	1
-41.63217265034	-30.4547312927497	1	1
-41.6566901152218	-30.7537095379279	1	1
-41.6693286592522	-31.0534415875203	1	1
-41.6771464951109	-31.3533013700616	1	1
-41.6683216934051	-31.6531705810043	1	1
-41.6608748875594	-31.9530439271895	1	1
-41.6371603233841	-32.2521015629704	1	1
-41.6076640036022	-32.5506385618066	1	1
-41.5695300317882	-32.8482017856951	1	1
-41.5265961284179	-33.1451136916374	1	1
-41.4826456365471	-33.4418539381686	1	1
-41.4253194033326	-33.73631548834	1	1
-41.359178316688	-34.0289304554381	1	1
-41.288418126969	-34.3204660282008	1	1
-41.2163826712511	-34.61166555805	1	1
-41.1318072602779	-34.8994969727329	1	1
-41.0453531753833	-35.1867486202383	1	1
-40.947164372824	-35.4702245343258	1	1
-40.8460547802203	-35.7526510712721	1	1
-40.7333979215565	-36.0306937065281	1	1
-40.6166481437961	-36.3069959544388	1	1
-40.4833088633807	-36.5757322678504	1	1
-40.3459663352445	-36.842444912985	1	1
-40.20422134579	-37.1068286739062	1	1
-40.0524044049495	-37.365562558799	1	1
-39.8920059312732	-37.619082415007	1	1
-39.7302582685288	-37.8717076359777	1	1
-39.5562934559071	-38.1161175906762	1	1
-39.3808854844458	-38.359450471021	1	1
-39.1923857413668	-38.5928230143869	1	1
-38.9977254821716	-38.8210916880319	1	1
-38.8003944851545	-39.0470515200166	1	1
-38.5982847804924	-39.2687339506475	1	1
-38.3883055026674	-39.4829788940139	1	1
-38.1719364582355	-39.6907810022599	1	1
-37.9591692957649	-39.9022696951716	1	1
-37.7427681742907	-40.1100409496172	1	1
-37.5291260697647	-40.3206467148721	1	1
-37.311859879785	-40.5275170644852	1	1
-37.0941585024604	-40.7339282946337	1	1
-36.8776582240031	-40.9415860805692	1	1
-36.6555480850149	-41.1432468687934	1	1
-36.4332390297502	-41.3446748507264	1	1
-36.2053470859389	-41.5397698821693	1	1
-35.9732061140723	-41.7297880008987	1	1
-35.7367544877321	-41.9144195031583	1	1
-35.4969327799322	-42.0946268949028	1	1
-35.2501986047122	-42.2652647633692	1	1
-34.9991109523275	-42.429442240412	1	1
-34.7459898204353	-42.5904436411243	1	1
-34.4875632956188	-42.7428037030156	1	1
-34.2261003119484	-42.8898451172254	1	1
-33.9581812717277	-43.0248223220055	1	1
-33.6888729508309	-43.1569895473754	1	1
-33.4160472391667	-43.2817247705784	1	1
-33.1392597768367	-43.3974011159161	1	1
-32.8588967490938	-43.5041514448346	1	1
-32.5771455123163	-43.6071566490893	1	1
-32.2922127694295	-43.7009094216723	1	1
-32.002373883238	-43.7782854043619	1	1
-31.7102812876293	-43.8466541087249	1	1
-31.4160916690857	-43.9053755040265	1	1
-31.1203979851968	-43.9557537671509	1	1
-30.822160941218	-43.9881461734848	1	1
-30.5231010019496	-44.0114152248107	1	1
-30.22319537539	-44.0181027932894	1	1
-29.9232755368025	-44.0121933608265	1	1
-29.6239193457426	-43.9929726194791	1	1
-29.3258878744001	-43.9589580445558	1	1
-29.0301107534446	-43.9089511256201	1	1
-28.7370609659809	-43.8449055041517	1	1
-28.4477941362854	-43.76545025319	1	1
-28.1620903316991	-43.6740321369359	1	1
-27.8808831530736	-43.5695373200294	1	1
-27.6020501656451	-43.4588630391971	1	1
-27.325770607571	-43.3419657912239	1	1
-27.0529078678488	-43.2173572872185	1	1
-26.7864701329615	-43.0794856566863	1	1
-26.5228143538262	-42.9363858690689	1	1
-26.2639181430517	-42.784821890652	0	1
-26.0073197578658	-42.6294296271248	0	1
-25.7567524612144	-42.4644698088233	0	1
-25.5101192421242	-42.2936730156068	0	1
-25.2655585299109	-42.1199665473997	0	1
-25.0289765722852	-41.935498180493	0	1
-24.7941482936466	-41.7488175655517	0	1
-24.5646880907157	-41.5555660283668	0	1
-24.3380942604686	-41.3589567975575	0	1
-24.1111640103764	-41.1627368692553	0	1
-23.8862168160345	-40.9642685519433	0	1
-23.6680328415816	-40.7583669773339	0	1
-23.4517001553192	-40.5505409929589	0	1
-23.242318692872	-40.3356962933081	0	1
-23.0358436186227	-40.1180606930254	0	1
-22.8333764292044	-39.8966853731257	0	1
-22.6316928728403	-39.6746119820847	0	1
-22.4366873616339	-39.4466372575042	0	1
-22.2431960246798	-39.2173751779625	0	1
-22.0501664720707	-38.9877361152229	0	1
-21.8625182718649	-38.7536779478297	0	1
-21.6695280382976	-38.523996334585	0	1
-21.4798927590269	-38.2915525804649	0	1
-21.2970920620188	-38.0536894613919	0	1
-21.1086427206034	-37.8202656353466	0	1
-20.9214040109818	-37.5858705320024	0	1
-20.7360276860653	-37.3499989476417	0	1
-20.5493530704133	-37.115153596827	0	1
-20.3614165895746	-36.8813163050287	0	1
-20.1740305750465	-36.6470474625741	0	1
-19.992198592541	-36.4084327337095	0	1
-19.8113855066551	-36.1690447911686	0	1
-19.6310958502367	-35.9292623068543	0	1
-19.4507897438368	-35.6894922085599	0	1
-19.2702575427669	-35.4498922836173	0	1
-19.0898472435046	-35.2102007434334	0	1
-18.9101416035269	-34.9699804205666	0	1
-18.7294359696914	-34.7305137993238	0	1
-18.5453997685025	-34.4936036125087	0	1
-18.3561488452193	-34.2608288543487	0	1
-18.1668979219416	-34.0280540961842	0	1
-17.9776469986225	-33.7952793380534	0	1
-17.788396075323	-33.5625045799066	0	1
-17.5991451520459	-33.3297298217417	0	1
-17.409894228739	-33.0969550636008	0	1
-17.2206433054549	-32.8641803054416	0	1
-17.0313923821788	-32.6314055472758	0	1
-16.8421414588721	-32.3986307891349	0	1
-16.6528905355879	-32.1658560309757	0	1
-16.4636396123118	-31.9330812728099	0	1
-16.2743886890051	-31.7003065146691	0	1
-16.085137765721	-31.4675317565097	0	1
-15.8958868424439	-31.2347569983448	0	1
-15.7066359191358	-31.001982240205	0	1
-15.5173849958408	-30.7692074820545	0	1
-15.3281340725484	-30.5364327239021	0	1
-15.1388831492414	-30.3036579657614	0	1
-14.9496322259587	-30.070883207601	0	1
-14.7603813026813	-29.8381084494362	0	1
-14.5711303793734	-29.6053336912963	0	1
-14.3818794560897	-29.3725589331367	0	1
-14.1926285328131	-29.1397841749713	0	1
-14.0033776095064	-28.9070094168305	0	1
-13.8141266862228	-28.6742346586707	0	1
-13.6248757629461	-28.4414599005054	0	1
-13.4356248396394	-28.2086851423646	0	1
-13.2463739163557	-27.9759103842049	0	1
-13.0571229930771	-27.7431356260412	0	1
-12.8678720697577	-27.5103608679105	0	1
-12.6786211464604	-27.277586109762	0	1
-12.4893702231826	-27.0448113515975	0	1
-12.3001192998757	-26.8120365934568	0	1
-12.1108683765934	-26.579261835296	0	1
-11.9216174533155	-26.3464870771317	0	1
-11.7323665300075	-26.1137123189917	0	1
-11.5431156067244	-25.8809375608317	0	1
-11.3538646834473	-25.6481628026667	0	1
-11.1646137601406	-25.4153880445258	0	1
-10.9753628368575	-25.1826132863656	0	1
-10.7861119135802	-24.9498385282008	0	1
-10.5968609902735	-24.7170637700599	0	1
-10.4076100669894	-24.4842890119006	0	1
-10.2183591436986	-24.2515142537467	0	1
-10.0291082203768	-24.018739495618	0	1
-9.83985729709504	-23.7859647374569	0	1
-9.65060637381671	-23.5531899792929	0	1
-9.46135545050985	-23.3204152211522	0	1
-9.27210452722815	-23.0876404629909	0	1
-9.08285360394974	-22.854865704827	0	1
-8.89360268064276	-22.6220909466863	0	1
-8.70435175736028	-22.3893161885258	0	1
-8.51510083408152	-22.1565414303621	0	1
-8.32584991077482	-21.9237666722212	0	1
-8.13659898749222	-21.6909919140607	0	1
-7.9473480642145	-21.4582171558962	0	1
-7.75809714090675	-21.2254423977562	0	1
-7.56884621761131	-20.9926676396061	0	1
-7.37959529431798	-20.7598928814543	0	1
-7.19034437101114	-20.5271181233135	0	1
-7.00109344772977	-20.294343365152	0	1
-6.81184252445098	-20.0615686069884	0	1
-6.62259160114416	-19.8287938488476	0	1
-6.4333406778629	-19.596019090686	0	1
-6.24408975458397	-19.3632443325225	0	1
-6.05483883127706	-19.1304695743817	0	1
-5.86558790799499	-18.8976948162208	0	1
-5.67633698471575	-18.6649200580576	0	1
-5.48708606140903	-18.4321452999167	0	1
-5.29783513812695	-18.1993705417558	0	1
-5.10858421484762	-17.9665957835926	0	1
-4.91933329152797	-17.7338210254623	0	1
-4.73008236823162	-17.501046267313	0	1
-4.54083144495324	-17.268271509149	0	1
-4.35158052164657	-17.035496751008	0	1
-4.16232959836458	-16.802721992847	0	1
-3.97307867508522	-16.5699472346839	0	1
-3.78382775177845	-16.337172476543	0	1
-3.59457682849767	-16.104397718381	0	1
-3.40532590521814	-15.871622960218	0	1
-3.21607498191144	-15.6388482020771	0	1
-3.02682405863076	-15.406073443915	0	1
-2.83757313535109	-15.1732986857521	0	1
-2.64832221204333	-14.9405239276121	0	1
-2.45907128876059	-14.7077491694517	0	1
-2.26982036546857	-14.4749744112988	0	1
-2.08056944214782	-14.2421996531693	0	1
-1.8913185188663	-14.009424895008	0	1
-1.70206759558742	-13.7766501368444	0	1
-1.51281667228077	-13.5438753787034	0	1
-1.32356574899926	-13.311100620542	0	1
-1.13431482571935	-13.0783258623793	0	1
-0.945063902412717	-12.8455511042383	0	1
-0.755812979132385	-12.612776346076	0	1
-0.566562055852369	-12.3800015879134	0	1
-0.377311132545711	-12.1472268297724	0	1
-0.1880602092655	-11.91445207161	0	1
0.00119071401477939	-11.6816773134476	0	1
0.190441637323645	-11.4489025553084	0	1
0.379692560618245	-11.2161277971576	0	1
0.5689434839114	-10.9833530390057	0	1
0.758194407217967	-10.7505782808647	0	1
0.947445330498984	-10.5178035227029	0	1
1.13669625377838	-10.2850287645398	0	1
1.32594717708499	-10.0522540063988	0	1
1.51519810036598	-9.81947924823699	0	1
1.70444902364642	-9.58670449007476	0	1
1.89369994695304	-9.35392973193374	0	1
2.08295087023291	-9.121154973771	0	1
2.27220179351348	-8.88838021560882	0	1
2.46145271682009	-8.6556054574678	0	1
2.65070364009982	-8.42283069930502	0	1
2.83995456338167	-8.1900559411439	0	1
3.02920548670201	-7.95728118301407	0	1
3.2184564099963	-7.72450642486302	0	1
3.40770733327718	-7.49173166670108	0	1
3.59695825658373	-7.25895690856009	0	1
3.78620917986427	-7.02618215039789	0	1
3.9754601031441	-6.79340739223511	0	1
4.05749999999898	-6.69250000000466	0	1
