-21.2970920620188	-38.0536894613919	0	1
-21.1086427206034	-37.8202656353466	0	1
-20.9214040109818	-37.5858705320024	0	1
-20.7360276860653	-37.3499989476417	0	1
-20.5493530704133	-37.115153596827	0	1
-20.3614165895746	-36.8813163050287	0	1
-20.1740305750465	-36.6470474625741	0	1
-19.992198592541	-36.4084327337095	0	1
-19.8113855066551	-36.1690447911686	0	1
-19.6310958502367	-35.9292623068543	0	1
-19.4507897438368	-35.6894922085599	0	1
-19.2677581587496	-35.4516810220017	0	1
-19.0847265736624	-35.2138698354435	0	1
-18.9016949885752	-34.9760586488854	0	1
-18.718663403488	-34.7382474623272	0	1
-18.5356318184008	-34.500436275769	0	1
-18.3526002333136	-34.2626250892108	0	1
-18.1695686482264	-34.0248139026526	0	1
-17.9865370631392	-33.7870027160945	0	1
-17.803505478052	-33.5491915295363	0	1
-17.6204738929648	-33.3113803429781	0	1
-17.4374423078776	-33.0735691564199	0	1
-17.2544107227904	-32.8357579698617	0	1
-17.0713791377032	-32.5979467833036	0	1
-16.888347552616	-32.3601355967454	0	1
-16.7053159675288	-32.1223244101872	0	1
-16.5222843824416	-31.884513223629	0	1
-16.3392527973544	-31.6467020370708	0	1
-16.1562212122672	-31.4088908505127	0	1
-15.97318962718	-31.1710796639545	0	1
-15.7901580420928	-30.9332684773963	0	1
-15.6071264570056	-30.6954572908381	0	1
-15.4240948719184	-30.4576461042799	0	1
-15.2410632868312	-30.2198349177218	0	1
-15.058031701744	-29.9820237311636	0	1
-14.8750001166568	-29.7442125446054	0	1
-14.6919685315696	-29.5064013580472	0	1
-14.5089369464824	-29.2685901714891	0	1
-14.3259053613952	-29.0307789849309	0	1
-14.142873776308	-28.7929677983727	0	1
-13.9598421912208	-28.5551566118145	0	1
-13.7768106061336	-28.3173454252563	0	1
-13.5937790210464	-28.0795342386982	0	1
-13.4107474359592	-27.84172305214	0	1
-13.227715850872	-27.6039118655818	0	1
-13.0446842657848	-27.3661006790236	0	1
-12.8616526806976	-27.1282894924654	0	1
-12.6786210956104	-26.8904783059073	0	1
-12.4955895105232	-26.6526671193491	0	1
-12.312557925436	-26.4148559327909	0	1
-12.1295263403488	-26.1770447462327	0	1
-11.9464947552616	-25.9392335596745	0	1
-11.7634631701744	-25.7014223731164	0	1
-11.5804315850872	-25.4636111865582	0	1
-11.3974	-25.2258	0	1
-11.2084759146341	-24.9927448170732	0	1
-11.0195518292683	-24.7596896341463	0	1
-10.8306277439024	-24.5266344512195	0	1
-10.6417036585366	-24.2935792682927	0	1
-10.4527795731707	-24.0605240853659	0	1
-10.2638554878049	-23.827468902439	0	1
-10.074931402439	-23.5944137195122	0	1
-9.88600731707317	-23.3613585365854	0	1
-9.69708323170732	-23.1283033536585	0	1
-9.50815914634146	-22.8952481707317	0	1
-9.31923506097561	-22.6621929878049	0	1
-9.13031097560976	-22.429137804878	0	1
-8.9413868902439	-22.1960826219512	0	1
-8.75246280487805	-21.9630274390244	0	1
-8.5635387195122	-21.7299722560976	0	1
-8.37461463414634	-21.4969170731707	0	1
-8.18569054878049	-21.2638618902439	0	1
-7.99676646341463	-21.0308067073171	0	1
-7.80784237804878	-20.7977515243902	0	1
-7.61891829268293	-20.5646963414634	0	1
-7.42999420731707	-20.3316411585366	0	1
-7.24107012195122	-20.0985859756098	0	1
-7.05214603658537	-19.8655307926829	0	1
-6.86322195121951	-19.6324756097561	0	1
-6.67429786585366	-19.3994204268293	0	1
-6.4853737804878	-19.1663652439024	0	1
-6.29644969512195	-18.9333100609756	0	1
-6.1075256097561	-18.7002548780488	0	1
-5.91860152439024	-18.467199695122	0	1
-5.72967743902439	-18.2341445121951	0	1
-5.54075335365854	-18.0010893292683	0	1
-5.35182926829268	-17.7680341463415	0	1
-5.16290518292683	-17.5349789634146	0	1
-4.97398109756098	-17.3019237804878	0	1
-4.78505701219512	-17.068868597561	0	1
-4.59613292682927	-16.8358134146341	0	1
-4.40720884146341	-16.6027582317073	0	1
-4.21828475609756	-16.3697030487805	0	1
-4.02936067073171	-16.1366478658537	0	1
-3.84043658536585	-15.9035926829268	0	1
-3.6515125	-15.6705375	0	1
-3.46258841463415	-15.4374823170732	0	1
-3.27366432926829	-15.2044271341463	0	1
-3.08474024390244	-14.9713719512195	0	1
-2.89581615853658	-14.7383167682927	0	1
-2.70689207317073	-14.5052615853659	0	1
-2.51796798780488	-14.272206402439	0	1
-2.32904390243902	-14.0391512195122	0	1
-2.14011981707317	-13.8060960365854	0	1
-1.95119573170732	-13.5730408536585	0	1
-1.76227164634146	-13.3399856707317	0	1
-1.57334756097561	-13.1069304878049	0	1
-1.38442347560976	-12.873875304878	0	1
-1.1954993902439	-12.6408201219512	0	1
-1.00657530487805	-12.4077649390244	0	1
-0.817651219512197	-12.1747097560976	0	1
-0.628727134146342	-11.9416545731707	0	1
-0.439803048780488	-11.7085993902439	0	1
-0.250878963414635	-11.4755442073171	0	1
-0.0619548780487804	-11.2424890243902	0	1
0.126969207317073	-11.0094338414634	0	1
0.315893292682926	-10.7763786585366	0	1
0.504817378048781	-10.5433234756098	0	1
0.693741463414634	-10.3102682926829	0	1
0.882665548780487	-10.0772131097561	0	1
1.07158963414634	-9.84415792682927	0	1
1.2605137195122	-9.61110274390244	0	1
1.44943780487805	-9.37804756097561	0	1
1.6383618902439	-9.14499237804878	0	1
1.82728597560975	-8.91193719512195	0	1
2.01621006097561	-8.67888201219512	0	1
2.20513414634146	-8.44582682926829	0	1
2.39405823170732	-8.21277164634146	0	1
2.58298231707317	-7.97971646341463	0	1
2.77190640243902	-7.74666128048781	0	1
2.96083048780488	-7.51360609756098	0	1
3.14975457317073	-7.28055091463415	0	1
3.33867865853659	-7.04749573170732	0	1
3.52760274390244	-6.81444054878049	0	1
3.71652682926829	-6.58138536585366	0	1
3.90545091463414	-6.34833018292683	0	1
4.094375	-6.115275	0	1
4.28329908536585	-5.88221981707317	0	1
4.47222317073171	-5.64916463414634	0	1
4.66114725609756	-5.41610945121951	0	1
4.85007134146341	-5.18305426829268	0	1
5.03899542682927	-4.94999908536585	0	1
5.22791951219512	-4.71694390243903	0	1
5.41684359756097	-4.4838887195122	0	1
5.60576768292683	-4.25083353658536	0	1
5.79469176829268	-4.01777835365854	0	1
5.98361585365854	-3.78472317073171	0	1
6.17253993902439	-3.55166798780488	0	1
6.36146402439024	-3.31861280487805	0	1
6.5503881097561	-3.08555762195122	0	1
6.73931219512195	-2.85250243902439	0	1
6.9282362804878	-2.61944725609756	0	1
7.11716036585366	-2.38639207317073	0	1
7.30608445121951	-2.1533368902439	0	1
7.49500853658536	-1.92028170731707	0	1
7.68393262195122	-1.68722652439024	0	1
7.87285670731707	-1.45417134146341	0	1
8.06178079268293	-1.22111615853659	0	1
8.25070487804878	-0.988060975609756	0	1
8.43962896341463	-0.75500579268293	0	1
8.62855304878049	-0.5219506097561	0	1
8.81747713414634	-0.288895426829267	0	1
9.00640121951219	-0.0558402439024412	0	1
9.19532530487805	0.177214939024388	0	1
9.3842493902439	0.410270121951218	0	1
9.57317347560975	0.643325304878047	0	1
9.76209756097561	0.876380487804877	0	1
9.95102164634146	1.10943567073171	0	1
10.1399457317073	1.34249085365854	0	1
10.3288698170732	1.57554603658537	0	1
10.517793902439	1.80860121951219	0	1
10.7067179878049	2.04165640243902	0	1
10.8956420731707	2.27471158536585	0	1
11.0845661585366	2.50776676829268	0	1
11.2734902439024	2.74082195121951	0	1
11.4624143292683	2.97387713414634	0	1
11.6513384146341	3.20693231707317	0	1
11.8402625	3.4399875	0	1
12.0291865853659	3.67304268292683	0	1
12.2181106707317	3.90609786585366	0	1
12.4070347560976	4.13915304878049	0	1
12.5959588414634	4.37220823170732	0	1
12.7848829268293	4.60526341463414	0	1
12.9738070121951	4.83831859756097	0	1
13.162731097561	5.0713737804878	0	1
13.3516551829268	5.30442896341464	0	1
13.5405792682927	5.53748414634147	0	1
13.7295033536585	5.77053932926829	0	1
13.9184274390244	6.00359451219512	0	1
14.1073515243902	6.23664969512195	0	1
14.2962756097561	6.46970487804878	0	1
14.4851996951219	6.70276006097561	0	1
14.6741237804878	6.93581524390244	0	1
14.8630478658537	7.16887042682927	0	1
15.0519719512195	7.4019256097561	0	1
15.2408960365854	7.63498079268292	0	1
15.4298201219512	7.86803597560975	0	1
15.6187442073171	8.10109115853658	0	1
15.8076682926829	8.33414634146342	0	1
15.9965923780488	8.56720152439024	0	1
16.1855164634146	8.80025670731708	0	1
16.3744405487805	9.0333118902439	0	1
16.5633646341463	9.26636707317073	0	1
16.7522887195122	9.49942225609756	0	1
16.941212804878	9.73247743902439	0	1
17.1301368902439	9.96553262195122	0	1
17.3190609756098	10.198587804878	0	1
17.5079850609756	10.4316429878049	0	1
17.6969091463415	10.6646981707317	0	1
17.8858332317073	10.8977533536585	0	1
18.0747573170732	11.1308085365854	0	1
18.263681402439	11.3638637195122	0	1
18.4526054878049	11.596918902439	0	1
18.6415295731707	11.8299740853658	0	1
18.8304536585366	12.0630292682927	0	1
19.0193777439024	12.2960844512195	0	1
19.2083018292683	12.5291396341463	0	1
19.3972259146341	12.7621948170732	0	1
19.58615	12.99525	0	1
19.7750740853659	13.2283051829268	0	1
19.9639981707317	13.4613603658537	0	1
20.1529222560976	13.6944155487805	0	1
20.3418463414634	13.9274707317073	0	1
20.5307704268293	14.1605259146341	0	1
20.7196945121951	14.393581097561	0	1
20.908618597561	14.6266362804878	0	1
21.0975426829268	14.8596914634146	0	1
21.2864667682927	15.0927466463415	0	1
21.4753908536585	15.3258018292683	0	1
21.6643149390244	15.5588570121951	0	1
21.8532390243902	15.7919121951219	0	1
22.0421631097561	16.0249673780488	0	1
22.231087195122	16.2580225609756	0	1
22.4200112804878	16.4910777439024	0	1
22.6089353658537	16.7241329268293	0	1
22.7978594512195	16.9571881097561	0	1
22.9867835365854	17.1902432926829	0	1
23.1757076219512	17.4232984756098	0	1
23.3646317073171	17.6563536585366	0	1
23.5535557926829	17.8894088414634	0	1
23.7424798780488	18.1224640243902	0	1
23.9314039634146	18.3555192073171	0	1
24.1203280487805	18.5885743902439	0	1
24.3092521341463	18.8216295731707	0	1
24.4981762195122	19.0546847560976	0	1
24.6871003048781	19.2877399390244	0	1
24.8760243902439	19.5207951219512	0	1
25.0649484756098	19.753850304878	0	1
25.2538725609756	19.9869054878049	0	1
25.4427966463415	20.2199606707317	0	1
25.6317207317073	20.4530158536585	0	1
25.8206448170732	20.6860710365854	0	1
26.009568902439	20.9191262195122	0	1
26.1984929878049	21.152181402439	0	1
26.3874170731707	21.3852365853659	0	1
26.5763411585366	21.6182917682927	0	1
26.7652652439024	21.8513469512195	0	1
26.9541893292683	22.0844021341463	0	1
27.1431134146342	22.3174573170732	0	1
27.3320375	22.5505125	0	1
27.5209615853659	22.7835676829268	0	1
27.7098856707317	23.0166228658537	0	1
27.8988097560976	23.2496780487805	0	1
28.0877338414634	23.4827332317073	0	1
28.2766579268293	23.7157884146341	0	1
28.4655820121951	23.948843597561	0	1
28.654506097561	24.1818987804878	0	1
28.8434301829268	24.4149539634146	0	1
29.0323542682927	24.6480091463415	0	1
29.2212783536585	24.8810643292683	0	1
29.4102024390244	25.1141195121951	0	1
29.5991265243902	25.3471746951219	0	1
29.7880506097561	25.5802298780488	0	1
29.976974695122	25.8132850609756	0	1
30.1658987804878	26.0463402439024	0	1
30.3548228658537	26.2793954268293	0	1
30.5437469512195	26.5124506097561	0	1
30.7326710365854	26.7455057926829	0	1
30.9215951219512	26.9785609756098	0	1
31.1105192073171	27.2116161585366	0	1
31.2994432926829	27.4446713414634	0	1
31.4883673780488	27.6777265243902	0	1
31.6772914634146	27.9107817073171	0	1
31.8662155487805	28.1438368902439	0	1
32.0551396341463	28.3768920731707	0	1
32.2440637195122	28.6099472560976	0	1
32.432987804878	28.8430024390244	0	1
32.6219118902439	29.0760576219512	0	1
32.8108359756098	29.309112804878	0	1
32.9997600609756	29.5421679878049	0	1
33.1886841463415	29.7752231707317	0	1
33.3776082317073	30.0082783536585	0	1
33.5665323170732	30.2413335365854	0	1
33.755456402439	30.4743887195122	0	1
33.9443804878049	30.707443902439	0	1
34.1333045731707	30.9404990853659	0	1
34.3222286585366	31.1735542682927	0	1
34.5111527439024	31.4066094512195	0	1
34.7000768292683	31.6396646341463	0	1
34.8890009146341	31.8727198170732	0	1
35.077925	32.105775	0	1
35.2668490853658	32.3388301829268	0	1
35.4557731707317	32.5718853658537	0	1
35.6446972560976	32.8049405487805	0	1
35.8336213414634	33.0379957317073	0	1
36.0225454268293	33.2710509146341	0	1
36.2114695121951	33.504106097561	0	1
36.400393597561	33.7371612804878	0	1
36.5893176829268	33.9702164634146	0	1
36.7782417682927	34.2032716463415	0	1
36.9671658536585	34.4363268292683	0	1
37.1560899390244	34.6693820121951	0	1
37.3450140243902	34.9024371951219	0	1
37.5339381097561	35.1354923780488	0	1
37.7228621951219	35.3685475609756	0	1
37.9117862804878	35.6016027439024	0	1
38.1007103658537	35.8346579268293	0	1
38.2896344512195	36.0677131097561	0	1
38.4785585365854	36.3007682926829	0	1
38.6674826219512	36.5338234756098	0	1
38.8564067073171	36.7668786585366	0	1
39.0453307926829	36.9999338414634	0	1
39.2342548780488	37.2329890243902	0	1
39.4231789634146	37.4660442073171	0	1
39.6121030487805	37.6990993902439	0	1
39.8010271341463	37.9321545731707	0	1
39.9899512195122	38.1652097560976	0	1
40.178875304878	38.3982649390244	0	1
40.3677993902439	38.6313201219512	0	1
40.5567234756098	38.864375304878	0	1
40.7456475609756	39.0974304878049	0	1
40.9345716463415	39.3304856707317	0	1
41.1234957317073	39.5635408536585	0	1
41.3124198170732	39.7965960365854	0	1
41.501343902439	40.0296512195122	0	1
41.6902679878049	40.262706402439	0	1
41.8791920731707	40.4957615853658	0	1
42.0681161585366	40.7288167682927	0	1
42.2570402439024	40.9618719512195	0	1
42.4459643292683	41.1949271341463	0	1
42.6348884146341	41.4279823170732	0	1
42.8238125	41.6610375	0	1
43.0127365853659	41.8940926829268	0	1
43.2016606707317	42.1271478658537	0	1
43.3905847560976	42.3602030487805	0	1
43.5795088414634	42.5932582317073	0	1
43.7684329268293	42.8263134146341	0	1
43.9573570121951	43.059368597561	0	1
44.146281097561	43.2924237804878	0	1
44.3352051829268	43.5254789634146	0	1
44.5241292682927	43.7585341463415	0	1
44.7130533536585	43.9915893292683	0	1
44.9019774390244	44.2246445121951	0	1
45.0909015243902	44.4576996951219	0	1
45.2798256097561	44.6907548780488	0	1
45.468749695122	44.9238100609756	0	1
45.6576737804878	45.1568652439024	0	1
45.8465978658537	45.3899204268293	0	1
46.0355219512195	45.6229756097561	0	1
46.2244460365854	45.8560307926829	0	1
46.4133701219512	46.0890859756098	0	1
46.6022942073171	46.3221411585366	0	1
46.7912182926829	46.5551963414634	0	1
46.9801423780488	46.7882515243902	0	1
47.1690664634146	47.0213067073171	0	1
47.3579905487805	47.2543618902439	0	1
47.5469146341463	47.4874170731707	0	1
47.7358387195122	47.7204722560976	0	1
47.924762804878	47.9535274390244	0	1
48.1136868902439	48.1865826219512	0	1
48.3026109756098	48.419637804878	0	1
48.4915350609756	48.6526929878049	0	1
48.6804591463415	48.8857481707317	0	1
48.8693832317073	49.1188033536585	0	1
49.0583073170732	49.3518585365854	0	1
49.247231402439	49.5849137195122	0	1
49.4361554878049	49.817968902439	0	1
49.6250795731707	50.0510240853658	0	1
49.8140036585366	50.2840792682927	0	1
50.0029277439024	50.5171344512195	0	1
50.1918518292683	50.7501896341463	0	1
50.3807759146341	50.9832448170732	0	1
50.5697	51.2163	4	1
50.7679830591515	51.4415942494898	4	1
50.966266118303	51.6668884989797	4	1
51.1645491774545	51.8921827484696	4	1
51.3628322366059	52.1174769979594	4	1
51.5611152957574	52.3427712474493	4	1
51.7593983549089	52.5680654969391	4	1
51.9576814140604	52.793359746429	4	1
52.1559644732119	53.0186539959188	4	1
52.3542475323634	53.2439482454087	4	1
52.5525305915149	53.4692424948985	4	1
52.7508136506664	53.6945367443884	4	1
52.9490967098178	53.9198309938782	4	1
53.1473797689693	54.1451252433681	4	1
53.3456628281208	54.3704194928579	4	1
53.5439458872723	54.5957137423478	4	1
53.7422289464238	54.8210079918376	4	1
53.9405120055753	55.0463022413275	4	1
54.1387950647268	55.2715964908173	4	1
54.3370781238782	55.4968907403072	4	1
54.5353611830297	55.722184989797	4	1
54.7336442421812	55.9474792392869	4	1
54.9319273013327	56.1727734887767	4	1
55.1302103604842	56.3980677382666	4	1
55.3284934196357	56.6233619877564	4	1
55.5267764787872	56.8486562372463	4	1
55.7250595379386	57.0739504867361	4	1
55.9233425970901	57.299244736226	4	1
56.1216256562416	57.5245389857158	4	1
56.3199087153931	57.7498332352057	4	1
56.5181917745446	57.9751274846955	4	1
56.7164748336961	58.2004217341854	4	1
56.9147578928476	58.4257159836752	4	1
57.1130409519991	58.6510102331651	4	1
57.3113240111505	58.8763044826549	4	1
57.509607070302	59.1015987321448	4	1
57.7078901294535	59.3268929816346	4	1
57.906173188605	59.5521872311245	4	1
58.0929333445671	59.7869627527172	4	1
58.2847625816993	60.0176157694885	4	1
58.472485965644	60.2516228302429	4	1
58.6639728602655	60.4825597469417	4	1
58.8508085665188	60.7172773847648	4	1
59.0387447792875	60.9511148874068	4	1
59.2267760200249	61.1848733445248	4	1
59.409450116355	61.4228422744086	4	1
59.5968367889465	61.6571181906391	4	1
59.7793635099355	61.8951996035873	4	1
59.9672020814639	62.1291120146206	4	1
60.1488694754917	62.3678495097897	0	1
60.3361545285771	62.6022066463859	0	1
60.5185751828583	62.8403695744828	0	1
60.7060445910756	63.0745787559646	0	1
60.8881080014076	63.3130151908794	0	1
61.0748824612763	63.5477792086751	0	1
61.2564395304675	63.786603292683	0	1
61.439518827739	64.0242620615165	0	1
61.6250412927666	64.2600166929015	0	1
61.8052919373339	64.4998285048048	0	1
61.9854765217142	64.7396895794821	0	1
62.1634723194973	64.9811787115264	0	1
62.3381030203466	65.2251114241269	0	1
62.5175401563211	65.4655325345324	1	1
62.6964892123947	65.7063132594815	1	1
62.8686651786177	65.9519866375261	1	1
63.0416900090641	66.1970629435117	1	1
63.2150869182616	66.4418726657109	1	1
63.3818310480201	66.6912630641145	1	1
63.5439144829841	66.9437086494573	1	1
63.7035102477434	67.1977265533348	1	1
63.8526022280319	67.4580558728338	1	1
63.9988899382588	67.7199625966516	1	1
64.1335985954298	67.9880175790019	1	1
64.2663533765158	68.25704126501	1	1
64.390508358073	68.5301393498343	1	1
64.5051548950193	68.8073674749427	1	1
64.6148299855053	69.0865957961057	1	1
64.7148128771982	69.3694402819053	1	1
64.8058699661885	69.6552828381917	1	1
64.8878398301877	69.9438672085479	1	1
64.9697596120806	70.2324586595032	1	1
65.0397338120769	70.5241709256187	1	1
65.0940323276398	70.8192160284033	1	1
65.1464100620865	71.1145914651737	1	1
65.1806922294186	71.4126262259869	1	1
65.2136743223703	71.7107869454285	1	1
65.2262580985253	72.0105162403832	1	1
65.2271379317268	72.3105109145369	1	1
65.2188534663547	72.6103919172276	1	1
65.2006041360132	72.9098193493912	1	1
65.1640723893631	73.2075816837982	1	1
65.1175175374841	73.5039417218243	1	1
65.0604265583691	73.7984515323102	1	1
64.9912627431643	74.0903646488314	1	1
64.9123512619368	74.379798336948	1	1
64.8272564020384	74.6674614903634	1	1
64.7262235931383	74.9499340461171	1	1
64.6182704563311	75.2298303703689	1	1
64.4996810930638	75.5053875322397	1	1
64.3699256126972	75.775866953493	1	1
64.2296378439403	76.0410311217029	1	1
64.0765462715777	76.2990283926114	1	1
63.9200440503624	76.5549454902745	1	1
63.746680044134	76.7997720152215	1	1
63.5633651867236	77.0372328707563	1	1
63.3680068692335	77.2648972423329	1	1
63.164539595032	77.4853534970962	1	1
62.9593231465971	77.7041550917679	1	1
62.7408373320909	77.9097321181884	1	1
62.5171165627348	78.1096021493372	1	1
62.2896036683784	78.3051292894415	1	1
62.0531847399653	78.4898075485781	1	1
61.8161807136973	78.673734371247	1	1
61.578755322146	78.8571169094145	1	1
61.340772558153	79.0397755625189	1	1
61.1023262252504	79.2218287010379	1	1
60.8637778766338	79.4037481461692	1	1
60.6253008565092	79.5857609825111	1	1
60.3862083202307	79.7669645999396	1	1
60.1472578646474	79.9483509435646	1	1
59.9042962636794	80.1243320513438	1	1
59.6629371905481	80.3025015026	1	1
59.4177865373764	80.4754196009598	1	1
59.1703943174781	80.645111933505	1	1
58.9191617759075	80.8090649390641	1	1
58.6642248726014	80.9671981873033	1	1
58.4063832938628	81.1205493568925	1	1
58.1455841283001	81.2688117729626	1	1
57.8811036813266	81.4104092621096	1	1
57.6152776315743	81.5494568072897	1	1
57.3457301224396	81.681144314988	1	1
57.0725037750847	81.8050207331562	1	1
56.7962015982176	81.9218760096776	1	1
56.5169781425497	82.0315532981625	1	1
56.2335718293012	82.1299401277304	1	1
55.9484200418199	82.2231048560391	1	1
55.6587556777379	82.3011544011975	1	1
55.3668370465899	82.3702767934944	1	1
55.07226259537	82.4270498373146	1	1
54.7761327739932	82.475046503663	1	1
54.4785604863534	82.5130631029545	1	1
54.17965851871	82.5386240278223	1	1
53.8800159038324	82.5530592109892	1	1
53.5800334214732	82.5543596650214	1	1
53.2804131246604	82.5396881650934	1	1
52.982265154848	82.5064979577661	1	1
52.6858896209632	82.4600978843162	1	1
52.3922660465281	82.3986047340387	1	1
52.1009638913806	82.3269358023343	1	1
51.8131955633122	82.2421761424206	1	1
51.5290471336072	82.1459706659396	1	1
51.2485097680908	82.0396876529606	1	1
50.9711811607006	81.9252963302645	1	1
50.6977286921852	81.8019233431743	1	1
50.4281208011729	81.6703749646675	1	1
50.1646685367733	81.5268922313609	1	1
49.907452641816	81.3725206448699	1	1
49.6588205165818	81.2046714676164	0	1
49.418939266888	81.0245194754552	0	1
49.1838445763624	80.8381661102134	0	1
48.9542291493401	80.6450954839896	0	1
48.7270546457168	80.4491620201003	0	1
48.5045574048947	80.2479354507747	0	1
48.2876985540036	80.0406388074659	0	1
48.0690174752063	79.8352681763211	0	1
47.8546196069245	79.6254275099459	0	1
47.6425268112304	79.4132563222577	0	1
47.429921220755	79.201600617553	0	1
47.2203508670428	78.98693774096	0	1
47.0119667428553	78.7711229218175	0	1
46.8030912575891	78.5557836161984	0	1
46.594730196828	78.3399471503634	0	1
46.3882558481081	78.1223045347523	0	1
46.1813591358341	77.9050697332476	0	1
45.9805593294391	77.6821811599824	0	1
45.7809316526908	77.4582430317231	0	1
45.5789367405207	77.2364416761245	0	1
45.3822114372777	77.0099516599973	0	1
45.1810324473024	76.7874054636044	0	1
44.9784777368655	76.5661167268022	0	1
44.7819185669976	76.3394826997783	0	1
44.5810513766936	76.1166577677888	0	1
44.3843716310655	75.8901275305382	0	1
44.1840245479767	75.6668359522638	0	1
43.9887519038284	75.4390891916199	0	1
43.7936001047203	75.2112424576517	0	1
43.5938284026602	74.9874321573116	0	1
43.3956280085677	74.7622299974799	0	1
43.1947291382614	74.539431105818	0	1
42.9957391037593	74.3149253936522	0	1
42.7952417038592	74.0917655180513	0	1
42.5923649667051	73.870765695089	0	1
42.3907241020921	73.648637882662	0	1
42.1907119815065	73.4250421163191	0	1
41.9918965574558	73.2003835043315	0	1
41.7965987224637	72.9726584081522	0	1
41.6019969717955	72.744338111247	0	1
41.4075132401337	72.5159173278789	0	1
41.2135638025832	72.2870427264461	0	1
41.0189691291961	72.058716408328	0	1
40.8245076687007	71.8302782762961	0	1
40.6268519010597	71.6045967661756	0	1
40.4285359253265	71.3794976106262	0	1
40.2340338468414	71.1510925459289	0	1
40.0386085139979	70.9234768143987	0	1
39.8434665043587	70.6956217296059	0	1
39.643899304227	70.4716320770309	0	1
39.4488659371737	70.243680501395	0	1
39.2549353670332	70.0147925307996	0	1
39.06498180052	69.7825913933646	0	1
38.8730710712637	69.5520046954731	0	1
38.680425355083	69.3220318319944	0	1
38.489135692065	69.0909312587055	0	1
38.3009790701732	68.8572724854509	0	1
38.1099326663941	68.625969859295	0	1
37.9209369325737	68.3929900683482	0	1
37.7284440465618	68.1628922379102	0	1
37.5402204938708	67.9292880873907	0	1
37.3486251309716	67.6984446720893	0	1
37.1629067611871	67.4628421099936	0	1
36.9783948323191	67.2262936687783	0	1
36.7922329664395	66.9910415342448	0	1
36.6047103694522	66.7568767514531	0	1
36.4222977960612	66.5187101683307	0	1
36.234257557314	66.2849563213816	0	1
36.0461652575978	66.0512496202993	0	1
35.8635570018373	65.8132329616481	0	1
35.6755061365081	65.5794883687937	0	1
35.4895786912191	65.3440505270868	0	1
35.3038645441141	65.1084452440896	0	1
35.1158397863243	64.8746789288773	0	1
34.9280151222374	64.640756976772	0	1
34.7456008401812	64.4025904099275	0	1
34.5586620772184	64.1679586187715	0	1
34.3763796423217	63.9296915103514	0	1
34.1893633497605	63.6951225373992	0	1
34.0078560611572	63.4562604449566	0	1
33.8264073357316	63.2173566575355	0	1
33.6407283325322	62.9817228563805	0	1
33.4545015909891	62.746521812366	0	1
33.2672457269687	62.5121396423805	0	1
33.0782969211974	62.2791197675665	0	1
32.8905416326558	62.0451385487981	0	1
32.7058222605236	61.8087517739162	0	1
32.5205096395288	61.5728318431255	0	1
32.338847249691	61.3340877325108	0	1
32.1575032801332	61.0951063390266	0	1
31.9710050400992	60.8601241540581	0	1
31.7890055928725	60.6216420083912	0	1
31.6017115218877	60.387296872238	0	1
31.420894633508	60.1479117166951	0	1
31.2401935695446	59.908439418508	0	1
31.0608623107871	59.6679393158576	0	1
30.8817455583278	59.4272842480737	0	1
30.707948729598	59.1827591239074	0	1
30.5288141018169	58.9421125319834	0	1
30.349448351367	58.7016382337975	0	1
30.1693192752704	58.4617352286096	0	1
29.9880620616182	58.2226864619607	0	1
29.8023968532964	57.987041767574	0	1
29.6161291229309	57.7518785389816	0	1
29.4244478961244	57.5211040547237	0	1
29.2367376735413	57.287088482984	0	1
29.044899125723	57.0564462082846	0	1
28.8580703634965	56.8217231367723	0	1
28.6700381306803	56.5879641021452	0	1
28.4795010409346	56.3562429792281	0	1
28.2922568104383	56.1218513478623	0	1
28.1036483659242	55.8885557859763	0	1
27.9158081173872	55.6546420956876	0	1
27.7302168280807	55.4189392002789	0	1
27.5442361146252	55.1835438924962	0	1
27.3598187823935	54.9469217922308	0	1
27.1736096146399	54.7117077391324	0	1
26.9849763637792	54.4784321592682	0	1
26.7962050914876	54.2452714958813	0	1
26.6034862549595	54.0153635018239	0	1
26.4150693912051	53.7819163756028	0	1
26.2224480319908	53.5519228738372	0	1
26.0296601837664	53.322069115065	0	1
25.8361311104645	53.0928451263713	0	1
25.6480516597969	52.8591287122914	0	1
25.4542908114971	52.6300945498539	0	1
25.259575783056	52.4018709068816	0	1
25.0654114398476	52.173178522851	0	1
24.8713519229186	51.9443971975343	0	1
24.6770232655541	51.7158445980883	0	1
24.4836577998964	51.4864763427533	0	1
24.2903348163324	51.2570722807827	0	1
24.097295968811	51.0274324574504	0	1
23.9083426066129	50.7944173942453	0	1
23.7166634227734	50.5636385615139	0	1
23.5236803103188	50.3339538511083	0	1
23.3357338820255	50.1001293445645	0	1
23.1427536527961	49.8704369302667	0	1
22.9502557600289	49.6403403151656	0	1
22.7569189677768	49.4109528898154	0	1
22.5684482256977	49.1775501366086	0	1
22.3752743318088	48.9480205244684	0	1
22.1818713841344	48.718683904514	0	1
21.988060221648	48.4896921307816	0	1
21.794147514547	48.260786338923	0	1
21.6002984158962	48.0318279989333	0	1
21.4090703737702	47.8006747394845	0	1
21.21800174263	47.5693905627199	0	1
21.0247352949724	47.339939149821	0	1
20.8303165356341	47.1114631378637	0	1
20.6366623041796	46.8823387183197	0	1
20.4423609656396	46.6537627189618	0	1
20.2481610753088	46.425100771304	0	1
20.0527054521489	46.1975121875235	0	1
19.8549229174602	45.9719421051339	0	1
19.6587230906859	45.7449942109754	0	1
19.4645934118741	45.5162796700644	0	1
19.2762706229283	45.2827590267062	0	1
19.0825639125682	45.0536790046052	0	1
18.8896022548719	44.8239709699762	0	1
18.6964819721557	44.5944015968769	0	1
18.5083335177359	44.3607398023205	0	1
18.3151076522052	44.131253946892	0	1
18.1221447718717	43.901546916601	0	1
17.9291891298621	43.6718393316311	0	1
17.7412909296001	43.4379762643642	0	1
17.5482524631034	43.2083328710846	0	1
17.3543965198683	42.9793790070506	0	1
17.160625742372	42.7503531626471	0	1
16.9661626865717	42.5219147952916	0	1
16.7722712276463	42.292991030141	0	1
16.5780481139955	42.0643486064773	0	1
16.3844708839597	41.8351602716475	0	1
16.193355227725	41.6039141079062	0	1
16.0015098442852	41.3732786743985	0	1
15.8043496671942	41.1471639665779	0	1
15.6074638022495	40.9208108522511	0	1
15.4121509043005	40.6930987080889	0	1
15.217555013255	40.4647734436571	0	1
15.0226713754935	40.2366941563113	0	1
14.8292403770385	40.007381226056	0	1
14.6352307685777	39.7785575934565	0	1
14.4407762332	39.5501119291264	0	1
14.2459668588337	39.3219687565724	0	1
14.0512367229502	39.0937579503991	0	1
13.8563612039333	38.8656774643227	0	1
13.6563399278531	38.642094979359	0	1
13.4610954632557	38.4143259176725	0	1
13.2627782807835	38.1892258806219	0	1
13.0629406277184	37.9654752913827	0	1
12.8653999040256	37.7396945373811	0	1
12.6654283971303	37.5160672213011	0	1
12.4699366669262	37.2885143131737	4	1
12.2694959030289	37.065307455373	4	1
12.0737847234434	36.8379374183382	4	1
11.8781887915527	36.6104683851776	4	1
11.6834723527055	36.3822459296839	4	1
11.4892721217445	36.1535843298438	4	1
11.2962708235318	35.9239096094543	4	1
11.1029754650906	35.6944845127343	4	1
10.9130229892621	35.462281961692	4	1
10.7236760481945	35.2295853185791	4	1
10.5345740626574	34.9966897229562	4	1
10.3447455155745	34.7643883741716	4	1
10.1582749017123	34.5293843208202	4	1
9.96787332069732	34.2975634298087	4	1
9.78543199819097	34.0594200934762	4	1
9.59766173002874	33.825455707142	4	1
9.41532123833261	33.5872340989773	4	1
9.22818385186154	33.3527639056159	4	1
9.04707100410996	33.1136025988904	4	1
8.86576708556917	32.8745863199923	4	1
8.68559121361424	32.6347183760729	4	1
8.50590083620012	32.3944865699359	4	1
8.32552875876405	32.1547662249867	4	1
8.1459722079672	31.9144345740588	4	1
7.96482913149455	31.6753021670257	4	1
7.77837325065865	31.4402883981705	4	1
7.59737361875851	31.2010414000455	4	1
7.41610739620343	30.9619963209779	4	1
7.2351818475455	30.7226935339972	4	1
7.05539281882749	30.4825355114383	4	1
6.87506498104629	30.2427818112801	4	1
6.69536060074294	30.0025603815866	4	1
6.51568153868369	29.762320119072	4	1
6.33523854348044	29.5226530085945	4	1
6.1546928515107	29.2830633098559	4	1
5.97471325318817	29.0430480133639	4	1
5.79460079919334	28.8031323954674	4	1
5.61453805772961	28.5631794645492	4	1
5.434502271006	28.3232063093025	4	1
5.25439149503139	28.0832894564665	4	1
5.07391058088788	27.843650896257	4	1
4.89339122485108	27.6040412952374	4	1
4.71251239162639	27.3647064094563	4	1
4.52748254473654	27.1285634324237	0	1
4.3447341474379	26.8906497703915	0	1
4.16279065825319	26.6521254210147	0	1
3.97546032078026	26.4178023173173	0	1
3.78880231384018	26.1829442273601	0	1
3.60419112364053	25.9464749654308	0	1
3.41622590790074	25.7126613269066	0	1
3.22672283440458	25.4800925255867	0	1
3.03920296444928	25.2459217010658	0	1
2.85348256171335	25.0103206064392	0	1
2.66711362002104	24.7752329329506	0	1
2.4827202122165	24.5385921429267	0	1
2.29667899490668	24.3032458469754	0	1
2.107833872643	24.0701418959146	0	1
1.91995070885917	23.8362627367433	0	1
1.73425055346791	23.6006455736569	0	1
1.54879755298478	23.3648338529279	0	1
1.36377361526888	23.1286852974495	0	1
1.17888722690162	22.8924290426338	0	1
0.993809504380349	22.6563227553848	0	1
0.809439129757183	22.4196638244633	0	1
0.624035433820638	22.1838134837847	0	1
0.439781492891726	21.947066047472	0	1
0.258993001609471	21.7076594833152	0	1
0.0786699124338583	21.4679021721811	0	1
-0.10128979805631	21.2278720396013	0	1
-0.281840985970983	20.988286518715	0	1
-0.461710976473653	20.7481890911296	0	1
-0.641948703949427	20.5083675825311	0	1
-0.822486107329131	20.2687717491337	0	1
-1.00417132239475	20.0300475274455	0	1
-1.18916599878379	19.7938796175165	0	1
-1.36993860840792	19.5544611411223	0	1
-1.5499231983558	19.3144495978995	0	1
-1.72968286574558	19.0742696088215	0	1
-1.91013455820415	18.8346094482807	0	1
-2.09226976375084	18.5962295048673	0	1
-2.27861328183722	18.3611209662244	0	1
-2.4642181949423	18.1254292374099	0	1
-2.65142302356581	17.8910063157892	0	1
-2.84012122991777	17.6577835449269	0	1
-3.02743280936248	17.4234494918553	0	1
-3.21062347290412	17.1858802433169	0	1
-3.39799760595412	16.9515984028985	0	1
-3.58025875774728	16.7133171705959	0	1
-3.76778946413497	16.4791556400654	0	1
-3.95285027847236	16.2430359814143	0	1
-4.13780072935289	16.0068298922516	0	1
-4.32309516874092	15.7708935744902	0	1
-4.50790911140089	15.5345806430883	0	1
-4.6928726183629	15.2983850431787	0	1
-4.87646653256232	15.0611249968824	0	1
-5.05698532373345	14.821514967986	0	1
-5.23756390397138	14.5819500423303	0	1
-5.41901456199943	14.343053142158	0	1
-5.60662941537875	14.1089579495419	0	1
-5.79308456735564	13.8739388493589	0	1
-5.97748287729007	13.637302659314	0	1
-6.16414587374826	13.4024481563579	0	1
-6.34925889328431	13.1663702142912	0	1
-6.53635481434307	12.931860183612	0	1
-6.72461971566107	12.6982875159397	0	1
-6.91157082682866	12.4636633790281	0	1
-7.09595265957371	12.2270152077791	0	1
-7.28330217323707	11.9927079401153	0	1
-7.46909482256483	11.7571637352903	0	1
-7.65566826381127	11.5222443427111	0	1
-7.84777678144831	11.2918224693126	0	1
-8.04080440103346	11.0621701863315	0	1
-8.23507875277106	10.8335712697458	0	1
-8.42972013496287	10.6052848746358	0	1
-8.62505933028231	10.3775951768586	0	1
-8.82077238440346	10.150232998563	0	1
-9.02117371726735	9.92699068178309	0	1
-9.21738508875547	9.70005346024811	0	1
-9.41587109944187	9.47510168129165	0	1
-9.61433137924712	9.25012736605813	0	1
-9.81346129890899	9.02574643407881	0	1
-10.0104765001841	8.79950595082103	0	1
-10.2059364228722	8.57192014460258	0	1
-10.4003437520532	8.34343432374374	0	1
-10.5943519382283	8.11460947529782	0	1
-10.7886887061853	7.88606359288387	0	1
-10.9829392403865	7.65744449913929	0	1
-11.1766504871644	7.42836837202674	0	1
-11.371227741373	7.20002722043877	0	1
-11.5663835413481	6.9721846746006	0	1
-11.7655970961744	6.74787741983087	0	1
-11.9636183868245	6.52251802395215	0	1
-12.1638953691999	6.29916169316115	0	1
-12.3613428895251	6.07330011233737	0	1
-12.5614860628929	5.84982510156567	0	1
-12.7578859361411	5.62304972855141	0	1
-12.9541699504648	5.39617928803696	0	1
-13.1546561670854	5.17301351911164	0	1
-13.3508800191839	4.94608728847545	0	1
-13.5495410263225	4.72129006194034	0	1
-13.7482980056513	4.49658026632604	0	1
-13.9441913385716	4.26937205733153	0	1
-14.144097193189	4.04568754422358	0	1
-14.3390593221347	3.81767489515871	0	1
-14.5339539460385	3.58960460201155	0	1
-14.7283435173927	3.36110365722746	0	1
-14.9224332283422	3.13234798857153	0	1
-15.1169671586225	2.90397004259789	0	1
-15.3107696613222	2.6749709464045	0	1
-15.5047842248607	2.44615152249553	0	1
-15.6991910362829	2.2176652618683	0	1
-15.8931281462435	1.98878027939047	0	1
-16.0863896282169	1.759324605741	0	1
-16.2801558682573	1.53030346152642	0	1
-16.4683432902416	1.29667461596266	0	1
-16.6617007778065	1.06729971441998	0	1
-16.8541738736266	0.837187658354062	0	1
-17.0419847371627	0.603249982988098	0	1
-17.2311873222183	0.370436322728831	0	1
-17.4189954634167	0.136496701837586	0	1
-17.605048787862	-0.0988416301203725	0	1
-17.7917378113313	-0.33367537310409	0	1
-17.9800856010247	-0.567181437190223	0	1
-18.1677574599143	-0.801229578214002	0	1
-18.3528883265789	-1.03729427538953	0	1
-18.5384042201535	-1.27305644015409	0	1
-18.7231765538044	-1.50940182968105	0	1
-18.9071960872333	-1.74633293623838	0	1
-19.0894958243553	-1.98458575809081	0	1
-19.2761216713074	-2.21946581962211	0	1
-19.4587339584834	-2.45747773918214	0	1
-19.6461750226667	-2.69170436534765	0	1
-19.8282742795506	-2.93010699002619	0	1
-20.0162233976186	-3.16393306672611	0	1
-20.2020015170421	-3.39948835518891	0	1
-20.3865624799185	-3.63599844873717	0	1
-20.5724845359915	-3.87144043268071	0	1
-20.7577863628927	-4.107370384427	0	1
-20.9443093041006	-4.34233012003008	0	1
-21.1255862926696	-4.58136704525143	0	1
-21.307124569631	-4.82019845014195	0	1
-21.4937438467063	-5.05508055520405	0	1
-21.6746773546599	-5.29437754643651	0	1
-21.8552715338032	-5.53393070109906	0	1
-22.0367383337777	-5.77281721985604	0	1
-22.2230078554365	-6.00797827692297	0	1
-22.4042330195345	-6.24705443765687	0	1
-22.5863130817416	-6.48547460502058	0	1
-22.7729347005415	-6.72035839902979	0	1
-22.9556923932485	-6.95826140363285	0	1
-23.142093907752	-7.19331984808391	0	1
-23.3242741216974	-7.43166899881523	0	1
-23.5061714176338	-7.67022689612707	0	1
-23.6936108591066	-7.90446276300473	0	1
-23.8810415166117	-8.13869950757012	0	1
-24.063870033288	-8.37654455524444	0	1
-24.2520100646479	-8.6102170443767	0	1
-24.4380951137278	-8.84553035437612	0	1
-24.6245641059682	-9.08052929622555	0	1
-24.8169929931506	-9.31067746481946	0	1
-25.0048115879791	-9.54460449841366	0	1
-25.19696723292	-9.7749871767102	0	1
-25.3884479508774	-10.0059294979977	0	1
-25.5777441355152	-10.2386615339475	0	1
-25.7717541721615	-10.4674848284871	0	1
-25.9657405128126	-10.6963264107208	0	1
-26.1624600863364	-10.9228229732483	0	1
-26.3613253769678	-11.1474371955849	0	1
-26.5575932256485	-11.37432364042	0	1
-26.7570759015459	-11.5983907857284	0	1
-26.9542734542574	-11.8244711014611	0	1
-27.1489328145067	-12.0527422701128	0	1
-27.3433868879636	-12.2811883079486	0	1
-27.5386514003754	-12.5089334928427	0	1
-27.7390370652663	-12.7321880585917	0	1
-27.9346453273915	-12.959646643268	0	1
-28.1305313708254	-13.1868614051813	0	1
-28.3301435413424	-13.4108097821695	0	1
-28.5256973616231	-13.6383150798569	0	1
-28.7207061431699	-13.8662877731247	0	1
-28.9160984266055	-14.093931669992	0	1
-29.1104944338003	-14.3224269762345	0	1
-29.3040815715796	-14.5516081492206	0	1
-29.4979086145901	-14.7805863959045	0	1
-29.6907250580892	-15.010406468324	0	1
-29.8778458223991	-15.2448901558585	0	1
-30.0697118697067	-15.4755075951151	0	1
-30.2570687390785	-15.7098003776307	0	1
-30.4502892298764	-15.9392907532976	0	1
-30.6432574849428	-16.1689932633501	0	1
-30.836569359863	-16.3984064322242	0	1
-31.0308438106147	-16.627005289029	0	1
-31.2251551572579	-16.8555727598969	0	1
-31.4192259037566	-17.0843443739746	0	1
-31.6142388199102	-17.3123132102472	0	1
-31.810743471396	-17.5389918404407	0	1
-32.0116091833636	-17.7618196405415	0	1
-32.2102224339798	-17.9866585979815	0	1
-32.4100628477724	-18.210407860391	0	1
-32.6092255799761	-18.4347603952436	0	1
-32.8095504426619	-18.658075430259	0	1
-33.0110439226929	-18.880327944093	0	1
-33.2073690756886	-19.1071588632805	0	1
-33.4093132827096	-19.3290112357418	0	1
-33.6120448227759	-19.5501437420929	0	1
-33.8163075345425	-19.7698634135492	0	1
-34.0204935443062	-19.989652204419	0	1
-34.2269724763594	-20.2072854410144	0	1
-34.429784398902	-20.4283402610223	0	1
-34.6364686681405	-20.6457835326744	0	1
-34.8436322721362	-20.8627702351757	0	1
-35.0501935041569	-21.0803249182079	0	1
-35.2530233828127	-21.301359500456	0	1
-35.4609836789183	-21.5175827937498	0	1
-35.6691389056797	-21.7336182326296	0	1
-35.8780221716001	-21.9489498385229	0	1
-36.0862050051929	-22.1649587930001	0	1
-36.2949074550234	-22.3804658399055	0	1
-36.5038530748793	-22.5957345047547	0	1
-36.7150311163122	-22.8088005945799	0	1
-36.9197117876134	-23.0281278584678	0	1
-37.1274984282308	-23.2445179815937	0	1
-37.3356956305848	-23.4605131675826	0	1
-37.5436737006067	-23.6767192609671	0	1
-37.7510814227143	-23.8934726615044	1	1
-37.9584495023182	-24.1102639866003	1	1
-38.1654321639227	-24.3274180481617	1	1
-38.3687509771604	-24.5480057835611	1	1
-38.5762282804266	-24.7646925797889	1	1
-38.7835648329086	-24.9815138557968	1	1
-38.9896662670779	-25.1994980537214	1	1
-39.1899853564983	-25.4228171030813	1	1
-39.3922697260455	-25.6443458669583	1	1
-39.5878520367346	-25.8718262044314	1	1
-39.7818677912314	-26.1006429912189	1	1
-39.9726519037169	-26.3321319044803	1	1
-40.1521337127814	-26.5725024062951	1	1
-40.3224946108874	-26.8194174661383	1	1
-40.4827480172661	-27.0730159161871	1	1
-40.6346055642682	-27.3317332759611	1	1
-40.7785703672757	-27.5948871549127	1	1
-40.9065785152089	-27.8662024974035	1	1
-41.0292825955609	-28.1399412141567	1	1
-41.1401199177718	-28.4186848574918	1	1
-41.2369556964372	-28.7026249936265	1	1
-41.3298898547315	-28.9878507294728	1	1
-41.4119557761707	-29.2764040479741	1	1
-41.4873322621145	-29.5667185837296	1	1
-41.5418397709666	-29.8617241411377	1	1
-41.5927119430614	-30.1573646683442	1	1
-41.63217265034	-30.4547312927497	1	1
-41.6566901152218	-30.7537095379279	1	1
-41.6693286592522	-31.0534415875203	1	1
-41.6771464951109	-31.3533013700616	1	1
-41.6683216934051	-31.6531705810043	1	1
-41.6608748875594	-31.9530439271895	1	1
-41.6371603233841	-32.2521015629704	1	1
-41.6076640036022	-32.5506385618066	1	1
-41.5695300317882	-32.8482017856951	1	1
-41.5265961284179	-33.1451136916374	1	1
-41.4826456365471	-33.4418539381686	1	1
-41.4253194033326	-33.73631548834	1	1
-41.359178316688	-34.0289304554381	1	1
-41.288418126969	-34.3204660282008	1	1
-41.2163826712511	-34.61166555805	1	1
-41.1318072602779	-34.8994969727329	1	1
-41.0453531753833	-35.1867486202383	1	1
-40.947164372824	-35.4702245343258	1	1
-40.8460547802203	-35.7526510712721	1	1
-40.7333979215565	-36.0306937065281	1	1
-40.6166481437961	-36.3069959544388	1	1
-40.4833088633807	-36.5757322678504	1	1
-40.3459663352445	-36.842444912985	1	1
-40.20422134579	-37.1068286739062	1	1
-40.0524044049495	-37.365562558799	1	1
-39.8920059312732	-37.619082415007	1	1
-39.7302582685288	-37.8717076359777	1	1
-39.5562934559071	-38.1161175906762	1	1
-39.3808854844458	-38.359450471021	1	1
-39.1923857413668	-38.5928230143869	1	1
-38.9977254821716	-38.8210916880319	1	1
-38.8003944851545	-39.0470515200166	1	1
-38.5982847804924	-39.2687339506475	1	1
-38.3883055026674	-39.4829788940139	1	1
-38.1719364582355	-39.6907810022599	1	1
-37.9591692957649	-39.9022696951716	1	1
-37.7427681742907	-40.1100409496172	1	1
-37.5291260697647	-40.3206467148721	1	1
-37.311859879785	-40.5275170644852	1	1
-37.0941585024604	-40.7339282946337	1	1
-36.8776582240031	-40.9415860805692	1	1
-36.6555480850149	-41.1432468687934	1	1
-36.4332390297502	-41.3446748507264	1	1
-36.2053470859389	-41.5397698821693	1	1
-35.9732061140723	-41.7297880008987	1	1
-35.7367544877321	-41.9144195031583	1	1
-35.4969327799322	-42.0946268949028	1	1
-35.2501986047122	-42.2652647633692	1	1
-34.9991109523275	-42.429442240412	1	1
-34.7459898204353	-42.5904436411243	1	1
-34.4875632956188	-42.7428037030156	1	1
-34.2261003119484	-42.8898451172254	1	1
-33.9581812717277	-43.0248223220055	1	1
-33.6888729508309	-43.1569895473754	1	1
-33.4160472391667	-43.2817247705784	1	1
-33.1392597768367	-43.3974011159161	1	1
-32.8588967490938	-43.5041514448346	1	1
-32.5771455123163	-43.6071566490893	1	1
-32.2922127694295	-43.7009094216723	1	1
-32.002373883238	-43.7782854043619	1	1
-31.7102812876293	-43.8466541087249	1	1
-31.4160916690857	-43.9053755040265	1	1
-31.1203979851968	-43.9557537671509	1	1
-30.822160941218	-43.9881461734848	1	1
-30.5231010019496	-44.0114152248107	1	1
-30.22319537539	-44.0181027932894	1	1
-29.9232755368025	-44.0121933608265	1	1
-29.6239193457426	-43.9929726194791	1	1
-29.3258878744001	-43.9589580445558	1	1
-29.0301107534446	-43.9089511256201	1	1
-28.7370609659809	-43.8449055041517	1	1
-28.4477941362854	-43.76545025319	1	1
-28.1620903316991	-43.6740321369359	1	1
-27.8808831530736	-43.5695373200294	1	1
-27.6020501656451	-43.4588630391971	1	1
-27.325770607571	-43.3419657912239	1	1
-27.0529078678488	-43.2173572872185	1	1
-26.7864701329615	-43.0794856566863	1	1
-26.5228143538262	-42.9363858690689	1	1
-26.2639181430517	-42.784821890652	0	1
-26.0073197578658	-42.6294296271248	0	1
-25.7567524612144	-42.4644698088233	0	1
-25.5101192421242	-42.2936730156068	0	1
-25.2655585299109	-42.1199665473997	0	1
-25.0289765722852	-41.935498180493	0	1
-24.7941482936466	-41.7488175655517	0	1
-24.5646880907157	-41.5555660283668	0	1
-24.3380942604686	-41.3589567975575	0	1
-24.1111640103764	-41.1627368692553	0	1
-23.8862168160345	-40.9642685519433	0	1
-23.6680328415816	-40.7583669773339	0	1
-23.4517001553192	-40.5505409929589	0	1
-23.242318692872	-40.3356962933081	0	1
-23.0358436186227	-40.1180606930254	0	1
-22.8333764292044	-39.8966853731257	0	1
-22.6316928728403	-39.6746119820847	0	1
-22.4366873616339	-39.4466372575042	0	1
-22.2431960246798	-39.2173751779625	0	1
-22.0501664720707	-38.9877361152229	0	1
-21.8625182718649	-38.7536779478297	0	1
-21.6695280382976	-38.523996334585	0	1
-21.4798927590269	-38.2915525804649	0	1