5.08750000000146	-4.97450000001118	0	1
5.27348437500041	-4.73940178600606	0	1
5.45946874999936	-4.50430357101141	0	1
5.64545312499831	-4.26920535700629	0	1
5.8314375000009	-4.03410714300117	0	1
6.01742187499985	-3.79900892899605	0	1
6.20340624999881	-3.56391071400139	0	1
6.3893906250014	-3.32881249999627	0	1
6.57537500000035	-3.09371428599115	0	1
6.7613593749993	-2.8586160709965	0	1
6.94734374999825	-2.62351785699138	0	1
7.13332812500084	-2.38841964298626	0	1
7.3193124999998	-2.15332142898114	0	1
7.50529687499875	-1.91822321398649	0	1
7.69128125000134	-1.68312499998137	0	1
7.87726562500029	-1.44802678597625	0	1
8.06324999999924	-1.2129285709816	0	1
8.2492343749982	-0.977830356976483	0	1
8.43521875000079	-0.742732142971363	0	1
8.62120312499974	-0.50763392902445	0	1
8.80718749999869	-0.272535713971592	0	1
8.99317187500128	-0.03743750002468	0	1
9.17915625000023	0.19766071398044	0	1
9.36514062499919	0.43275892897509	0	1
9.55112500000178	0.66785714298021	0	1
9.73710937500073	0.902955356985331	0	1
9.92309374999968	1.13805357099045	0	1
10.1090781249986	1.3731517859851	0	1
10.2950625000012	1.60824999999022	0	1
10.4810468750002	1.84334821399534	0	1
10.6670312499991	2.07844642898999	0	1
10.8530156250017	2.31354464299511	0	1
11.0390000000007	2.54864285700023	0	1
11.2249843749996	2.78374107100535	0	1
11.4109687499986	3.018839286	0	1
11.5969531250012	3.25393750000512	0	1
11.7829375000001	3.48903571401024	0	1
11.9689218749991	3.72413392900489	0	1
12.1549062500017	3.95923214301001	0	1
12.3408906250006	4.19433035701513	0	1
12.5268749999996	4.42942857102025	0	1
12.7128593749985	4.6645267860149	0	1
12.8988437500011	4.89962500002002	0	1
13.0848281250001	5.13472321402514	0	1
13.270812499999	5.36982142901979	0	1
13.4567968750016	5.60491964302491	0	1
13.6427812500006	5.84001785697183	0	1
13.8287656249995	6.07511607097695	0	1
14.0147499999985	6.3102142859716	0	1
14.200734375001	6.54531249997672	0	1
14.38671875	6.78041071398184	0	1
14.572703124999	7.01550892897649	0	1
14.7586875000015	7.25060714298161	0	1
14.9446718750005	7.48570535698673	0	1
15.1306562499994	7.72080357099185	0	1
15.3166406249984	7.9559017859865	0	1
15.502625000001	8.19099999999162	0	1
15.6886093749999	8.42609821399674	0	1
15.8745937499989	8.66119642899139	0	1
16.0605781250015	8.89629464299651	0	1
16.2465625000004	9.13139285700163	0	1
16.4325468749994	9.36649107100675	0	1
16.6185312499983	9.6015892860014	0	1
16.8045156250009	9.83668750000652	0	1
16.9904999999999	10.0717857140116	0	1
17.1764843749988	10.3068839290063	0	1
17.3624687500014	10.5419821430114	0	1
17.5484531250004	10.7770803570165	0	1
17.7344374999993	11.0121785710216	0	1
17.9204218749983	11.2472767860163	0	1
18.1064062500009	11.4823750000214	0	1
18.2923906249998	11.7174732140265	0	1
18.4783749999988	11.9525714290212	0	1
18.6643593750014	12.1876696430263	0	1
18.8503437500003	12.4227678569732	0	1
19.0363281249993	12.6578660709783	0	1
19.2223124999982	12.892964285973	0	1
19.4082968750008	13.1280624999781	0	1
19.5942812499998	13.3631607139832	0	1
19.7802656249987	13.5982589289779	0	1
19.9662500000013	13.833357142983	0	1
20.1522343750003	14.0684553569881	0	1
20.3382187499992	14.3035535709932	0	1
20.5242031250018	14.5386517859879	0	1
20.7101875000008	14.773749999993	0	1
20.8961718749997	15.0088482139981	0	1
21.0821562499987	15.2439464289928	0	1
21.2681406250013	15.4790446429979	0	1
21.4541250000002	15.714142857003	0	1
21.6401093749992	15.9492410710081	0	1
21.8260937500017	16.1843392860028	0	1
22.0120781250007	16.4194375000079	0	1
22.1980624999997	16.654535714013	0	1
22.3840468749986	16.8896339290077	0	1
22.5700312500012	17.1247321430128	0	1
22.7560156250001	17.3598303570179	0	1
22.9419999999991	17.594928571023	0	1
23.1279843750017	17.8300267860177	0	1
23.3139687500006	18.0651250000228	0	1
23.4999531249996	18.3002232140279	0	1
23.6859374999985	18.5353214290226	0	1
23.8719218750011	18.7704196430277	0	1
24.0579062500001	19.0055178569746	0	1
24.243890624999	19.2406160709797	0	1
24.4298750000016	19.4757142859744	0	1
24.6158593750006	19.7108124999795	0	1
24.8018437499995	19.9459107139846	0	1
24.9878281249985	20.1810089289793	0	1
25.1738125000011	20.4161071429844	0	1
25.359796875	20.6512053569895	0	1
25.545781249999	20.8863035709946	0	1
25.7317656250016	21.1214017859893	0	1
25.9177500000005	21.3564999999944	0	1
26.1037343749995	21.5915982139995	0	1
26.2897187499984	21.8266964289942	0	1
26.475703125001	22.0617946429993	0	1
26.6616875	22.2968928570044	0	1
26.8476718749989	22.5319910710095	0	1
27.0336562500015	22.7670892860042	0	1
27.2196406250005	23.0021875000093	0	1
27.4056249999994	23.2372857140144	0	1
27.5916093749984	23.4723839290091	0	1
27.777593750001	23.7074821430142	0	1
27.9635781249999	23.9425803570193	0	1
28.1495624999989	24.1776785710244	0	1
28.3355468750015	24.4127767860191	0	1
28.5215312500004	24.6478750000242	0	1
28.7075156249994	24.8829732139711	0	1
28.8934999999983	25.118071429024	0	1
29.0794843750009	25.3531696429709	0	1
29.2654687499999	25.588267856976	0	1
29.4514531249988	25.8233660709811	0	1
29.6374375000014	26.0584642859758	0	1
29.8234218750003	26.2935624999809	0	1
30.0094062499993	26.528660713986	0	1
30.1953906249983	26.7637589289807	0	1
30.3813750000008	26.9988571429858	0	1
30.5673593749998	27.2339553569909	0	1
30.7533437499987	27.469053570996	0	1
30.9393281250013	27.7041517859907	0	1
31.1253125000003	27.9392499999958	0	1
31.3112968749992	28.1743482140009	0	1
31.4972812499982	28.4094464289956	0	1
31.6832656250008	28.6445446430007	0	1
31.8692499999997	28.8796428570058	0	1
32.0552343749987	29.1147410710109	0	1
32.2412187500013	29.3498392860056	0	1
32.4272031250002	29.5849375000107	0	1
32.6131874999992	29.8200357140158	0	1
32.7991718750018	30.0551339290105	0	1
32.9851562500007	30.2902321430156	0	1
33.1711406249997	30.5253303570207	0	1
33.3571249999986	30.7604285710258	0	1
33.5431093750012	30.9955267860205	0	1
33.7290937500002	31.2306250000256	0	1
33.9150781249991	31.4657232139725	0	1
34.1010625000017	31.7008214290254	0	1
34.2870468750007	31.9359196429723	0	1
34.4730312499996	32.1710178569774	0	1
34.6590156249986	32.4061160709825	0	1
34.8450000000012	32.6412142859772	0	1
35.0309843750001	32.8763124999823	0	1
35.2169687499991	33.1114107139874	0	1
35.4029531250017	33.3465089289821	0	1
35.5889375000006	33.5816071429872	0	1
35.7749218749996	33.8167053569923	0	1
35.9609062499985	34.0518035709974	0	1
36.1468906250011	34.2869017859921	0	1
36.3328750000001	34.5219999999972	0	1
36.518859374999	34.7570982140023	0	1
36.7048437500016	34.992196428997	0	1
36.8908281250006	35.2272946430021	0	1
37.0768124999995	35.4623928570072	0	1
37.2627968749985	35.6974910710123	0	1
37.448781250001	35.932589286007	0	1
37.634765625	36.1676875000121	0	1
37.820749999999	36.4027857140172	0	1
38.0067343750015	36.6378839290119	0	1
38.1927187500005	36.872982143017	0	1
38.3787031249994	37.1080803570221	0	1
38.5646874999984	37.3431785710272	0	1
38.750671875001	37.5782767860219	0	1
38.9366562499999	37.813375000027	0	1
39.1226406249989	38.0484732139739	0	1
39.3086250000015	38.2835714290268	0	1
39.4946093750004	38.5186696429737	0	1
39.6805937499994	38.7537678569788	0	1
39.8665781249983	38.9888660709839	0	1
40.0525625000009	39.2239642859786	0	1
40.2385468749999	39.4590624999837	0	1
40.4245312499988	39.6941607139888	0	1
40.6105156250014	39.9292589289835	0	1
40.7965000000004	40.1643571429886	0	1
40.9824843749993	40.3994553569937	0	1
41.1684687499983	40.6345535709988	0	1
41.3544531250009	40.8696517859935	0	1
41.5404374999998	41.1047499999986	0	1
41.7264218749988	41.3398482140037	0	1
41.9124062500014	41.5749464289984	0	1
42.0983906250003	41.8100446430035	0	1
42.2843749999993	42.0451428570086	0	1
42.4703593749982	42.2802410710137	0	1
42.6563437500008	42.5153392860084	0	1
42.8423281249998	42.7504375000135	0	1
43.0283124999987	42.9855357140186	0	1
43.2142968750013	43.2206339290133	0	1
43.4002812500003	43.4557321430184	0	1
43.5862656249992	43.6908303570235	0	1
43.7722500000018	43.9259285710286	0	1
43.9582343750008	44.1610267860233	0	1
44.1442187499997	44.3961250000284	0	1
44.3302031249987	44.6312232139753	0	1
44.5161875000013	44.8663214290282	0	1
44.7021718750002	45.1014196429751	0	1
44.8881562499992	45.3365178569802	0	1
45.0741406250017	45.5716160709853	0	1
45.2601250000007	45.80671428598	0	1
45.4461093749997	46.0418124999851	0	1
45.6320937499986	46.2769107139902	0	1
45.8180781250012	46.5120089289849	0	1
46.0040625000001	46.74710714299	0	1
46.1900468749991	46.9822053569951	0	1
46.3760312500017	47.2173035710002	0	1
46.5620156250006	47.4524017859949	0	1
46.7479999999996	47.6875	0	1
46.9294253730986	47.9285149250063	0	1
47.1108507462995	48.1695298510022	0	1
47.2922761193986	48.4105447760085	0	1
47.4737014925013	48.6515597010148	0	1
47.6551268656985	48.8925746270106	0	1
47.8365522388012	49.1335895520169	0	1
48.0179776119003	49.3746044780128	0	1
48.1994029851012	49.6156194030191	0	1
48.3808283582002	49.8566343280254	0	1
48.5622537312993	50.0976492540212	0	1
48.7436791045002	50.3386641790275	0	1
48.9251044775992	50.5796791039756	0	1
49.1065298506983	50.8206940299715	0	1
49.2879552238992	51.0617089549778	0	1
49.4693805969982	51.3027238809736	0	1
49.6508059701009	51.54373880598	0	1
49.8322313432982	51.7847537309863	0	1
50.0136567164009	52.0257686569821	0	1
50.1950820896018	52.2667835819884	0	1
50.3765074627008	52.5077985069947	0	1
50.5579328357999	52.7488134329906	0	1
50.7393582090008	52.9898283579969	0	1
50.9207835820998	53.2308432839927	0	1
51.1022089551989	53.471858208999	0	1
51.2836343283998	53.7128731340053	0	1
51.4650597014988	53.9538880600012	0	1
51.6464850746015	54.1949029850075	0	1
51.8279104477988	54.4359179100138	0	1
52.0093358209015	54.6769328360097	0	1
52.1907611940005	54.917947761016	0	1
52.3721865672014	55.1589626870118	0	1
52.5536119403005	55.3999776120181	0	1
52.7350373133995	55.6409925370244	0	1
52.9164626866004	55.8820074630203	0	1
53.0978880596995	56.1230223880266	0	1
53.2793134327985	56.3640373129747	0	1
53.4607388059994	56.6050522390287	0	1
53.6421641790985	56.8460671639768	0	1
53.8235895522012	57.0870820899727	0	1
54.0050149253984	57.328097014979	0	1
54.1864402985011	57.5691119399853	0	1
54.3678656716002	57.8101268659811	0	1
54.5492910448011	58.0511417909875	0	1
54.7307164179001	58.2921567159938	0	1
54.9121417909992	58.5331716419896	0	1
55.0935671642001	58.7741865669959	0	1
55.2749925372991	59.0152014929918	0	1
55.4564179104018	59.2562164179981	0	1
55.6378432835991	59.4972313430044	0	1
55.8192686567018	59.7382462690002	0	1
56.000694029899	59.9792611940065	0	1
56.1821194030017	60.2202761190129	0	1
56.3635447761008	60.4612910450087	0	1
56.5449701493017	60.702305970015	0	1
56.7263955224007	60.9433208950213	0	1
56.9078208954998	61.1843358210172	0	1
57.0892462687007	61.4253507460235	0	1
57.2706716417997	61.6663656720193	0	1
57.4520970148988	61.9073805970256	0	1
57.6335223880997	62.1483955219737	0	1
57.8149477611987	62.3894104480278	0	1
57.9963731343014	62.6304253729759	0	1
58.1777985074987	62.8714402989717	0	1
58.3592238806013	63.112455223978	0	1
58.5406492537004	63.3534701489843	0	1
58.7220746269013	63.5944850749802	0	1
58.9035000000003	63.8354999999865	0	1
59.0991538462004	64.0593076919904	0	1
59.2948076922985	64.2831153849838	0	1
59.4904615384985	64.5069230769877	0	1
59.6861153846003	64.7307307689916	0	1
59.8817692308003	64.9545384619851	0	1
60.0774230768984	65.178346153989	0	1
60.2730769230984	65.4021538459929	0	1
60.4687307692002	65.6259615379968	0	1
60.6643846154002	65.8497692309902	0	1
60.8600384614983	66.0735769229941	0	1
61.0556923076983	66.297384614998	0	1
61.2513461538001	66.5211923079914	0	1
61.4470000000001	66.7449999999953	0	1
61.6426538462001	66.9688076919992	0	1
61.8383076922983	67.1926153849927	0	1
62.0339615384983	67.4164230769966	0	1
62.2296153846	67.6402307690005	0	1
62.4252692308	67.8640384619939	0	1
62.6209230769018	68.0878461539978	0	1
62.8165769230982	68.3116538460017	0	1
63.0122307692	68.5354615380056	0	1
63.2078846154	68.7592692309991	0	1
63.4035384615017	68.983076923003	0	1
63.5991923077017	69.2068846150069	0	1
63.7723107940001	69.4289734429913	0	1
63.9527092741992	69.6562496839906	0	1
64.1380671834013	69.8885756980162	0	1
64.3260639567998	70.1258138439734	1	1
64.5143790297006	70.3678264810005	1	1
64.7006918371007	70.6144759680028	1	1
64.8826818144007	70.8656246630126	1	1
65.0580283966992	71.1211349259829	1	1
65.2244110192005	71.3808691150043	1	1
65.3795091171014	71.6446895889821	1	1
65.5210021255007	71.9124587079859	1	1
65.6465694797989	72.1840388299897	1	1
65.7538906150985	72.4592923150049	1	1
65.8406449665017	72.7380815200158	1	1
65.9045119693001	73.0202688060235	1	1
65.9431710587014	73.3057165300124	1	1
65.9546328805009	73.5942140580155	1	1
65.9394918918006	73.8849813229754	1	1
65.8995560479016	74.1769708180218	1	1
65.8366403215987	74.4691334919771	1	1
65.7525596857013	74.7604202930233	1	1
65.6491291128004	75.0497821709723	1	1
65.5281635756983	75.336170072027	1	1
65.3914780472005	75.6185349469888	1	1
65.2408874998982	75.8958277420024	1	1
65.0782069066008	76.1669994069962	1	1
64.9052512400995	76.4310008899774	1	1
64.7238354731016	76.6867831380223	1	1
64.5357745783986	76.9332971019903	0	1
64.3428835285995	77.1694937280263	0	1
64.1469772964992	77.3943239660002	0	1
63.9498708548999	77.6067387639778	0	1
63.7533791763999	77.8056890700245	0	1
63.5593172338995	77.990125833021	0	1
63.3695000000007	78.1589999999851	0	1
63.1389999999992	78.35447999998	0	1
62.9085000000014	78.5499599999748	0	1
62.6779999999999	78.7454400000279	0	1
62.4474999999984	78.9409200000227	0	1
62.2170000000006	79.1364000000176	0	1
61.9864999999991	79.3318800000125	0	1
61.7560000000012	79.5273600000073	0	1
61.5254999999997	79.7228400000022	0	1
61.2949999999983	79.918319999997	0	1
61.0645000000004	80.1137999999919	0	1
60.8339999999989	80.3092799999868	0	1
60.6035000000011	80.5047599999816	0	1
60.3729999999996	80.7002399999765	0	1
60.1425000000017	80.8957199999713	0	1
59.9120000000003	81.0912000000244	0	1
59.6814999999988	81.2866800000193	0	1
59.4510000000009	81.4821600000141	0	1
59.2204999999994	81.677640000009	0	1
58.9900000000016	81.8731200000038	0	1
58.7595000000001	82.0685999999987	0	1
58.5289999999986	82.2640799999936	0	1
58.2985000000008	82.4595599999884	0	1
58.0679999999993	82.6550399999833	0	1
57.8375000000015	82.8505199999781	1	1
57.6154304383999	83.0514495029929	1	1
57.3826380571991	83.2515212239814	1	1
57.1396060635016	83.4460721830255	1	1
56.886817664199	83.6304393989849	1	1
56.6247560662996	83.7999598919996	1	1
56.3539044770005	83.9499706799979	1	1
56.0747461032006	84.0758087849827	1	1
55.787764151999	84.1728112240089	1	1
55.4934677681995	84.236430347024	1	1
55.1930880366017	84.2653285040287	1	1
54.8886553734992	84.2617221599794	1	1
54.5822416613992	84.2280121520162	1	1
54.2759187828015	84.1665993190254	1	1
53.9717586203005	84.0798844990204	1	1
53.6718330563017	83.9702685300144	1	1
53.3782139735995	83.8401522510103	1	1
53.092973254501	83.6919364989735	1	1
52.8181827816989	83.5280221119756	1	1
52.5559144375984	83.3508099300088	1	1
52.3082401048996	83.1627007889911	0	1
52.0772316660004	82.9660955279833	0	1
51.864961003499	82.7633949859883	0	1
51.6735000000008	82.5569999999716	0	1
51.4831923076999	82.3216634619748	0	1
51.2928846153991	82.0863269229885	0	1
51.1025769230982	81.8509903849917	0	1
50.912269230801	81.6156538460054	0	1
50.7219615385002	81.3803173080087	0	1
50.5316538461993	81.1449807690224	0	1
50.3413461538003	80.9096442310256	0	1
50.1510384614994	80.6743076919811	0	1
49.9607307691986	80.4389711539843	0	1
49.7704230769014	80.203634614998	0	1
49.5801153846005	79.9682980770012	0	1
49.3898076922997	79.7329615380149	0	1
49.1994999999988	79.4976250000182	0	1
49.0091923077016	79.2622884609737	0	1
48.8188846154007	79.0269519229769	0	1
48.6285769230999	78.7916153849801	0	1
48.4382692307991	78.5562788459938	0	1
48.2479615384982	78.320942307997	0	1
48.057653846201	78.0856057690107	0	1
47.8673461537983	77.850269231014	0	1
47.6770384615011	77.6149326920277	0	1
47.4867307692002	77.3795961539727	0	1
47.2964230768994	77.1442596149864	0	1
47.1061153845985	76.9089230769896	0	1
46.9158076923013	76.6735865380033	0	1
46.7255000000005	76.4382500000065	0	1
46.5351923076996	76.2029134620097	0	1
46.3448846153988	75.9675769230234	0	1
46.1545769231016	75.7322403850267	0	1
45.9642692308007	75.4969038459822	0	1
45.7739615384999	75.2615673079854	0	1
45.583653846199	75.0262307689991	0	1
45.3933461537999	74.7908942310023	0	1
45.2030384614991	74.555557692016	0	1
45.0127307691982	74.3202211540192	0	1
44.822423076901	74.0848846149747	0	1
44.6321153846002	73.849548076978	0	1
44.4418076922993	73.6142115379917	0	1
44.2514999999985	73.3788749999949	0	1
44.0611923077013	73.1435384619981	0	1
43.8708846154004	72.9082019230118	0	1
43.6805769230996	72.672865385015	0	1
43.4902692307987	72.4375288460287	0	1
43.2999615385015	72.2021923079737	0	1
43.1096538462007	71.9668557689874	0	1
42.9193461538016	71.7315192309907	0	1
42.7290384615007	71.4961826920044	0	1
42.5387307691999	71.2608461540076	0	1
42.3484230768991	71.0255096150213	0	1
42.1581153845982	70.7901730770245	0	1
41.9572186234982	70.5688630230143	0	1
41.7563218623982	70.347552969004	0	1
41.5554251011999	70.1262429149938	0	1
41.3545283400999	69.9049328609835	0	1
41.1536315789017	69.6836228069733	0	1
40.9527348178017	69.4623127530213	0	1
40.7518380567017	69.241002699011	0	1
40.5509412954998	69.0196926450008	0	1
40.3500445343998	68.7983825909905	0	1
40.1491477732998	68.5770725369803	0	1
39.9482510121015	68.3557624830282	0	1
39.7473542510015	68.134452429018	0	1
39.5464574899015	67.9131423750077	0	1
39.3455607286996	67.6918323209975	0	1
39.1446639675996	67.4705222669872	0	1
38.9437672064996	67.249212212977	0	1
38.7428704453014	67.027902159025	0	1
38.5419736842014	66.8065921050147	0	1
38.3410769231014	66.5852820510045	0	1
38.1401801618995	66.3639719969942	0	1
37.9392834007995	66.142661942984	0	1
37.7383866396995	65.9213518889737	0	1
37.5374898785012	65.7000418350217	0	1
37.3365931174012	65.4787317810114	0	1
37.1356963563012	65.2574217270012	0	1
36.9347995950993	65.036111672991	0	1
36.7339028339993	64.8148016189807	0	1
36.5330060728993	64.5934915650287	0	1
36.3321093117011	64.3721815110184	0	1
36.131212550601	64.1508714570082	0	1
35.930315789501	63.9295614039875	0	1
35.7294190282992	63.7082513499772	0	1
35.5285222671992	63.4869412960252	0	1
35.3276255060991	63.2656312420149	0	1
35.1267287449009	63.0443211880047	0	1
34.9258319838009	62.8230111339944	0	1
34.7249352227009	62.6017010799842	0	1
34.524038461499	62.3803910259739	0	1
34.323141700399	62.1590809720219	0	1
34.122244939299	61.9377709180117	0	1
33.9213481781007	61.7164608640014	0	1
33.7204514170007	61.4951508099912	0	1
33.5195546559007	61.2738407559809	0	1
33.3186578946988	61.0525307020289	0	1
33.1177611335988	60.8312206480186	0	1
32.9168643724988	60.6099105940084	0	1
32.7159676113006	60.3886005399982	0	1
32.5150708502006	60.1672904859879	0	1
32.3141740891006	59.9459804319777	0	1
32.1132773278987	59.7246703780256	0	1
31.9123805667987	59.5033603240154	0	1
31.7114838056987	59.2820502700051	0	1
31.5105870445004	59.0607402159949	0	1
31.3096902834004	58.8394301619846	0	1
31.1087935223004	58.6181201079744	0	1
30.9078967610985	58.3968100540224	0	1
30.7211376105006	58.1623426040169	0	1
30.534378459899	57.9278751550009	0	1
30.3476193093011	57.6934077049955	0	1
30.1608601586013	57.4589402559795	0	1
29.9741010079997	57.2244728059741	0	1
29.7873418574018	56.9900053570163	0	1
29.6005827068002	56.7555379070109	0	1
29.4138235561004	56.5210704579949	0	1
29.2270644054988	56.2866030079895	0	1
29.0403052549009	56.0521355589735	0	1
28.8535461042993	55.8176681090263	0	1
28.6667869535995	55.5832006600103	0	1
28.4800278030016	55.3487332100049	0	1
28.2932686524	55.1142657609889	0	1
28.1065095017984	54.8797983109835	0	1
27.9197503510986	54.6453308620257	0	1
27.7329912005007	54.4108634120203	0	1
27.5462320498991	54.1763959620148	0	1
27.3594728993012	53.9419285129989	0	1
27.1727137486996	53.7074610629934	0	1
26.9859545979998	53.4729936139775	0	1
26.7991954473982	53.238526163972	0	1
26.6124362968003	53.0040587150143	0	1
26.4256771461987	52.7695912650088	0	1
26.2389179954989	52.5351238159928	0	1
26.052158844901	52.3006563659874	0	1
25.8653996942994	52.0661889169714	0	1
25.6786405437015	51.8317214670242	0	1
25.4918813930017	51.5972540180082	0	1
25.3051222424001	51.3627865680028	0	1
25.1183630917985	51.1283191189868	0	1
24.9316039412006	50.8938516689814	0	1
24.7448447905008	50.6593842189759	0	1
24.5580856398992	50.4249167700182	0	1
24.3713264893013	50.1904493200127	0	1
24.1845673386997	49.9559818709968	0	1
23.9978081881018	49.7215144209913	0	1
23.8110490373983	49.4870469719754	0	1
23.6242898868004	49.2525795220281	0	1
23.4375307361988	49.0181120730122	0	1
23.2507715856009	48.7836446230067	0	1
23.0640124349011	48.5491771739908	0	1
22.8772532842995	48.3147097239853	0	1
22.6904941337016	48.0802422750276	0	1
22.5037349831	47.8457748250221	0	1
22.3169758324002	47.6113073760062	0	1
22.1302166817986	47.3768399260007	0	1
21.9434575312007	47.1423724769847	0	1
21.7566983805991	46.9079050269793	0	1
21.5699392298993	46.6734375769738	0	1
21.3831800793014	46.4389701280161	0	1
21.1964209286998	46.2045026780106	0	1
21.0096617780982	45.9700352289947	0	1
20.8229026273984	45.7355677789892	0	1
20.6361434768005	45.5011003299733	0	1
20.4493843261989	45.266632880026	0	1
20.262625175601	45.0321654310101	0	1
20.0758660249994	44.7976979810046	0	1
19.8891068742996	44.5632305319887	0	1
19.7023477237017	44.3287630819832	0	1
19.5155885731001	44.0942956330255	0	1
19.3288294224985	43.85982818302	0	1
19.1420702717987	43.6253607340041	0	1
18.9553111212008	43.3908932839986	0	1
18.7685519705992	43.1564258349827	0	1
18.5817928200013	42.9219583849772	0	1
18.3950336693015	42.6874909349717	0	1
18.2082745186999	42.453023486014	0	1
18.0215153680983	42.2185560360085	0	1
17.8347562175004	41.9840885869926	0	1
17.6479970668006	41.7496211369871	0	1
17.461237916199	41.5151536879712	0	1
17.2744787656011	41.2806862380239	0	1
17.0877196149995	41.046218789008	0	1
16.9009604642997	40.8117513390025	0	1
16.7142013137018	40.5772838899866	0	1
16.5274421631002	40.3428164399811	0	1
16.3406830124986	40.1083489910234	0	1
16.1539238619007	39.8738815410179	0	1
15.9671647112009	39.639414092002	0	1
15.7804055605993	39.4049466419965	0	1
15.5936464100014	39.170479191991	0	1
15.4068872593998	38.9360117429751	0	1
15.2201281087	38.7015442930278	0	1
15.0333689580984	38.4670768440119	0	1
14.8466098075005	38.2326093940064	0	1
14.6598506568989	37.9981419449905	0	1
14.4730915061991	37.763674494985	0	1
14.2863323556012	37.5292070460273	0	1
14.0995732049996	37.2947395960218	0	1
13.9128140544017	37.0602721470059	0	1
13.7260549036982	36.8258046970004	0	1
13.5392957531003	36.5913372479845	0	1
13.3525366024987	36.356869797979	0	1
13.1657774519008	36.1224023490213	0	1
12.979018301201	35.8879348990158	0	1
12.7948684408984	35.6505166839925	0	1
12.6107185805013	35.4130984679796	0	1
12.4265687201987	35.1756802530144	0	1
12.2424188598015	34.9382620370016	0	1
12.058268999499	34.7008438219782	0	1
11.8741191390982	34.4634256070131	0	1
11.689969278701	34.2260073910002	0	1
11.5058194183985	33.9885891759768	0	1
11.3216695580013	33.7511709600221	0	1
11.1375196976987	33.5137527449988	0	1
10.9533698373016	33.2763345299754	0	1
10.769219976999	33.0389163140208	0	1
10.5850701165982	32.8014980989974	0	1
10.4009202562011	32.5640798829845	0	1
10.2167703958985	32.3266616680194	0	1
10.0326205355013	32.0892434520065	0	1
9.84847067519877	31.8518252369831	0	1
9.66432081480161	31.614407022018	0	1
9.48017095440082	31.3769888060051	0	1
9.29602109409825	31.1395705909817	0	1
9.11187123370109	30.9021523750271	0	1
8.92772137339853	30.6647341600037	0	1
8.74357151300137	30.4273159449804	0	1
8.5594216526988	30.1898977290257	0	1
8.37527179230165	29.9524795140023	0	1
8.19112193190085	29.7150612979895	0	1
8.00697207159828	29.4776430830243	0	1
7.82282221120113	29.2402248670114	0	1
7.63867235089856	29.0028066519881	0	1
7.4545224905014	28.7653884370229	0	1
7.27037263019884	28.52797022101	0	1
7.08622276980168	28.2905520059867	0	1
6.90207290940089	28.0531337899738	0	1
6.71792304909832	27.8157155750087	0	1
6.53377318870116	27.5782973599853	0	1
6.34962332839859	27.3408791439724	0	1
6.16547346800144	27.1034609290073	0	1
5.98132360760064	26.8660427129944	0	1
5.79717374730171	26.628624497971	0	1
5.61302388690092	26.3912062820164	0	1
5.42887402659835	26.153788066993	0	1
5.24472416620119	25.9163698520279	0	1
5.06057430589863	25.678951636015	0	1
4.87642444550147	25.4415334209916	0	1
4.69227458510068	25.2041152049787	0	1
4.50812472480175	24.9666969900136	0	1
4.32397486440095	24.7292787749902	0	1
4.13982500409838	24.4918605589774	0	1
3.95567514370123	24.2544423440122	0	1
3.77152528339866	24.0170241279993	0	1
3.5873754230015	23.779605912976	0	1
3.40322556260071	23.5421876980108	0	1
3.21907570230178	23.3047694819979	0	1
3.03492584190099	23.0673512669746	0	1
2.85077598159842	22.8299330510199	0	1
2.66662612120126	22.5925148359966	0	1
2.48247626080047	22.3550966199837	0	1
2.29832640050154	22.1176784050185	0	1
2.11417654010074	21.8802601899952	0	1
1.93002667980181	21.6428419739823	0	1
1.74587681940102	21.4054237590171	0	1
1.56172695909845	21.1680055430043	0	1
1.37757709870129	20.9305873279809	0	1
1.1934272383005	20.6931691130158	0	1
1.00927737800157	20.4557508970029	0	1
0.825127517600777	20.2183326819795	0	1
0.640977657298208	19.9809144660248	0	1
0.456827796901052	19.7434962510015	0	1
0.272677936598484	19.5060780349886	0	1
0.0885280762013281	19.2686598200235	0	1
-0.0956217841994658	19.0312416050001	0	1
-0.279771644498396	18.7938233889872	0	1
-0.46392150489919	18.5564051740221	0	1
-0.648071365201758	18.3189869580092	0	1
-0.832221225598914	18.0815687429858	0	1
-1.01637108599971	17.8441505280207	0	1
-1.20052094629864	17.6067323120078	0	1
-1.38467080669943	17.3693140969845	0	1
-1.56882066699836	17.1318958809716	0	1
-1.75297052739916	16.8944776660064	0	1
-1.93712038770173	16.6570594509831	0	1
-2.12127024809888	16.4196412350284	0	1
-2.30542010849967	16.182223020005	0	1
-2.48956996879861	15.9448048039922	0	1
-2.6737198291994	15.707386589027	0	1
-2.85786968949833	15.4699683730141	0	1
-3.04201954989912	15.2325501579908	0	1
-3.22616941020169	14.9951319430256	0	1
-3.41031927059885	14.7577137270127	0	1
-3.59446913099964	14.5202955119894	0	1
-3.77861899129857	14.2828772959765	0	1
-3.96276885169937	14.0454590810114	0	1
-4.1469187119983	13.808040865988	0	1
-4.33106857239909	13.5706226499751	0	1
-4.51521843279988	13.33320443501	0	1
-4.69936829309881	13.0957862189971	0	1
-4.88351815349961	12.8583680039737	0	1
-5.06766801379854	12.6209497880191	0	1
-5.25181787419933	12.3835315729957	0	1
-5.43596773449826	12.1461133579724	0	1
-5.62011759489906	11.9086951420177	0	1
-5.80426745529985	11.6712769269943	0	1
-5.98841731559878	11.4338587109814	0	1
-6.17256717599957	11.1964404960163	0	1
-6.35671703629851	10.9590222809929	0	1
-6.5408668966993	10.7216040649801	0	1
-6.72501675699823	10.4841858500149	0	1
-6.90916661739902	10.246767634002	0	1
-7.09331647779982	10.0093494189787	0	1
-7.27746633809875	9.771931203024	0	1
-7.46161619849954	9.53451298800064	0	1
-7.64576605879847	9.29709477297729	0	1
-7.82991591919927	9.05967655702261	0	1
-8.01406577960006	8.82225834199926	0	1
-8.19821563989899	8.58484012598637	0	1
-8.38236550029978	8.34742191102123	0	1
-8.56651536059871	8.11000369599788	0	1
-8.75066522099951	7.87258547998499	0	1
-8.93481508129844	7.63516726501985	0	1
-9.11896494169923	7.39774904900696	0	1
-9.30311480210003	7.16033083398361	0	1
-9.48726466239896	6.92291261802893	0	1
-9.67141452279975	6.68549440300558	0	1
-9.85556438309868	6.44807618798222	0	1
-10.0397142434995	6.21065797202755	0	1
-10.2238641037984	5.97323975700419	0	1
-10.4080139641992	5.73582154099131	0	1
-10.5921638246	5.49840332602616	0	1
-10.7763136848989	5.26098511100281	0	1
-10.9604635452997	5.02356689498993	0	1
-11.1446134055986	4.78614868002478	0	1
-11.3287632659994	4.5487304640119	0	1
-11.5129131264002	4.31131224898854	0	1
-11.6970629866992	4.0738940340234	0	1
-11.8812128471	3.83647581801051	0	1
-12.0653627073989	3.59905760298716	0	1
-12.2495125677997	3.36163938697428	0	1
-12.4336624280986	3.12422117200913	0	1
-12.6178122884994	2.88680295599625	0	1
-12.8019621489002	2.64938474097289	0	1
-12.9861120091991	2.41196652600775	0	1
-13.1702618695999	2.17454830999486	0	1
-13.3544117298989	1.93713009497151	0	1
-13.5385615902997	1.69971187901683	0	1
-13.7227114505986	1.46229366399348	0	1
-13.9068613109994	1.22487544902833	0	1
-14.0910111714002	0.987457233015448	0	1
-14.2751610316991	0.750039017992094	0	1
-14.4593108920999	0.51262080197921	0	1
-14.6434607523988	0.275202587014064	0	1
-14.8276106127996	0.0377843719907105	0	1
-15.0117604732004	-0.199633844022173	0	1
-15.1959103334993	-0.437052058987319	0	1
-15.3800601939001	-0.674470275000203	0	1
-15.5642100541991	-0.911888490023557	0	1
-15.7483599145999	-1.14930670597823	0	1
-15.9325097748988	-1.38672492100159	0	1
-16.1166596352996	-1.62414313602494	0	1
-16.3008094957004	-1.86156135197962	0	1
-16.4849593559993	-2.09897956700297	0	1
-16.6691092164001	-2.33639778301585	0	1
-16.853259076699	-2.573815997981	0	1
-17.0374089370998	-2.81123421300435	0	1
-17.2215587973988	-3.04865242901724	0	1
-17.4057086577996	-3.28607064398238	0	1
-17.5898585182003	-3.52348885999527	0	1
-17.7740083784993	-3.76090707501862	0	1
-17.9581582389001	-3.9983252909733	0	1
-18.142308099199	-4.23574350599665	0	1
-18.3264579595998	-4.47316172102001	0	1
-18.5106078200006	-4.71057993697468	0	1
-18.6947576802995	-4.94799815199804	0	1
-18.8789075407003	-5.18541636801092	0	1
-19.0630574009992	-5.42283458297607	0	1
-19.2472072614	-5.66025279799942	0	1
-19.431357121699	-5.8976710140123	0	1
-19.6155069820998	-6.13508922897745	0	1
-19.7996568425006	-6.37250744499033	0	1
-19.9838067027995	-6.60992566001369	0	1
-20.1679565632003	-6.84734387602657	0	1
-20.3521064234992	-7.08476209099172	0	1
-20.5362562839	-7.32218030601507	0	1
-20.7204061443008	-7.55959852202795	0	1
-20.9045560045997	-7.7970167369931	0	1
-21.0887058650005	-8.03443495300598	0	1
-21.2728557252995	-8.27185316797113	0	1
-21.4570055857002	-8.50927138299448	0	1
-21.6411554459992	-8.74668959900737	0	1
-21.8253053064	-8.98410781397251	0	1
-22.0094551668008	-9.2215260299854	0	1
-22.1936050270997	-9.45894424500875	0	1
-22.3777548875005	-9.6963624599739	0	1
-22.5619047477994	-9.93378067598678	0	1
-22.7460546082002	-10.1711988910101	0	1
-22.9302044684991	-10.408617107023	0	1
-23.1143543288999	-10.6460353219882	0	1
-23.2985041893007	-10.883453538001	0	1
-23.4826540495997	-11.1208717530244	0	1
-23.6668039100005	-11.3582899679895	0	1
-23.8509537702994	-11.5957081840024	0	1
-24.0351036307002	-11.8331263990258	0	1
-24.219253491101	-12.0705446149805	0	1
-24.4034033513999	-12.3079628300038	0	1
-24.5875532118007	-12.5453810450272	0	1
-24.7717030720996	-12.7827992609818	0	1
-24.9558529325004	-13.0202174760052	0	1
-25.1400027927994	-13.2576356920181	0	1
-25.3241526532001	-13.4950539069832	0	1
-25.5083025136009	-13.7324721229961	0	1
-25.6924523738999	-13.9698903380195	0	1
-25.8766022343007	-14.2073085529846	0	1
-26.0607520945996	-14.4447267689975	0	1
-26.2449019550004	-14.6821449840209	0	1
-26.4290518152993	-14.9195631999755	0	1
-26.6132016757001	-15.1569814149989	0	1
-26.8075909315012	-15.3834728180082	0	1
-27.0019801872986	-15.609964222007	0	1
-27.1963694430997	-15.8364556250162	0	1
-27.3907586989008	-16.0629470280255	0	1
-27.5851479546982	-16.2894384320243	0	1
-27.779537210401	-16.5159298349754	0	1
-27.9739264661985	-16.7424212379847	0	1
-28.1683157219995	-16.9689126409939	0	1
-28.3627049778006	-17.1954040449928	0	1
-28.5570942336017	-17.421895448002	0	1
-28.7514834893991	-17.6483868510113	0	1
-28.9458727452002	-17.8748782550101	0	1
-29.1402620010012	-18.1013696580194	0	1
-29.3346512567987	-18.3278610610287	0	1
-29.5290405125997	-18.5543524650275	0	1
-29.7234297684008	-18.7808438679785	0	1
-29.9178190241983	-19.0073352709878	0	1
-30.1122082799011	-19.2338266739971	0	1
-30.3065975356985	-19.4603180779959	0	1
-30.5009867914996	-19.6868094810052	0	1
-30.6953760473007	-19.9133008840145	0	1
-30.8897653031017	-20.1397922880133	0	1
-31.0841545588992	-20.3662836910225	0	1
-31.2785438147002	-20.5927750939736	0	1
-31.4729330705013	-20.8192664979724	0	1
-31.6673223262987	-21.0457579009817	0	1
-31.8617115820998	-21.272249303991	0	1
-32.056100837799	-21.4987407079898	0	1
-32.2504900936001	-21.7252321109991	0	1
-32.4448793494012	-21.9517235140083	0	1
-32.6392686051986	-22.1782149170176	0	1
-32.8336578609997	-22.4047063210164	0	1
-33.0280471168007	-22.6311977240257	0	1
-33.2224363726018	-22.8576891269768	0	1
-33.4168256283992	-23.0841805309756	0	1
-33.6112148842003	-23.3106719339848	0	1
-33.8056041400014	-23.5371633369941	0	1
-33.9999933957988	-23.7636547409929	0	1
-34.1943826515999	-23.9901461440022	0	1
-34.3887719072991	-24.2166375470115	0	1
-34.5831611631002	-24.4431289500208	0	1
-34.7775504189012	-24.6696203540196	0	1
-34.9719396746987	-24.8961117570288	0	1
-35.1663289304997	-25.1226031599799	0	1
-35.3607181863008	-25.3490945639787	0	1
-35.5551074420982	-25.575585966988	0	1
-35.7494966978993	-25.8020773699973	0	1
-35.9438859537004	-26.0285687739961	0	1
-36.1382752095014	-26.2550601770054	0	1
-36.3326644652989	-26.4815515800146	0	1
-36.5270537210017	-26.7080429830239	0	1
-36.7214429767992	-26.9345343870227	0	1
-36.9158322326002	-27.1610257899738	0	1
-37.1102214884013	-27.3875171929831	0	1
-37.2788615380014	-27.6107605809812	0	1
-37.4602145753015	-27.8380259019905	0	1
-37.651811948901	-28.0692778989905	0	1
-37.8511850075993	-28.3044813129818	0	1
-38.0558650999992	-28.5436008850229	0	1
-38.2633835745983	-28.7866013569874	1	1
-38.4712717801995	-29.0334474690026	1	1
-38.6770610655003	-29.2841039630002	1	1
-38.8782827789983	-29.5385355799808	1	1
-39.0724682692999	-29.7967070619925	1	1
-39.2571488852991	-30.058583148988	1	1
-39.4298559753988	-30.3241285830154	1	1
-39.5881208883984	-30.5933081050171	1	1
-39.7294749727989	-30.8660864569829	1	1
-39.8514495773998	-31.142428378982	1	1
-39.9515760506983	-31.4222986139939	1	1
-40.0273857415013	-31.7056619009818	1	1
-40.0764099984008	-31.9924829829833	1	1
-40.0961802120983	-32.2827265880187	1	1
-40.0851736209006	-32.5760745669832	1	1
-40.0452564660009	-32.871195211017	1	1
-39.9790537295012	-33.1665298920125	1	1
-39.8891903937001	-33.4605199809885	1	1
-39.7782914408999	-33.7516068500117	1	1
-39.6489818531991	-34.0382318709744	1	1
-39.5038866128998	-34.3188364160014	1	1
-39.3456307021988	-34.5918618550058	1	1
-39.1768391033002	-34.8557495619752	1	1
-39.0001367984987	-35.1089409069973	1	1
-38.8181487699985	-35.3498772620223	1	1
-38.6521115774995	-35.5585329469759	1	1
-38.4860743850004	-35.7671886309981	0	1
-38.3200371925013	-35.9758443160099	0	1
-38.1539999999986	-36.1844999999739	0	1
-38.0250000000015	-36.3285000000033	0	1
-37.7890399999997	-36.5159400000121	0	1
-37.5530800000015	-36.7033800000208	0	1
-37.3171199999997	-36.8908199999714	0	1
-37.0811600000015	-37.0782599999802	0	1
-36.8451999999997	-37.265699999989	0	1
-36.6092400000016	-37.4531399999978	0	1
-36.3732799999998	-37.6405800000066	0	1
-36.1373200000016	-37.8280200000154	0	1
-35.9013599999998	-38.0154600000242	0	1
-35.6654000000017	-38.2028999999748	0	1
-35.4294399999999	-38.3903399999836	0	1
-35.1934800000017	-38.5777799999923	0	1
-34.9575199999999	-38.7652200000011	0	1
-34.7215600000018	-38.9526600000099	0	1
-34.4856	-39.1401000000187	0	1
-34.2496400000018	-39.3275400000275	0	1
-34.01368	-39.5149799999781	0	1
-33.7777199999982	-39.7024199999869	0	1
-33.5417600000001	-39.8898599999957	0	1
-33.3057999999983	-40.0773000000045	0	1
-33.0698400000001	-40.2647400000133	0	1
-32.8338799999983	-40.4521800000221	0	1
-32.5979200000002	-40.6396199999726	0	1
-32.3619599999984	-40.8270599999814	0	1
-32.1490723089992	-41.0168749479926	0	1
-31.9259254106983	-41.2087614940247	1	1
-31.6932329310985	-41.3995023699827	1	1
-31.4517084959989	-41.5858803039882	1	1
-31.2020657315989	-41.7646780280047	1	1
-30.9450182635992	-41.9326782710268	1	1
-30.6812797181992	-42.0866637650179	1	1
-30.4115637212017	-42.2234172379831	1	1
-30.1365838985985	-42.3397214210127	1	1
-29.8570538763997	-42.4323590450222	1	1
-29.5736872804991	-42.4981128399959	1	1
-29.2871977368013	-42.5337655349867	1	1
-28.9983649118003	-42.5371044250205	1	1
-28.7082653616999	-42.5104329069727	1	1
-28.4180590366013	-42.4573229139787	1	1
-28.1289058910988	-42.3813464409905	1	1
-27.841965879601	-42.2860754859867	1	1
-27.5583989566003	-42.1750820470043	1	1
-27.2793650765998	-42.0519381209742	1	1
-27.0060248029986	-41.9202081669937	1	1
-26.7396820540998	-41.7816821950255	1	1
-26.4819678907988	-41.6341008240124	1	1
-26.2345587929995	-41.4746424800251	1	1
-25.9991312402999	-41.3004855909967	1	1
-25.7772008196989	-41.1090771930176	1	1
-25.5681071457002	-40.9014970959979	1	1
-25.369625773099	-40.6814363030135	1	1
-25.1794979443002	-40.4526430980186	0	1
-24.9954649022002	-40.2188657639781	0	1
-24.8152678892002	-39.983852587	0	1
-24.6366481481018	-39.7513518520282	0	1
-24.4592222222018	-39.5092777779792	0	1
-24.2817962963018	-39.2672037039883	0	1
-24.1043703704017	-39.0251296299975	0	1
-23.9269444443999	-38.7830555560067	0	1
-23.7495185184998	-38.5409814810264	0	1
-23.5720925925998	-38.2989074069774	0	1
-23.3946666666998	-38.0568333329866	0	1
-23.2172407407015	-37.8147592589958	0	1
-23.0398148148015	-37.572685185005	0	1
-22.8623888889015	-37.3306111110142	0	1
-22.6849629630015	-37.0885370370233	0	1
-22.5075370369996	-36.8464629629743	0	1
-22.3301111110995	-36.6043888889835	0	1
-22.1526851851995	-36.3623148149927	0	1
-21.9752592592995	-36.1202407410019	0	1
-21.7978333333012	-35.8781666670111	0	1
-21.6204074074012	-35.6360925930203	0	1
-21.4429814815012	-35.3940185189713	0	1
-21.2655555556012	-35.1519444439909	0	1
-21.0881296295993	-34.9098703700001	0	1
-20.9107037036993	-34.6677962960093	0	1
-20.7332777777992	-34.4257222220185	0	1
-20.5558518518992	-34.1836481480277	0	1
-20.378425925901	-33.9415740739787	0	1
-20.1607883598008	-33.7244616399985	0	1
-19.9431507935988	-33.5073492060183	0	1
-19.7255132274986	-33.2902367719798	0	1
-19.5078756613984	-33.0731243389891	0	1
-19.2902380952	-32.8560119050089	0	1
-19.0726005290999	-32.6388994710287	0	1
-18.8549629629997	-32.4217870369903	0	1
-18.6373253968013	-32.2046746030101	0	1
-18.4196878307012	-31.9875621689716	0	1
-18.202050264601	-31.7704497349914	0	1
-17.984412698399	-31.5533373020007	0	1
-17.7667751322988	-31.3362248680205	0	1
-17.5491375661004	-31.1191124339821	0	1
-17.3320118269985	-30.9219587609987	0	1
-17.1148860877984	-30.7248050890048	0	1
-16.8977603485982	-30.5276514160214	0	1
-16.6806346094017	-30.3304977440275	0	1
-16.4635088702016	-30.1333440709859	0	1
-16.2463831310015	-29.9361903980025	0	1
-16.0292573918014	-29.7390367260086	0	1
-15.8121316526995	-29.5418830530252	0	1
-15.5950059134993	-29.3447293809731	0	1
-15.3778801742992	-29.1475757079897	0	1
-15.1607544350991	-28.9504220350063	0	1
-14.943628695899	-28.7532683630125	0	1
-14.7265029566988	-28.5561146900291	0	1
-14.5093772176006	-28.358961017977	0	1
-14.2922514784004	-28.1618073449936	0	1
-14.0828762320016	-27.9495894539868	0	1
-13.8735009855991	-27.7373715629801	0	1
-13.6641257392002	-27.5251536730211	0	1
-13.4547504928014	-27.3129357820144	0	1
-13.2612254435007	-27.0987422040198	0	1
-13.0677003942001	-26.8845486249775	0	1
-12.8741753450013	-26.6703550469829	0	1
-12.6806502957006	-26.4561614689883	0	1
-12.4892030098999	-26.2246162359952	0	1
-12.297755724001	-25.9930710020126	0	1
-12.1063084382004	-25.7615257690195	0	1
-11.9148611523997	-25.5299805360264	0	1
-11.723413866599	-25.2984353019856	0	1
-11.5319665807001	-25.0668900689925	0	1
-11.3405192948994	-24.8353448359994	0	1
-11.1490720090987	-24.6037996020168	0	1
-10.9576247233017	-24.3722543690237	0	1
-10.766177437501	-24.1407091349829	0	1
-10.5747301515985	-23.9091639019898	0	1
-10.3832828658014	-23.6776186689967	0	1
-10.1918355800008	-23.4460734350141	0	1
-10.0003882942001	-23.214528202021	0	1
-9.80894100830119	-22.9829829690279	0	1
-9.61749372250051	-22.7514377349871	0	1
-9.42604643669983	-22.519892501994	0	1
-9.23459915089916	-22.288347269001	0	1
-9.04315186500025	-22.0568020350183	0	1
-8.85170457919958	-21.8252568020253	0	1
-8.6602572933989	-21.593711568974	0	1
-8.46881000759822	-21.3621663349913	0	1
-8.27736272180118	-21.1306211019983	0	1
-8.08591543589864	-20.8990758680156	0	1
-7.8944681501016	-20.6675306350226	0	1
-7.70302086430092	-20.4359854019713	0	1
-7.51157357850025	-20.2044401679887	0	1
-7.32012629260134	-19.9728949349956	0	1
-7.12867900680067	-19.7413497020025	0	1
-6.93723172099999	-19.5098044680199	0	1
-6.74578443519931	-19.2782592350268	0	1
-6.55433714939863	-19.0467140019755	0	1
-6.36288986349973	-18.8151687679929	0	1
-6.17144257769905	-18.5836235349998	0	1
-5.97999529189838	-18.3520783010172	0	1
-5.78854800610134	-18.1205330680241	0	1
-5.5971007201988	-17.8889878349728	0	1
-5.40565343440176	-17.6574426009902	0	1
-5.21420614860108	-17.4258973679971	0	1
-5.0227588628004	-17.194352135004	0	1
-4.83131157699972	-16.9628069010214	0	1
-4.63986429110082	-16.7312616680283	0	1
-4.44841700530014	-16.499716434977	0	1
-4.25696971949947	-16.2681712009944	0	1
-4.06552243369879	-16.0366259680013	0	1
-3.87407514779989	-15.8050807350082	0	1
-3.68262786199921	-15.5735355010256	0	1
-3.49118057619853	-15.3419902679743	0	1
-3.29973329040149	-15.1104450339917	0	1
-3.10828600449895	-14.8788998009986	0	1
-2.91683871869827	-14.6473545680055	0	1
-2.72539143290123	-14.4158093340229	0	1
-2.53394414710056	-14.1842641009716	0	1
-2.34249686129988	-13.9527188679785	0	1
-2.15104957540098	-13.7211736339959	0	1
-1.9596022896003	-13.4896284010028	0	1
-1.76815500379962	-13.2580831680098	0	1
-1.57670771799894	-13.0265379340271	0	1
-1.38526043210004	-12.7949927009759	0	1
-1.19381314629936	-12.5634474669932	0	1
-1.00236586049868	-12.3319022340002	0	1
-0.810918574701645	-12.1003570010071	0	1
-0.619471288900968	-11.8688117670245	0	1
-0.428024002998427	-11.6372665339732	0	1
-0.236576717201388	-11.4057213009801	0	1
-0.04512943140071	-11.1741760669975	0	1
0.146317854399967	-10.9426308340044	0	1
0.33776514029887	-10.7110856010113	0	1
0.529212426099548	-10.4795403670287	0	1
0.720659711900225	-10.2479951339774	0	1
0.912106997700903	-10.0164499009843	0	1
1.10355428350158	-9.78490466700168	0	1
1.29500156940048	-9.5533594340086	0	1
1.48644885520116	-9.32181420002598	0	1
1.6778961409982	-9.09026896697469	0	1
1.86934342679888	-8.85872373398161	0	1
2.06079071270142	-8.62717849999899	0	1
2.25223799849846	-8.39563326700591	0	1
2.44368528429914	-8.16408803401282	0	1
2.63513257009981	-7.932542799972	0	1
2.82657985599872	-7.70099756697891	0	1
3.01802714179939	-7.46945233398583	0	1
3.20947442760007	-7.23790710000321	0	1
3.40092171340075	-7.00636186701013	0	1
3.59236899920143	-6.77481663302751	0	1
3.78381628510033	-6.54327139997622	0	1
3.97526357090101	-6.31172616698314	0	1
4.16671085670168	-6.08018093300052	0	1
4.35815814249872	-5.84863570000743	0	1
4.54960542840126	-5.61709046701435	0	1
4.7410527141983	-5.38554523297353	0	1
4.93249999999898	-5.15399999998044	0	1