3.740349	-2.719109	0	1
3.928821	-2.485739	0	1
4.117292	-2.25237	0	1
4.305764	-2.019001	0	1
4.494236	-1.785631	0	1
4.682707	-1.552262	0	1
4.871179	-1.318893	0	1
5.05965	-1.085523	0	1
5.248122	-0.852154	0	1
5.436594	-0.618784	0	1
5.625065	-0.385415	0	1
5.813537	-0.152046	0	1
6.002008	0.081324	0	1
6.19048	0.314693	0	1
6.378952	0.548062	0	1
6.567423	0.781432	0	1
6.755895	1.014801	0	1
6.944367	1.248171	0	1
7.132838	1.48154	0	1
7.32131	1.714909	0	1
7.509781	1.948279	0	1
7.698253	2.181648	0	1
7.886725	2.415017	0	1
8.075196	2.648387	0	1
8.263668	2.881756	0	1
8.452139	3.115126	0	1
8.640611	3.348495	0	1
8.829083	3.581864	0	1
9.017554	3.815234	0	1
9.206026	4.048603	0	1
9.394497	4.281972	0	1
9.582969	4.515342	0	1
9.771441	4.748711	0	1
9.959912	4.982081	0	1
10.148384	5.21545	0	1
10.336855	5.448819	0	1
10.525327	5.682189	0	1
10.713799	5.915558	0	1
10.90227	6.148927	0	1
11.090742	6.382297	0	1
11.279214	6.615666	0	1
11.467685	6.849036	0	1
11.656157	7.082405	0	1
11.844628	7.315774	0	1
12.0331	7.549144	0	1
12.221572	7.782513	0	1
12.410043	8.015882	0	1
12.598515	8.249252	0	1
12.786986	8.482621	0	1
12.975458	8.715991	0	1
13.16393	8.94936	0	1
13.352401	9.182729	0	1
13.540873	9.416099	0	1
13.729344	9.649468	0	1
13.917816	9.882837	0	1
14.106288	10.116207	0	1
14.294759	10.349576	0	1
14.483231	10.582945	0	1
14.671703	10.816315	0	1
14.860174	11.049684	0	1
15.048646	11.283054	0	1
15.237117	11.516423	0	1
15.425589	11.749792	0	1
15.614061	11.983162	0	1
15.802532	12.216531	0	1
15.991004	12.4499	0	1
16.179475	12.68327	0	1
16.367947	12.916639	0	1
16.556419	13.150009	0	1
16.74489	13.383378	0	1
16.933362	13.616747	0	1
17.121833	13.850117	0	1
17.310305	14.083486	0	1
17.498777	14.316855	0	1
17.687248	14.550225	0	1
17.87572	14.783594	0	1
18.064192	15.016964	0	1
18.252663	15.250333	0	1
18.441135	15.483702	0	1
18.629606	15.717072	0	1
18.818078	15.950441	0	1
19.00655	16.18381	0	1
19.195021	16.41718	0	1
19.383493	16.650549	0	1
19.571964	16.883919	0	1
19.760436	17.117288	0	1
19.948908	17.350657	0	1
20.137379	17.584027	0	1
20.325851	17.817396	0	1
20.514322	18.050765	0	1
20.702794	18.284135	0	1
20.891266	18.517504	0	1
21.079737	18.750874	0	1
21.268209	18.984243	0	1
21.456681	19.217612	0	1
21.645152	19.450982	0	1
21.833624	19.684351	0	1
22.022095	19.91772	0	1
22.210567	20.15109	0	1
22.399039	20.384459	0	1
22.58751	20.617829	0	1
22.775982	20.851198	0	1
22.964453	21.084567	0	1
23.152925	21.317937	0	1
23.341397	21.551306	0	1
23.529868	21.784675	0	1
23.71834	22.018045	0	1
23.906811	22.251414	0	1
24.095283	22.484783	0	1
24.283755	22.718153	0	1
24.472226	22.951522	0	1
24.660698	23.184892	0	1
24.84917	23.418261	0	1
25.037641	23.65163	0	1
25.226113	23.885	0	1
25.414584	24.118369	0	1
25.603056	24.351738	0	1
25.791528	24.585108	0	1
25.979999	24.818477	0	1
26.168471	25.051847	0	1
26.356942	25.285216	0	1
26.545414	25.518585	0	1
26.733886	25.751955	0	1
26.922357	25.985324	0	1
27.110829	26.218693	0	1
27.2993	26.452063	0	1
27.487772	26.685432	0	1
27.676244	26.918802	0	1
27.864715	27.152171	0	1
28.053187	27.38554	0	1
28.241659	27.61891	0	1
28.43013	27.852279	0	1
28.618602	28.085648	0	1
28.807073	28.319018	0	1
28.995545	28.552387	0	1
29.184017	28.785757	0	1
29.372488	29.019126	0	1
29.56096	29.252495	0	1
29.749431	29.485865	0	1
29.937903	29.719234	0	1
30.126375	29.952603	0	1
30.314846	30.185973	0	1
30.503318	30.419342	0	1
30.691789	30.652712	0	1
30.880261	30.886081	0	1
31.068733	31.11945	0	1
31.257204	31.35282	0	1
31.445676	31.586189	0	1
31.634147	31.819558	0	1
31.822619	32.052928	0	1
32.011091	32.286297	0	1
32.199562	32.519667	0	1
32.388034	32.753036	0	1
32.576506	32.986405	0	1
32.764977	33.219775	0	1
32.953449	33.453144	0	1
33.14192	33.686513	0	1
33.330392	33.919883	0	1
33.518864	34.153252	0	1
33.707335	34.386622	0	1
33.895807	34.619991	0	1
34.084278	34.85336	0	1
34.27275	35.08673	0	1
34.461222	35.320099	0	1
34.649693	35.553468	0	1
34.838165	35.786838	0	1
35.026636	36.020207	0	1
35.215108	36.253576	0	1
35.40358	36.486946	0	1
35.592051	36.720315	0	1
35.780523	36.953685	0	1
35.968995	37.187054	0	1
36.157466	37.420423	0	1
36.345938	37.653793	0	1
36.534409	37.887162	0	1
36.722881	38.120531	0	1
36.911353	38.353901	0	1
37.099824	38.58727	0	1
37.288296	38.82064	0	1
37.476767	39.054009	0	1
37.665239	39.287378	0	1
37.853711	39.520748	0	1
38.042182	39.754117	0	1
38.230654	39.987486	0	1
38.419125	40.220856	0	1
38.607597	40.454225	0	1
38.796069	40.687595	0	1
38.98454	40.920964	0	1
39.173012	41.154333	0	1
39.361484	41.387703	0	1
39.549955	41.621072	0	1
39.738427	41.854441	0	1
39.926898	42.087811	0	1
40.11537	42.32118	0	1
40.303842	42.55455	0	1
40.492313	42.787919	0	1
40.680785	43.021288	0	1
40.869256	43.254658	0	1
41.057728	43.488027	0	1
41.2462	43.721396	0	1
41.434671	43.954766	0	1
41.623142	44.188136	0	1
41.811613	44.421505	0	1
42.000083	44.654876	0	1
42.188549	44.88825	0	1
42.377006	45.121632	0	1
42.565436	45.355034	0	1
42.753795	45.588494	0	1
42.941958	45.82211	0	1
43.129585	46.056155	0	1
43.315744	46.291375	0	1
43.446024	46.469835	0	1
43.592665	46.633187	0	1
43.792466	46.856484	0	1
43.990999	47.08116	0	1
44.189069	47.306341	0	1
44.386969	47.531707	0	1
44.584808	47.757139	0	1
44.782625	47.982596	0	1
44.980433	48.208062	0	1
45.178238	48.433531	0	1
45.376042	48.659002	0	1
45.573846	48.884473	0	1
45.771649	49.109944	0	1
45.969452	49.335415	0	1
46.167256	49.560886	0	1
46.365059	49.786357	0	1
46.562863	50.011828	0	1
46.760666	50.2373	0	1
46.958469	50.462771	0	1
47.156273	50.688242	0	1
47.354076	50.913713	0	1
47.551879	51.139184	0	1
47.749683	51.364656	0	1
47.947486	51.590127	0	1
48.145289	51.815598	0	1
48.343093	52.041069	0	1
48.540897	52.26654	0	1
48.738701	52.49201	0	1
48.936506	52.717479	0	1
49.134315	52.942944	0	1
49.332134	53.168399	0	1
49.529979	53.393824	0	1
49.727897	53.61917	0	1
49.926015	53.844299	0	1
50.124679	54.068833	0	1
50.324838	54.29174	0	1
50.524935	54.50613	0	1
50.71009	54.733738	0	1
50.903313	54.96209	0	1
51.096899	55.190135	0	1
51.290485	55.41818	0	1
51.484071	55.646225	0	1
51.677657	55.874269	0	1
51.871243	56.102314	0	1
52.064829	56.330359	0	1
52.258415	56.558404	0	1
52.452001	56.786449	0	1
52.645586	57.014493	0	1
52.839172	57.242538	0	1
53.032758	57.470583	0	1
53.226344	57.698628	0	1
53.419929	57.926673	0	1
53.613515	58.154718	0	1
53.807101	58.382763	0	1
54.000686	58.610808	0	1
54.194272	58.838853	0	1
54.387858	59.066898	0	1
54.581443	59.294943	0	1
54.775029	59.522988	0	1
54.968614	59.751034	0	1
55.1622	59.979079	0	1
55.355786	60.207124	0	1
55.549371	60.435169	0	1
55.742957	60.663214	0	1
55.936542	60.891259	0	1
56.130128	61.119304	0	1
56.323713	61.34735	0	1
56.517298	61.575395	0	1
56.710884	61.80344	0	1
56.904469	62.031485	0	1
57.098055	62.25953	0	1
57.29164	62.487576	0	1
57.485225	62.715621	0	1
57.678811	62.943666	0	1
57.872396	63.171712	0	1
58.065981	63.399757	0	1
58.259567	63.627802	0	1
58.453152	63.855848	0	1
58.646737	64.083893	0	1
58.840322	64.311938	0	1
59.033908	64.539984	0	1
59.227493	64.768029	0	1
59.421078	64.996075	0	1
59.614663	65.22412	0	1
59.808248	65.452166	0	1
60.001833	65.680211	0	1
60.195418	65.908257	0	1
60.389003	66.136302	0	1
60.582588	66.364348	0	1
60.776173	66.592393	0	1
60.969758	66.820439	0	1
61.163343	67.048485	0	1
61.356927	67.276531	0	1
61.550512	67.504577	0	1
61.744096	67.732623	0	1
61.936949	67.959801	0	1
62.159163	68.232951	0	1
62.367748	68.505875	0	1
62.563039	68.778952	0	1
62.745048	69.052176	0	1
62.913789	69.325541	0	1
63.069276	69.599041	0	1
63.211527	69.872676	0	1
63.34056	70.146445	0	1
63.456396	70.420351	0	1
63.559055	70.694401	0	1
63.648557	70.968606	0	1
63.724923	71.242981	0	1
63.788171	71.517544	0	1
63.838319	71.792318	0	1
63.875381	72.067329	0	1
63.899368	72.342606	0	1
63.910286	72.618179	0	1
63.908137	72.89408	0	1
63.892919	73.170341	0	1
63.864626	73.446992	0	1
63.823246	73.724062	0	1
63.768766	74.001577	0	1
63.701169	74.279557	0	1
63.620437	74.558022	0	1
63.526548	74.836986	0	1
63.419484	75.116458	0	1
63.299224	75.396446	0	1
63.16575	75.676952	0	1
63.019041	75.957977	0	1
62.859084	76.239518	0	1
62.685861	76.521571	0	1
62.499361	76.80413	0	1
62.299848	77.086809	0	1
62.118931	77.321174	0	1
61.927412	77.547059	0	1
61.725385	77.76392	0	1
61.514431	77.969877	0	1
61.275921	78.164734	0	1
61.034109	78.362378	0	1
60.792292	78.560015	0	1
60.550472	78.757649	0	1
60.308651	78.955283	0	1
60.066831	79.152916	0	1
59.82501	79.350549	0	1
59.583188	79.548182	0	1
59.341367	79.745814	0	1
59.099544	79.943444	0	1
58.859473	80.139668	0	1
58.620691	80.317188	0	1
58.376336	80.494325	0	1
58.127946	80.66878	0	1
57.875573	80.839395	0	1
57.619274	81.005014	0	1
57.359107	81.164479	0	1
57.095135	81.31664	0	1
56.827421	81.460347	0	1
56.4692727378992	81.6646050111504	0	1
56.1180382029492	81.8506372774715	0	1
55.7737173951501	82.0184437989632	0	1
55.4363103145017	82.1680245756255	0	1
55.1058169610041	82.2993796074583	0	1
54.7822373346574	82.4125088944619	0	1
54.4655714354614	82.507412436636	0	1
54.1558192634162	82.5840902339807	0	1
53.8529808185219	82.6425422864961	0	1
53.5570561007784	82.6827685941821	0	1
53.2680451101856	82.7047691570387	0	1
52.9859478467437	82.7085439750659	0	1
52.7107643104526	82.6940930482637	0	1
52.4424945013122	82.6614163766322	0	1
52.1811384193227	82.6105139601712	0	1
51.926696064484	82.5413857988809	0	1
51.6791674367961	82.4540318927612	0	1
51.438552536259	82.3484522418121	0	1
51.2048513628727	82.2246468460337	0	1
50.9780639166372	82.0826157054258	0	1
50.7581901975526	81.9223588199885	0	1
50.5452302056187	81.7438761897219	0	1
50.3391839408356	81.5471678146259	0	1
50.1400514032033	81.3322336947005	0	1
49.9478325927219	81.0990738299457	0	1
49.7625275093912	80.8476882203616	0	1
49.5841361532114	80.578076865948	0	1
49.4126585241823	80.2902397667051	0	1
49.2480946223041	79.9841769226328	0	1
49.0904444475766	79.6598883337311	0	1
48.939708	79.317374	0	1
48.690092	78.941192	0	1
48.43964	78.565466	0	1
48.193996	78.189374	0	1
48.01407	77.958525	0	1
47.836908	77.722186	0	1
47.661345	77.484775	0	1
47.486364	77.246976	0	1
47.311587	77.009039	0	1
47.136865	76.771065	0	1
46.962107	76.533116	0	1
46.787181	76.295279	0	1
46.611774	76.057765	0	1
46.435038	75.82114	0	1
46.249721	75.579227	0	1
46.07165	75.323428	0	1
45.894274	75.077517	0	1
45.715501	74.832383	0	1
45.536217	74.587531	0	1
45.356747	74.342784	0	1
45.177209	74.098074	0	1
44.997645	73.853379	0	1
44.818073	73.608688	0	1
44.638497	73.363999	0	1
44.45892	73.11931	0	1
44.279344	72.874622	0	1
44.099769	72.629933	0	1
43.920198	72.385241	0	1
43.740639	72.140542	0	1
43.561114	71.895826	0	1
43.381679	71.651058	0	1
43.202493	71.406153	0	1
43.023988	71.160869	0	1
42.847345	70.914551	0	1
42.720692	70.738334	0	1
42.57514	70.580671	0	1
42.382669	70.350463	0	1
42.191843	70.118906	0	1
42.001617	69.886857	0	1
41.811612	69.654628	0	1
41.621687	69.422333	0	1
41.431791	69.190015	0	1
41.241905	68.957687	0	1
41.052024	68.725357	0	1
40.862144	68.493025	0	1
40.672265	68.260692	0	1
40.482385	68.02836	0	1
40.292506	67.796027	0	1
40.102627	67.563695	0	1
39.912748	67.331362	0	1
39.722869	67.09903	0	1
39.53299	66.866697	0	1
39.343111	66.634365	0	1
39.153232	66.402032	0	1
38.963352	66.1697	0	1
38.773473	65.937367	0	1
38.583594	65.705035	0	1
38.393715	65.472702	0	1
38.203836	65.24037	0	1
38.013957	65.008037	0	1
37.824078	64.775705	0	1
37.634199	64.543372	0	1
37.444319	64.311039	0	1
37.25444	64.078707	0	1
37.064561	63.846374	0	1
36.874682	63.614042	0	1
36.684803	63.381709	0	1
36.494924	63.149377	0	1
36.305045	62.917044	0	1
36.115166	62.684712	0	1
35.925287	62.452379	0	1
35.735407	62.220047	0	1
35.545528	61.987714	0	1
35.355649	61.755382	0	1
35.16577	61.523049	0	1
34.975891	61.290716	0	1
34.786012	61.058384	0	1
34.596133	60.826051	0	1
34.406254	60.593719	0	1
34.216374	60.361386	0	1
34.026495	60.129054	0	1
33.836616	59.896721	0	1
33.646737	59.664389	0	1
33.456858	59.432056	0	1
33.266979	59.199724	0	1
33.0771	58.967391	0	1
32.887221	58.735059	0	1
32.697342	58.502726	0	1
32.507462	58.270394	0	1
32.317583	58.038061	0	1
32.127704	57.805728	0	1
31.937825	57.573396	0	1
31.747946	57.341063	0	1
31.558067	57.108731	0	1
31.368188	56.876398	0	1
31.178309	56.644066	0	1
30.98843	56.411733	0	1
30.79855	56.179401	0	1
30.608671	55.947068	0	1
30.418792	55.714736	0	1
30.228913	55.482403	0	1
30.039034	55.250071	0	1
29.849155	55.017738	0	1
29.659276	54.785405	0	1
29.469397	54.553073	0	1
29.279517	54.32074	0	1
29.089638	54.088408	0	1
28.899759	53.856075	0	1
28.70988	53.623743	0	1
28.520001	53.39141	0	1
28.330122	53.159078	0	1
28.140243	52.926745	0	1
27.950364	52.694413	0	1
27.760485	52.46208	0	1
27.570605	52.229748	0	1
27.380726	51.997415	0	1
27.190847	51.765083	0	1
27.000968	51.53275	0	1
26.811089	51.300417	0	1
26.62121	51.068085	0	1
26.431331	50.835752	0	1
26.241452	50.60342	0	1
26.051572	50.371087	0	1
25.861693	50.138755	0	1
25.671814	49.906422	0	1
25.481935	49.67409	0	1
25.292056	49.441757	0	1
25.102177	49.209425	0	1
24.912298	48.977092	0	1
24.722419	48.74476	0	1
24.53254	48.512427	0	1
24.34266	48.280095	0	1
24.152781	48.047762	0	1
23.962902	47.815429	0	1
23.773023	47.583097	0	1
23.583144	47.350764	0	1
23.393265	47.118432	0	1
23.203386	46.886099	0	1
23.013507	46.653767	0	1
22.823628	46.421434	0	1
22.633748	46.189102	0	1
22.443869	45.956769	0	1
22.25399	45.724437	0	1
22.064111	45.492104	0	1
21.874232	45.259772	0	1
21.684353	45.027439	0	1
21.494474	44.795106	0	1
21.304595	44.562774	0	1
21.114715	44.330441	0	1
20.924836	44.098109	0	1
20.734957	43.865776	0	1
20.545078	43.633444	0	1
20.355199	43.401111	0	1
20.16532	43.168779	0	1
19.975441	42.936446	0	1
19.785562	42.704114	0	1
19.595683	42.471781	0	1
19.405803	42.239449	0	1
19.215924	42.007116	0	1
19.026045	41.774784	0	1
18.836166	41.542451	0	1
18.646287	41.310118	0	1
18.456408	41.077786	0	1
18.266529	40.845453	0	1
18.07665	40.613121	0	1
17.88677	40.380788	0	1
17.696891	40.148456	0	1
17.507012	39.916123	0	1
17.317133	39.683791	0	1
17.127254	39.451458	0	1
16.937375	39.219126	0	1
16.747496	38.986793	0	1
16.557617	38.754461	0	1
16.367738	38.522128	0	1
16.177858	38.289795	0	1
15.987979	38.057463	0	1
15.7981	37.82513	0	1
15.608221	37.592798	0	1
15.418342	37.360465	0	1
15.228463	37.128133	0	1
15.038584	36.8958	0	1
14.848705	36.663467	0	1
14.658827	36.431134	0	1
14.468949	36.1988	0	1
14.279076	35.966463	0	1
14.089211	35.734119	0	1
13.899372	35.501754	0	1
13.709601	35.269332	0	1
13.52002	35.036756	0	1
13.330956	34.803755	0	1
13.143307	34.569595	0	1
12.998519	34.376778	0	1
12.838129	34.19608	0	1
12.639303	33.96983	0	1
12.441728	33.742244	0	1
12.24461	33.51417	0	1
12.047659	33.285919	0	1
11.850769	33.057602	0	1
11.653902	32.829261	0	1
11.457043	32.600912	0	1
11.260186	32.372559	0	1
11.063331	32.144206	0	1
10.866476	31.915852	0	1
10.669621	31.687497	0	1
10.472767	31.459143	0	1
10.275912	31.230789	0	1
10.079057	31.002435	0	1
9.882203	30.77408	0	1
9.685348	30.545726	0	1
9.488493	30.317372	0	1
9.291639	30.089017	0	1
9.094784	29.860663	0	1
8.897929	29.632309	0	1
8.701074	29.403955	0	1
8.504219	29.175601	0	1
8.307362	28.947249	0	1
8.110501	28.718901	0	1
7.913631	28.490564	0	1
7.716733	28.262256	0	1
7.519759	28.034029	0	1
7.322577	27.806023	0	1
7.124829	27.578623	0	1
6.925528	27.352879	0	1
6.726315	27.136007	0	1
6.543314	26.905575	0	1
6.352424	26.673709	0	1
6.161524	26.441852	0	1
5.97062	26.209998	0	1
5.779714	25.978146	0	1
5.588808	25.746294	0	1
5.397901	25.514443	0	1
5.206994	25.282591	0	1
5.016087	25.050739	0	1
4.825181	24.818888	0	1
4.634274	24.587036	0	1
4.443367	24.355184	0	1
4.252461	24.123333	0	1
4.061554	23.891481	0	1
3.870647	23.65963	0	1
3.67974	23.427778	0	1
3.488834	23.195926	0	1
3.297927	22.964075	0	1
3.10702	22.732223	0	1
2.916113	22.500372	0	1
2.725207	22.26852	0	1
2.5343	22.036668	0	1
2.343393	21.804817	0	1
2.152486	21.572965	0	1
1.96158	21.341114	0	1
1.770673	21.109262	0	1
1.579766	20.87741	0	1
1.38886	20.645559	0	1
1.197953	20.413707	0	1
1.007046	20.181855	0	1
0.816139	19.950004	0	1
0.625233	19.718152	0	1
0.434326	19.486301	0	1
0.243419	19.254449	0	1
0.052512	19.022597	0	1
-0.138394	18.790746	0	1
-0.329301	18.558894	0	1
-0.520208	18.327043	0	1
-0.711115	18.095191	0	1
-0.902021	17.863339	0	1
-1.092928	17.631488	0	1
-1.283835	17.399636	0	1
-1.474741	17.167785	0	1
-1.665648	16.935933	0	1
-1.856555	16.704081	0	1
-2.047462	16.47223	0	1
-2.238368	16.240378	0	1
-2.429275	16.008527	0	1
-2.620182	15.776675	0	1
-2.811089	15.544823	0	1
-3.001995	15.312972	0	1
-3.192902	15.08112	0	1
-3.383809	14.849268	0	1
-3.574716	14.617417	0	1
-3.765622	14.385565	0	1
-3.956529	14.153714	0	1
-4.147436	13.921862	0	1
-4.338343	13.69001	0	1
-4.529249	13.458159	0	1
-4.720156	13.226307	0	1
-4.911063	12.994456	0	1
-5.101969	12.762604	0	1
-5.292876	12.530752	0	1
-5.483783	12.298901	0	1
-5.67469	12.067049	0	1
-5.865596	11.835198	0	1
-6.056503	11.603346	0	1
-6.24741	11.371494	0	1
-6.438317	11.139643	0	1
-6.629223	10.907791	0	1
-6.82013	10.67594	0	1
-7.011037	10.444088	0	1
-7.201944	10.212236	0	1
-7.39285	9.980385	0	1
-7.583757	9.748533	0	1
-7.774664	9.516682	0	1
-7.96557	9.28483	0	1
-8.156477	9.052978	0	1
-8.347384	8.821127	0	1
-8.538291	8.589275	0	1
-8.729197	8.357423	0	1
-8.920104	8.125572	0	1
-9.111011	7.89372	0	1
-9.301918	7.661869	0	1
-9.492824	7.430017	0	1
-9.683731	7.198165	0	1
-9.874638	6.966314	0	1
-10.065545	6.734462	0	1
-10.256451	6.502611	0	1
-10.447358	6.270759	0	1
-10.638265	6.038907	0	1
-10.829172	5.807056	0	1
-11.020078	5.575204	0	1
-11.210985	5.343353	0	1
-11.401892	5.111501	0	1
-11.592798	4.879649	0	1
-11.783705	4.647798	0	1
-11.974612	4.415946	0	1
-12.165519	4.184095	0	1
-12.356425	3.952243	0	1
-12.547332	3.720391	0	1
-12.738239	3.48854	0	1
-12.929146	3.256688	0	1
-13.120052	3.024836	0	1
-13.310959	2.792985	0	1
-13.501866	2.561133	0	1
-13.692773	2.329282	0	1
-13.883679	2.09743	0	1
-14.074586	1.865578	0	1
-14.265493	1.633727	0	1
-14.456399	1.401875	0	1
-14.647306	1.170024	0	1
-14.838213	0.938172	0	1
-15.02912	0.70632	0	1
-15.220026	0.474469	0	1
-15.410933	0.242617	0	1
-15.60184	0.010766	0	1
-15.792747	-0.221086	0	1
-15.983653	-0.452938	0	1
-16.17456	-0.684789	0	1
-16.365467	-0.916641	0	1
-16.556374	-1.148492	0	1
-16.74728	-1.380344	0	1
-16.938187	-1.612196	0	1
-17.129094	-1.844047	0	1
-17.32	-2.075899	0	1
-17.510907	-2.307751	0	1
-17.701814	-2.539602	0	1
-17.892721	-2.771454	0	1
-18.083627	-3.003305	0	1
-18.274534	-3.235157	0	1
-18.465441	-3.467009	0	1
-18.656348	-3.69886	0	1
-18.847254	-3.930712	0	1
-19.038161	-4.162563	0	1
-19.229068	-4.394415	0	1
-19.419975	-4.626267	0	1
-19.610881	-4.858118	0	1
-19.801788	-5.08997	0	1
-19.992695	-5.321821	0	1
-20.183602	-5.553673	0	1
-20.374508	-5.785525	0	1
-20.565415	-6.017376	0	1
-20.756322	-6.249228	0	1
-20.947228	-6.481079	0	1
-21.138135	-6.712931	0	1
-21.329042	-6.944783	0	1
-21.519949	-7.176634	0	1
-21.710855	-7.408486	0	1
-21.901762	-7.640337	0	1
-22.092669	-7.872189	0	1
-22.283576	-8.104041	0	1
-22.474482	-8.335892	0	1
-22.665389	-8.567744	0	1
-22.856296	-8.799596	0	1
-23.047203	-9.031447	0	1
-23.238109	-9.263299	0	1
-23.429016	-9.49515	0	1
-23.619923	-9.727002	0	1
-23.810829	-9.958854	0	1
-24.001736	-10.190705	0	1
-24.192643	-10.422557	0	1
-24.38355	-10.654408	0	1
-24.574456	-10.88626	0	1
-24.765363	-11.118112	0	1
-24.95627	-11.349963	0	1
-25.147177	-11.581815	0	1
-25.338083	-11.813666	0	1
-25.52899	-12.045518	0	1
-25.719897	-12.27737	0	1
-25.910804	-12.509221	0	1
-26.10171	-12.741073	0	1
-26.292617	-12.972924	0	1
-26.483524	-13.204776	0	1
-26.67443	-13.436628	0	1
-26.865337	-13.668479	0	1
-27.056244	-13.900331	0	1
-27.247151	-14.132183	0	1
-27.438057	-14.364034	0	1
-27.628964	-14.595886	0	1
-27.819871	-14.827737	0	1
-28.010778	-15.059589	0	1
-28.201684	-15.291441	0	1
-28.392591	-15.523292	0	1
-28.583498	-15.755144	0	1
-28.774405	-15.986995	0	1
-28.965311	-16.218847	0	1
-29.156218	-16.450699	0	1
-29.347125	-16.68255	0	1
-29.538032	-16.914402	0	1
-29.728938	-17.146253	0	1
-29.919845	-17.378105	0	1
-30.110752	-17.609957	0	1
-30.301658	-17.841808	0	1
-30.492565	-18.07366	0	1
-30.683472	-18.305511	0	1
-30.874379	-18.537363	0	1
-31.065285	-18.769215	0	1
-31.256192	-19.001066	0	1
-31.447099	-19.232918	0	1
-31.638006	-19.464769	0	1
-31.828912	-19.696621	0	1
-32.019819	-19.928473	0	1
-32.210726	-20.160324	0	1
-32.401633	-20.392176	0	1
-32.592539	-20.624028	0	1
-32.783446	-20.855879	0	1
-32.974353	-21.087731	0	1
-33.165259	-21.319582	0	1
-33.356166	-21.551434	0	1
-33.547073	-21.783286	0	1
-33.73798	-22.015137	0	1
-33.928886	-22.246989	0	1
-34.119793	-22.47884	0	1
-34.3107	-22.710692	0	1
-34.501607	-22.942544	0	1
-34.692513	-23.174395	0	1
-34.88342	-23.406247	0	1
-35.074327	-23.638098	0	1
-35.265234	-23.86995	0	1
-35.45614	-24.101802	0	1
-35.647047	-24.333653	0	1
-35.837954	-24.565505	0	1
-36.028861	-24.797356	0	1
-36.219767	-25.029208	0	1
-36.410674	-25.26106	0	1
-36.601581	-25.492911	0	1
-36.792487	-25.724763	0	1
-36.983394	-25.956615	0	1
-37.174301	-26.188466	0	1
-37.365207	-26.420318	0	1
-37.556113	-26.65217	0	1
-37.747017	-26.884024	0	1
-37.937918	-27.115881	0	1
-38.1304881111111	-27.3600326666667	0	1
-38.3230582222222	-27.6041843333333	0	1
-38.5156283333333	-27.848336	0	1
-38.7081984444444	-28.0924876666667	0	1
-38.9007685555556	-28.3366393333333	0	1
-39.0933386666667	-28.580791	0	1
-39.2859087777778	-28.8249426666667	0	1
-39.4784788888889	-29.0690943333333	0	1
-39.671049	-29.313246	0	1
-39.853197	-29.598762	0	1
-40.022661	-29.882867	0	1
-40.2234081267016	-30.1587302471885	0	1
-40.4082650597451	-30.4342192042358	0	1
-40.5772317991303	-30.7093338711419	0	1
-40.7303083448574	-30.9840742479068	0	1
-40.8674946969264	-31.2584403345305	0	1
-40.9887908553371	-31.532432131013	0	1
-41.0941968200897	-31.8060496373544	0	1
-41.1837125911842	-32.0792928535545	0	1
-41.2573381686204	-32.3521617796135	0	1
-41.3150735523985	-32.6246564155312	0	1
-41.3569187425185	-32.8967767613078	0	1
-41.3828737389802	-33.1685228169431	0	1
-41.3929385417838	-33.4398945824373	0	1
-41.3871131509292	-33.7108920577903	0	1
-41.3653975664165	-33.9815152430021	0	1
-41.3277917882456	-34.2517641380727	0	1
-41.2742958164165	-34.5216387430021	0	1
-41.2049096509292	-34.7911390577903	0	1
-41.1196332917838	-35.0602650824373	0	1
-41.0184667389802	-35.3290168169431	0	1
-40.9014099925185	-35.5973942613078	0	1
-40.7684630523985	-35.8653974155312	0	1
-40.6196259186204	-36.1330262796135	0	1
-40.4548985911842	-36.4002808535545	0	1
-40.2742810700897	-36.6671611373544	0	1
-40.0777733553371	-36.933667131013	0	1
-39.8653754469264	-37.1997988345305	0	1
-39.6370873448574	-37.4655562479068	0	1
-39.3929090491303	-37.7309393711419	0	1
-39.1328405597451	-37.9959482042358	0	1
-38.8568818767016	-38.2605827471885	0	1
-38.565033	-38.524843	0	1
-38.306568	-38.767402	0	1
-38.035367	-39.008849	0	1
-37.752637	-39.250639	0	1
-37.454291	-39.49523	0	1
-37.237283	-39.696	0	1
-37.001901	-39.865805	0	1
-36.761964	-40.04103	0	1
-36.522329	-40.216672	0	1
-36.282756	-40.3924	0	1
-36.043077	-40.567982	0	1
-35.803004	-40.743019	0	1
-35.559829	-40.917994	0	1
-35.334526	-41.093004	0	1
-35.104813	-41.260054	0	1
-34.866703	-41.421075	0	1
-34.619463	-41.573953	0	1
-34.363784	-41.718408	0	1
-34.098105	-41.856317	0	1
-33.765644	-42.035107	0	1
-33.4028727036543	-42.2474169415487	0	1
-33.0467159407914	-42.4419627665828	0	1
-32.6971737114113	-42.6187444751023	0	1
-32.3542460155141	-42.7777620671073	0	1
-32.0179328530996	-42.9190155425977	0	1
-31.688234224168	-43.0425049015736	0	1
-31.3651501287192	-43.1482301440349	0	1
-31.0486805667533	-43.2361912699817	0	1
-30.7388255382701	-43.3063882794139	0	1
-30.4355850432698	-43.3588211723315	0	1
-30.1389590817523	-43.3934899487345	0	1
-29.8489476537177	-43.4103946086231	0	1
-29.5655507591658	-43.409535151997	0	1
-29.2887683980968	-43.3909115788564	0	1
-29.0186005705106	-43.3545238892012	0	1
-28.7550472764072	-43.3003720830315	0	1
-28.4981085157866	-43.2284561603472	0	1
-28.2477842886489	-43.1387761211483	0	1
-28.004074594994	-43.0313319654349	0	1
-27.7669794348219	-42.906123693207	0	1
-27.5364988081326	-42.7631513044644	0	1
-27.3126327149261	-42.6024147992073	0	1
-27.0953811552025	-42.4239141774357	0	1
-26.8847441289617	-42.2276494391495	0	1
-26.6807216362037	-42.0136205843487	0	1
-26.4833136769286	-41.7818276130334	0	1
-26.2925202511362	-41.5322705252035	0	1
-26.1083413588267	-41.264949320859	0	1
-25.930777	-40.979864	0	1
-25.717027	-40.728504	0	1
-25.506939	-40.462615	0	1
-25.300529	-40.182187	0	1
-25.093873	-39.889828	0	1
-24.88625	-39.579828	0	1
-24.697692	-39.33082	0	1
-24.516487	-39.082218	0	1
-24.337188	-38.832486	0	1
-24.159213	-38.582561	0	1
-23.983058	-38.332634	0	1
-23.809278	-38.082903	0	1
-23.637625	-37.834148	0	1
-23.46784	-37.587154	0	1
-23.299703	-37.342676	0	1
-23.132926	-37.101511	0	1
-22.967677	-36.877183	0	1
-22.828292	-36.626682	0	1
-22.675446	-36.370789	0	1
-22.519275	-36.116267	0	1
-22.36189	-35.862246	0	1
-22.204061	-35.608408	0	1
-22.04607	-35.354637	0	1
-21.88802	-35.10089	0	1
-21.729948	-34.847151	0	1
-21.571869	-34.593416	0	1
-21.413787	-34.339682	0	1
-21.255707	-34.085948	0	1
-21.097632	-33.832211	0	1
-20.939573	-33.578468	0	1
-20.781557	-33.324706	0	1
-20.623661	-33.070896	0	1
-20.466091	-32.816951	0	1
-20.309414	-32.562638	0	1
-20.155181	-32.307317	0	1
-20.06178	-32.156868	0	1
-19.935158	-32.030385	0	1
-19.745182	-31.801706	0	1
-19.557263	-31.57133	0	1
-19.370095	-31.340335	0	1
-19.183201	-31.109112	0	1
-18.996407	-30.877807	0	1
-18.80965	-30.646472	0	1
-18.622907	-30.415126	0	1
-18.436168	-30.183776	0	1
-18.249432	-29.952424	0	1
-18.062695	-29.721072	0	1
-17.87596	-29.489719	0	1
-17.689224	-29.258366	0	1
-17.502488	-29.027014	0	1
-17.315752	-28.795661	0	1
-17.129016	-28.564309	0	1
-16.942281	-28.332956	0	1
-16.755545	-28.101603	0	1
-16.568809	-27.870251	0	1
-16.382073	-27.638898	0	1
-16.195338	-27.407545	0	1
-16.008602	-27.176193	0	1
-15.821866	-26.94484	0	1
-15.63513	-26.713488	0	1
-15.448395	-26.482135	0	1
-15.261659	-26.250782	0	1
-15.074923	-26.01943	0	1
-14.888187	-25.788077	0	1
-14.701452	-25.556724	0	1
-14.514716	-25.325372	0	1
-14.32798	-25.094019	0	1
-14.141244	-24.862667	0	1
-13.954509	-24.631314	0	1
-13.767773	-24.399961	0	1
-13.581037	-24.168609	0	1
-13.394301	-23.937256	0	1
-13.207566	-23.705903	0	1
-13.02083	-23.474551	0	1
-12.834094	-23.243198	0	1
-12.647358	-23.011846	0	1
-12.460622	-22.780493	0	1
-12.273886	-22.549141	0	1
-12.087148	-22.317791	0	1
-11.900406	-22.086443	0	1
-11.713653	-21.855104	0	1
-11.526871	-21.62379	0	1
-11.340009	-21.392542	0	1
-11.152927	-21.161475	0	1
-10.962056	-20.927011	0	1
-10.771413	-20.688992	0	1
-10.770712	-20.689553	0	1
-10.582369	-20.456081	0	1
-10.393944	-20.222674	0	1
-10.205489	-19.989291	0	1
-10.017024	-19.755917	0	1
-9.828555	-19.522546	0	1
-9.640084	-19.289176	0	1
-9.451613	-19.055806	0	1
-9.263141	-18.822437	0	1
-9.074669	-18.589067	0	1
-8.886198	-18.355698	0	1
-8.697726	-18.122328	0	1
-8.509255	-17.888959	0	1
-8.320783	-17.65559	0	1
-8.132311	-17.42222	0	1
-7.94384	-17.188851	0	1
-7.755368	-16.955481	0	1
-7.566897	-16.722112	0	1
-7.378425	-16.488743	0	1
-7.189953	-16.255373	0	1
-7.001482	-16.022004	0	1
-6.81301	-15.788635	0	1
-6.624539	-15.555265	0	1
-6.436067	-15.321896	0	1
-6.247595	-15.088526	0	1
-6.059124	-14.855157	0	1
-5.870652	-14.621788	0	1
-5.68218	-14.388418	0	1
-5.493709	-14.155049	0	1
-5.305237	-13.92168	0	1
-5.116766	-13.68831	0	1
-4.928294	-13.454941	0	1
-4.739822	-13.221572	0	1
-4.551351	-12.988202	0	1
-4.362879	-12.754833	0	1
-4.174408	-12.521463	0	1
-3.985936	-12.288094	0	1
-3.797464	-12.054725	0	1
-3.608993	-11.821355	0	1
-3.420521	-11.587986	0	1
-3.23205	-11.354617	0	1
-3.043578	-11.121247	0	1
-2.855106	-10.887878	0	1
-2.666635	-10.654508	0	1
-2.478163	-10.421139	0	1
-2.289692	-10.18777	0	1
-2.10122	-9.9544	0	1
-1.912748	-9.721031	0	1
-1.724277	-9.487662	0	1
-1.535805	-9.254292	0	1
-1.347333	-9.020923	0	1
-1.158862	-8.787553	0	1
-0.97039	-8.554184	0	1
-0.781919	-8.320815	0	1
-0.593447	-8.087445	0	1
-0.404975	-7.854076	0	1
-0.216504	-7.620707	0	1
-0.028032	-7.387337	0	1
0.160439	-7.153968	0	1
0.348911	-6.920598	0	1
0.537383	-6.687229	0	1
0.725854	-6.45386	0	1
0.914326	-6.22049	0	1
1.102797	-5.987121	0	1
1.291269	-5.753752	0	1
1.479741	-5.520382	0	1
1.668212	-5.287013	0	1
1.856684	-5.053643	0	1
2.045156	-4.820274	0	1
2.233627	-4.586905	0	1
2.422099	-4.353535	0	1
2.61057	-4.120166	0	1
2.799042	-3.886797	0	1
2.987514	-3.653427	0	1
3.175985	-3.420058	0	1
3.364457	-3.186688	0	1
3.552928	-2.953319	0	1