53.3937000000005	74.0703222220181	0	1
53.0878999999986	74.0691444440163	0	1
52.7820999999967	74.0679666670039	0	1
52.4762999999948	74.0667888890021	0	1
52.1704999999929	74.0656111110002	0	1
51.8647000000055	74.0644333329983	0	1
51.5589000000036	74.063255555986	0	1
51.2531000000017	74.0620777779841	0	1
50.9472999999998	74.0608999999822	0	1
50.6414999999979	74.0597222219803	0	1
50.335699999996	74.0585444439785	0	1
50.0298999999941	74.0573666670243	0	1
49.7241000000067	74.0561888890225	0	1
49.4183000000048	74.0550111110206	0	1
49.1125000000029	74.0538333330187	0	1
48.806700000001	74.0526555560064	0	1
48.5008999999991	74.0514777780045	0	1
48.1950999999972	74.0503000000026	0	1
47.8892999999953	74.0491222220007	0	1
47.5834999999934	74.0479444439989	0	1
47.277700000006	74.0467666669865	0	1
46.9719000000041	74.0455888889846	0	1
46.6661000000022	74.0444111109828	0	1
46.3603000000003	74.0432333329809	0	1
46.0544999999984	74.0420555560268	0	1
45.7486999999965	74.0408777780249	0	1
45.4428999999946	74.039700000023	0	1
45.1371000000072	74.0385222220211	0	1
44.8313000000053	74.0373444440193	0	1
44.5255000000034	74.0361666670069	0	1
44.2197000000015	74.034988889005	0	1
43.9138999999996	74.0338111110032	0	1
43.6080999999976	74.0326333330013	0	1
43.3022999999957	74.0314555559889	0	1
42.9964999999938	74.0302777779871	0	1
42.6907000000065	74.0290999999852	0	1
42.3849000000046	74.0279222219833	0	1
42.0791000000027	74.0267444439814	0	1
41.7733000000007	74.0255666670273	0	1
41.4674999999988	74.0243888890254	0	1
41.1616999999969	74.0232111110236	0	1
40.855899999995	74.0220333330217	0	1
40.5500999999931	74.0208555560093	0	1
40.2443000000058	74.0196777780075	0	1
39.9385000000038	74.0185000000056	0	1
39.637313888903	74.0112416669726	0	1
39.3361277778022	74.0039833330084	0	1
39.0349416667013	73.9967249999754	0	1
38.7337555556005	73.9894666670007	0	1
38.4325694443978	73.9822083329782	0	1
38.131383333297	73.9749500000034	0	1
37.8301972221961	73.9676916670287	0	1
37.5290111110953	73.9604333330062	0	1
37.2278249999945	73.9531749999733	0	1
36.9266388888936	73.9459166669985	0	1
36.6254527777928	73.938658332976	0	1
36.3242666667065	73.9314000000013	0	1
36.0230805556057	73.9241416670266	0	1
35.721894444403	73.9168833330041	0	1
35.4207083333022	73.9096249999711	0	1
35.1195222222013	73.9023666669964	0	1
34.8183361111005	73.8951083329739	0	1
34.5171499999997	73.8878499999992	0	1
34.2159638888988	73.8805916670244	0	1
33.914777777798	73.8733333330019	0	1
33.6135916666972	73.8660750000272	0	1
33.3124055555963	73.8588166669942	0	1
33.0112194444955	73.8515583329718	0	1
32.7100333332928	73.844299999997	0	1
32.4088472222065	73.8370416670223	0	1
32.1076611111057	73.8297833329998	0	1
31.8064750000049	73.8225250000251	0	1
31.505288888904	73.8152666669921	0	1
31.2041027778032	73.8080083330278	0	1
30.9029166667024	73.8007499999949	0	1
30.6017305556015	73.7934916670201	0	1
30.3005444443988	73.7862333329977	0	1
29.999358333298	73.7789750000229	0	1
29.6981722221972	73.77171666699	0	1
29.3969861110963	73.7644583330257	0	1
29.0957999999955	73.7571999999927	0	1
28.7946138888947	73.749941667018	0	1
28.4934277777938	73.7426833329955	0	1
28.192241666693	73.7354250000208	2	1
27.8910555556067	73.7281666669878	2	1
27.589869444404	73.7209083330235	2	1
27.2886833333032	73.7136499999906	2	1
26.9874972222024	73.7063916670159	2	1
26.6863111111015	73.6991333329934	2	1
26.3851250000007	73.6918750000186	2	1
26.0871666666935	73.6358333330136	2	1
25.789208333299	73.5797916669981	2	1
25.4912500000064	73.523749999993	2	1
25.1932916666992	73.467708332988	2	1
24.8953333333047	73.4116666669725	2	1
24.5973749999976	73.3556250000256	2	1
24.2994166667049	73.2995833330206	2	1
24.0014583332959	73.243541667005	2	1
23.7035000000033	73.1875	2	1
23.3987916666956	73.1554583330289	2	1
23.0940833333007	73.1234166669892	2	1
22.789374999993	73.0913750000182	2	1
22.4846666666999	73.0593333329889	2	1
22.179958333305	73.0272916670074	2	1
21.8752499999973	72.9952499999781	2	1
21.5705416667042	72.9632083330071	2	1
21.2658333332947	72.9311666670255	2	1
20.9611250000016	72.8991249999963	2	1
20.656416666694	72.8670833330252	2	1
20.351708333299	72.8350416669855	2	1
20.0470000000059	72.8030000000144	2	1
19.7145000000019	72.7880000000005	2	1
19.3819999999978	72.7729999999865	2	1
19.0494999999937	72.7579999999725	2	1
18.7170000000042	72.7430000000168	2	1
18.3845000000001	72.7280000000028	2	1
18.1785468130065	72.7214807811464	2	1
17.8790265311405	72.7441711194732	1	1
17.580093151317	72.7736004437909	1	1
17.2818982763937	72.8097538291365	1	1
16.9469599884033	72.8583083970007	1	1
16.6462455892033	72.8384625060135	1	1
16.347893342303	72.7959308010177	1	1
16.0536121821933	72.7309568980127	1	1
15.7650877247943	72.6439129619976	1	1
15.4839726122009	72.5352975730202	1	1
15.2118770460947	72.4057328699855	1	1
14.950359565395	72.2559609889868	1	1
14.7009181183967	72.0868398079765	1	1
14.4649814832956	71.8993380389875	1	1
14.2439010837988	71.6945296740159	1	1
14.0389432482043	71.4735878380015	1	1
13.851281956493	71.2377780650277	1	1
13.6819921157003	70.988451052981	1	1
13.5320434025052	70.727034924028	1	1
13.4022947096964	70.4550270449836	1	1
13.2934892259946	70.173985454021	1	1
13.2062501793989	69.8855199309764	1	1
13.0849174757022	69.6064126209822	0	1
12.9737718446995	69.3246407770202	0	1
12.8626262135949	69.0428689320106	0	1
12.7514805825049	68.761097087001	0	1
12.6403349515022	68.4793252429808	0	1
12.5291893203976	68.1975533979712	0	1
12.418043689293	67.9157815530198	0	1
12.3068980583048	67.6340097089997	0	1
12.1957524272002	67.35223786399	0	1
12.0846067960956	67.0704660189804	0	1
11.9734611650056	66.7886941750185	0	1
11.8623155340028	66.5069223300088	0	1
11.7511699028983	66.2251504849992	0	1
11.6400242718955	65.9433786409791	0	1
11.5288786408055	65.6616067960276	0	1
11.4177330097009	65.379834951018	0	1
11.3065873785963	65.0980631069979	0	1
11.1954417475936	64.8162912619882	0	1
11.0842961165035	64.5345194169786	0	1
10.9731504853989	64.2527475730167	0	1
10.8620048543962	63.970975728007	0	1
10.7508592233062	63.6892038829974	0	1
10.6397135922016	63.4074320389773	0	1
10.5285679611989	63.1256601940258	0	1
10.4174223300943	62.8438883490162	0	1
10.3062766990042	62.5621165049961	0	1
10.1951310680015	62.2803446599864	0	1
10.0839854368969	61.9985728160245	0	1
9.97283980580687	61.7168009710149	0	1
9.86169417480414	61.4350291260052	0	1
9.75054854369955	61.1532572819851	0	1
9.63940291259496	60.8714854369755	0	1
9.52825728150492	60.5897135920241	0	1
9.41711165050219	60.3079417480039	0	1
9.3059660193976	60.0261699029943	0	1
9.19482038839487	59.7443980579847	0	1
9.08367475730483	59.4626262140227	0	1
8.97252912620024	59.1808543690131	0	1
8.86138349519752	58.8990825240035	0	1
8.75023786409292	58.6173106799833	0	1
8.63909223300288	58.3355388349737	0	1
8.52794660189829	58.0537669900223	0	1
8.41680097089557	57.7719951460022	0	1
8.30565533980553	57.4902233009925	0	1
8.19450970870093	57.2084514559829	0	1
8.08336407769821	56.926679612021	0	1
7.97221844659362	56.6449077670113	0	1
7.86107281550358	56.3631359220017	0	1
7.74992718450085	56.0813640779816	0	1
7.63878155339626	55.7995922329719	0	1
7.52763592230622	55.5178203880205	0	1
7.41649029130349	55.2360485440004	0	1
7.3053446601989	54.9542766989907	0	1
7.19419902909431	54.6725048539811	0	1
7.08305339810613	54.3907330100192	0	1
6.97190776700154	54.1089611650095	0	1
6.86076213589695	53.8271893199999	0	1
6.74961650489422	53.5454174759798	0	1
6.63847087380418	53.2636456310283	0	1
6.52732524269959	52.9818737860187	0	1
6.41617961169686	52.7001019419986	0	1
6.30503398060682	52.4183300969889	0	1
6.19388834950223	52.1365582519793	0	1
6.0827427184995	51.8547864080174	0	1
5.97159708739491	51.5730145630077	0	1
5.86045145630487	51.2912427179981	0	1
5.74930582520028	51.009470873978	0	1
5.63816019419755	50.7276990290266	0	1
5.52701456309296	50.4459271840169	0	1
5.41586893200292	50.1641553399968	0	1
5.30472330100019	49.8823834949872	0	1
5.1935776698956	49.6006116510252	0	1
5.08243203880556	49.3188398060156	0	1
4.97128640780284	49.037067961006	0	1
4.86014077669824	48.7552961169858	0	1
4.74899514559365	48.4735242719762	0	1
4.63784951460548	48.1917524270248	0	1
4.52670388350089	47.9099805830047	0	1
4.41555825239629	47.628208737995	0	1
4.30441262139357	47.3464368929854	0	1
4.19326699030353	47.0646650490235	0	1
4.08212135919894	46.7828932040138	0	1
3.97097572819621	46.5011213590042	0	1
3.85983009710617	46.2193495149841	0	1
3.74868446600158	45.9375776699744	0	1
3.63753883489699	45.655805825023	0	1
3.52639320389426	45.3740339810029	0	1
3.41524757280422	45.0922621359932	0	1
3.30410194169963	44.8104902909836	0	1
3.1929563106969	44.5287184470217	0	1
3.08181067960686	44.246946602012	0	1
2.97066504850227	43.9651747570024	0	1
2.85951941749954	43.6834029129823	0	1
2.74837378639495	43.4016310679726	0	1
2.63722815530491	43.1198592230212	0	1
2.52608252430218	42.8380873790011	0	1
2.41493689319759	42.5563155339914	0	1
2.303791262093	42.2745436889818	0	1
2.19264563110482	41.9927718450199	0	1
2.01148567719792	41.6465878019808	1	1
1.93336630389967	41.3563136389712	1	1
1.85939042539394	41.0649559629965	1	1
1.78957305809308	40.7725739160087	1	1
1.72392837429652	40.4792268489837	1	1
1.66246969919303	40.1849743089988	1	1
1.60520950829959	39.8898760270094	1	1
1.55215942490031	39.5939919030061	1	1
1.50333021749975	39.2973820000188	1	1
1.45873179819318	39.0001065270044	1	1
1.4183732199017	38.7022258269717	1	1
1.38226267500431	38.403800368018	1	1
1.35040749360633	38.1048907269724	1	1
1.32281414199679	37.8055575800245	1	1
1.29948822139704	37.5058616879978	1	1
1.28043446669471	37.2058638880262	1	1
1.2656567455997	36.9056250739959	1	1
1.25515805790201	36.6052061939845	1	1
1.24894053480239	36.3046682290151	0	1
1.24689005061737	36.0043087537139	0	1
1.24483956643235	35.7039492784126	0	1
1.24278908224733	35.4035898031114	0	1
1.24073859806231	35.1032303278102	0	1
1.23868811387729	34.8028708525089	0	1
1.23663762969227	34.5025113772077	0	1
1.23458714550725	34.2021519019065	0	1
1.23253666132223	33.9017924266053	0	1
1.23048617713721	33.601432951304	0	1
1.22843569295219	33.3010734760028	0	1
1.22638520876717	33.0007140007016	0	1
1.22433472458215	32.7003545254003	0	1
1.22228424039713	32.3999950500991	0	1
1.22023375621211	32.0996355747979	0	1
1.21818327202709	31.7992760994967	0	1
1.21613278784207	31.4989166241954	0	1
1.21408230365705	31.1985571488942	0	1
1.21203181947203	30.898197673593	0	1
1.20998133528701	30.5978381982917	0	1
1.20793085110199	30.2974787229905	0	1
1.20908510639856	29.9973723400035	0	1
1.21023936169513	29.6972659570165	0	1
1.21139361700625	29.3971595739713	0	1
1.21254787230282	29.0970531909843	0	1
1.21370212770125	28.7969468089868	0	1
1.21485638299782	28.4968404259998	0	1
1.21601063829439	28.1967340430128	0	1
1.21716489360551	27.8966276600258	0	1
1.21831914890208	27.5965212769806	0	1
1.21947340430052	27.2964148939936	0	1
1.22062765959708	26.9963085110066	0	1
1.22178191489365	26.6962021280196	0	1
1.22293617020478	26.3960957449744	0	1
1.22409042550134	26.0959893619874	0	1
1.22524468089978	25.7958829790005	0	1
1.22639893619635	25.4957765960135	0	1
1.22755319149292	25.1956702130265	0	1
1.22870744680404	24.8955638299813	0	1
1.22986170210061	24.5954574469943	0	1
1.23101595749904	24.2953510640073	0	1
1.23217021279561	23.9952446810203	0	1
1.23332446810673	23.6951382979751	0	1
1.2344787234033	23.3950319149881	0	1
1.23563297869987	23.0949255320011	0	1
1.2367872340983	22.7948191490141	0	1
1.23794148939487	22.4947127660271	0	1
1.23909574470599	22.1946063829819	0	1
1.24025000000256	21.8944999999949	0	1
1.24140425529913	21.5943936170079	0	1
1.24255851069756	21.2942872340209	0	1
1.24371276599413	20.9941808509757	0	1
1.24486702130525	20.6940744679887	0	1
1.24602127660182	20.3939680850017	0	1
1.24717553189839	20.0938617020147	0	1
1.24832978719496	19.7937553190277	0	1
1.24948404250608	19.4936489359825	0	1
1.25063829790452	19.1935425529955	0	1
1.25179255320108	18.8934361700085	0	1
1.25294680849765	18.5933297870215	0	1
1.25410106379422	18.2932234039763	0	1
1.25525531910534	17.9931170209893	0	1
1.25640957450378	17.6930106380023	0	1
1.25756382980035	17.3929042550153	0	1
1.25871808509692	17.0927978720283	0	1
1.25987234039349	16.7926914889831	0	1
1.26102659570461	16.4925851059961	0	1
1.26218085110304	16.1924787230091	0	1
1.26333510639961	15.8923723400221	0	1
1.26448936169618	15.5922659569769	0	1
1.26564361699275	15.2921595739899	0	1
1.26679787230387	14.9920531910029	0	1
1.2679521277023	14.6919468080159	0	1
1.26910638299887	14.3918404260185	0	1
1.27026063829544	14.0917340429733	0	1
1.27141489360656	13.7916276599863	0	1
1.27256914890313	13.4915212769993	0	1
1.2737234041997	13.1914148940123	0	1
1.27487765959813	12.8913085110253	0	1
1.2760319148947	12.5912021279801	0	1
1.27718617020582	12.2910957449931	0	1
1.27834042550239	11.9909893620061	0	1
1.27949468090083	11.6908829790191	0	1
1.28064893619739	11.3907765959739	0	1
1.28180319149396	11.0906702129869	0	1
1.28295744680509	10.7905638299999	0	1
1.28411170210165	10.4904574470129	0	1
1.28526595750009	10.1903510640259	0	1
1.28642021279666	9.89024468098069	0	1
1.28757446809323	9.59013829799369	0	1
1.28872872340435	9.29003191500669	0	1
1.28988297870092	8.9899255320197	0	1
1.29103723399749	8.68981914897449	0	1
1.29217151168937	8.3897121216506	1	1
1.29335840078642	8.08839501518316	1	1
1.27749635878337	7.7874933651725	1	1
1.24463619658274	7.48797105031802	1	1
1.19488317519061	7.19078753089274	1	1
1.1662679183064	7.05472507997183	1	1
1.12610662379302	6.75482576002833	1	1
1.11187478419743	6.45258415600983	1	1
1.1236777669983	6.15023796097375	1	1
1.16142818699882	5.85002563899616	1	1
1.22484655340668	5.55416985898046	1	1
1.31346333869442	5.26486103102798	1	1
1.42662245529937	4.98424109898042	1	1
1.56348611270369	4.71438767301152	1	1
1.7230410202028	4.45729865401518	1	1
1.90410588910163	4.21487743902253	1	1
2.10534017850296	3.98891883000033	1	1
2.32525402010651	3.78109574597329	1	1
2.56221924879355	3.59294683497865	1	1
2.81448145689501	3.42586508701788	1	1
3.08017298320192	3.28108751599211	1	1
3.35732674080646	3.15968600497581	1	1
3.64389078010572	3.06255936797243	1	1
3.93774348120496	2.99042669701157	1	1
4.23670926160412	2.94382203702116	1	1
4.53859663011094	2.92385071043146	1	1
4.83859052189494	2.91589996528284	1	1
5.13861862681062	2.90936653457233	1	1
5.43867424882493	2.90425056411314	1	1
5.73875069129074	2.90055216808362	1	1
6.03884125709628	2.89827142902462	1	1
6.33893924881448	2.89740839783774	1	1
6.63903796885265	2.89796309378412	1	1
6.93913071960176	2.89993550448404	1	1
7.23921080358603	2.9033255859172	1	1
7.53927152361241	2.9081332624237	1	1
7.83930618291995	2.91435842670572	1	1
8.13930808532938	2.92200093982994	1	1
8.4392705353925	2.93106063123059	1	1
8.73919158397759	2.94144442318915	1	1
9.03928758065135	2.95399881588193	1	1
9.33956432750053	2.96100561951676	1	1
9.63991928029117	2.96246244127662	1	1
9.94024986808204	2.9583687836582	1	1
10.2404535282525	2.94872604464184	1	1
10.5404277415277	2.93353751721408	1	1
10.8400700669886	2.91280838824311	1	1
11.1392781770556	2.8865457367075	1	1
11.4379498924331	2.85475853127868	1	1
11.7359832170039	2.81745762725819	1	1
12.0332763726608	2.77465576287057	1	1
12.1623749999999	2.75437500001863	0	1
12.4759999999951	2.70983333297772	0	1
12.7896250000049	2.66529166698456	0	1
13.1032500000001	2.62075000000186	0	1
13.4168749999953	2.57620833301917	0	1
13.7305000000051	2.531666667026	0	1
14.0441250000003	2.4871249999851	0	1
14.3577499999956	2.4425833330024	0	1
14.6713750000054	2.39804166700924	0	1
14.9850000000006	2.35350000002654	0	1
15.2972173332964	2.32772750000004	0	1
15.6094346666941	2.30195499997353	0	1
15.9216520000045	2.27618250000523	0	1
16.2338693333004	2.25040999997873	0	1
16.5460866666981	2.22463750001043	0	1
16.858303999994	2.19886499998393	0	1
17.1705213333044	2.17309250001563	0	1
17.4827386667021	2.14731999998912	0	1
17.7949559999979	2.12154750002082	0	1
18.1071733332938	2.09577499999432	0	1
18.419390666706	2.07000250002602	0	1
18.7316080000019	2.04422999999952	0	1
19.0321439999971	2.04713999998057	0	1
19.3326800000068	2.05005000001984	0	1
19.633216000002	2.05296000000089	0	1
19.9337519999972	2.05586999998195	0	1
20.2342880000069	2.05878000002122	0	1
20.5348240000021	2.06169000000227	0	1
20.8353599999973	2.06459999998333	0	1
21.1358960000071	2.06751000002259	0	1
21.4364320000022	2.07042000000365	0	1
21.7369679999974	2.07332999998471	0	1
22.0375040000072	2.07624000002397	0	1
22.3380400000024	2.07915000000503	0	1
22.6385759999976	2.08205999998609	0	1
22.9391119999927	2.08497000002535	0	1
23.2396480000025	2.08788000000641	0	1
23.5401839999977	2.09078999998746	0	1
23.8407199999929	2.09370000002673	0	1
24.1412560000026	2.09661000000779	0	1
24.4417919999978	2.09951999998884	0	1
24.742327999993	2.10243000002811	0	1
25.0428640000027	2.10534000000916	0	1
25.3433999999979	2.10824999999022	0	1
25.6439359999931	2.11115999997128	0	1
25.9444720000029	2.11407000001054	0	1
26.2450079999981	2.1169799999916	0	1
26.5455439999932	2.11988999997266	0	1
26.846080000003	2.12280000001192	0	1
27.1466159999982	2.12570999999298	0	1
27.4471519999934	2.12861999997403	0	1
27.7476880000031	2.1315300000133	0	1
28.0482239999983	2.13443999999436	0	1
28.3487599999935	2.13734999997541	0	1
28.6492960000032	2.14026000001468	0	1
28.9498319999984	2.14316999999573	0	1
29.2503679999936	2.14607999997679	0	1
29.5509040000034	2.14899000001606	0	1
29.8514399999985	2.15189999999711	0	1
30.1519759999937	2.15480999997817	0	1
30.4525120000035	2.15772000001743	0	1
30.7530479999987	2.16062999999849	0	1
31.0535839999939	2.16353999997955	0	1
31.3541200000036	2.16645000001881	0	1
31.6546559999988	2.16935999999987	0	1
31.955191999994	2.17226999998093	0	1
32.2557280000037	2.17518000002019	0	1
32.5562639999989	2.17809000000125	0	1
32.8567999999941	2.1809999999823	0	1
33.1573360000039	2.18391000002157	0	1
33.457871999999	2.18682000000263	0	1
33.7584079999942	2.18972999998368	0	1
34.058944000004	2.19264000002295	0	1
34.3594799999992	2.195550000004	0	1
34.6600159999944	2.19845999998506	0	1
34.9605520000041	2.20137000002433	0	1
35.2610879999993	2.20428000000538	0	1
35.5616239999945	2.20718999998644	0	1
35.8621600000042	2.2101000000257	0	1
36.1626959999994	2.21301000000676	0	1
36.4632319999946	2.21591999998782	0	1
36.7637680000043	2.21883000002708	0	1
37.0643039999995	2.22174000000814	0	1
37.3648399999947	2.2246499999892	0	1
37.6653760000045	2.22756000002846	0	1
37.9659119999997	2.23047000000952	0	1
38.2664479999949	2.23337999999058	0	1
38.5669840000046	2.23628999997163	0	1
38.8675199999998	2.2392000000109	0	1
39.168055999995	2.24210999999195	0	1
39.4685920000047	2.24501999997301	0	1
39.7691279999999	2.24793000001227	0	1
40.0696639999951	2.25083999999333	0	1
40.3702000000048	2.25374999997439	0	1
40.670736	2.25666000001365	0	1
40.9712719999952	2.25956999999471	0	1
41.271808000005	2.26247999997577	0	1
41.5723440000002	2.26539000001503	0	1
41.8728799999953	2.26829999999609	0	1
42.1734160000051	2.27120999997715	0	1
42.4739520000003	2.27412000001641	0	1
42.7744879999955	2.27702999999747	0	1
43.0750240000052	2.27993999997852	0	1
43.3755600000004	2.28285000001779	0	1
43.6760959999956	2.28575999999885	0	1
43.9766320000053	2.2886699999799	0	1
44.2771680000005	2.29158000001917	0	1
44.5777039999957	2.29449000000022	0	1
44.8782400000055	2.29739999998128	0	1
45.1787760000007	2.30031000002054	0	1
45.4793119999958	2.3032200000016	0	1
45.7798480000056	2.30612999998266	0	1
46.0803840000008	2.30904000002192	0	1
46.380919999996	2.31195000000298	0	1
46.6814560000057	2.31485999998404	0	1
46.9819920000009	2.3177700000233	0	1
47.2825279999961	2.32068000000436	0	1
47.5830640000058	2.32358999998542	0	1
47.883600000001	2.32650000002468	0	1
48.1841359999962	2.32941000000574	0	1
48.484672000006	2.33231999998679	0	1
48.7852080000011	2.33523000002606	0	1
49.0857439999963	2.33814000000712	0	1
49.3862800000061	2.34104999998817	0	1
49.6868160000013	2.34396000002744	0	1
49.9873519999965	2.34687000000849	0	1
50.2878880000062	2.34977999998955	0	1
50.5884240000014	2.35269000002882	0	1
50.8889599999966	2.35560000000987	0	1
51.1894960000063	2.35850999999093	0	1
51.4900320000015	2.36141999997199	0	1
51.7905679999967	2.36433000001125	0	1
52.0911040000065	2.36723999999231	0	1
52.3916400000016	2.37014999997336	0	1
52.6921759999968	2.37306000001263	0	1
52.9927120000066	2.37596999999369	0	1
53.2932480000018	2.37887999997474	0	1
53.593783999997	2.38179000001401	0	1
53.8943200000067	2.38469999999506	0	1
54.1948560000019	2.38760999997612	0	1
54.4953919999971	2.39052000001539	0	1
54.7959280000068	2.39342999999644	0	1
55.096464000002	2.3963399999775	0	1
55.3969999999972	2.39925000001676	0	1
55.6975360000069	2.40215999999782	0	1
55.9980720000021	2.40506999997888	0	1
56.2986079999973	2.40798000001814	0	1
56.5991440000071	2.4108899999992	0	1
56.8996800000023	2.41379999998026	0	1
57.2002159999975	2.41671000001952	0	1
57.5007520000072	2.41962000000058	0	1
57.8012880000024	2.42252999998163	0	1
58.1018239999976	2.4254400000209	0	1
58.4023599999928	2.42835000000196	0	1
58.7028960000025	2.43125999998301	0	1
59.0034319999977	2.43417000002228	0	1
59.3039679999929	2.43708000000333	0	1
59.6045040000026	2.43998999998439	0	1
59.9050399999978	2.44290000002366	0	1
60.205575999993	2.44581000000471	0	1
60.5061120000028	2.44871999998577	0	1
60.8066479999979	2.45163000002503	0	1
61.1071839999931	2.45454000000609	0	1
61.4077200000029	2.45744999998715	0	1
61.7082559999981	2.46036000002641	0	1
62.0087919999933	2.46327000000747	0	1
62.309328000003	2.46617999998853	0	1
62.6098639999982	2.46909000002779	0	1
62.9103999999934	2.47200000000885	0	1
63.2109360000031	2.4749099999899	0	1
63.5114719999983	2.47781999997096	0	1
63.8120079999935	2.48073000001023	0	1
64.1125440000033	2.48363999999128	0	1
64.4130799999984	2.48654999997234	0	1
64.7136159999936	2.4894600000116	0	1
65.0141520000034	2.49236999999266	0	1
65.3146879999986	2.49527999997372	0	1
65.6152239999938	2.49819000001298	0	1
65.9157600000035	2.50109999999404	0	1
66.2162959999987	2.5040099999751	0	1
66.5168319999939	2.50692000001436	0	1
66.8173680000036	2.50982999999542	0	1
67.1179039999988	2.51273999997647	0	1
67.418439999994	2.51565000001574	0	1
67.7189760000037	2.5185599999968	0	1
68.0195119999989	2.52146999997785	0	1
68.3200479999941	2.52438000001712	0	1
68.6205840000039	2.52728999999817	0	1
68.9211199999991	2.53019999997923	0	1
69.2216559999943	2.5331100000185	0	1
69.522192000004	2.53601999999955	0	1
69.8227279999992	2.53892999998061	0	1
70.1232639999944	2.54184000001987	0	1
70.4238000000041	2.54475000000093	0	1
70.7243359999993	2.54765999998199	0	1
71.0248719999945	2.55057000002125	0	1
71.3254080000042	2.55348000000231	0	1
71.6259439999994	2.55638999998337	0	1
71.9264799999946	2.55930000002263	0	1
72.2270160000044	2.56221000000369	0	1
72.5275519999996	2.56511999998474	0	1
72.8280879999948	2.56803000002401	0	1
73.1286240000045	2.57094000000507	0	1
73.4291599999997	2.57384999998612	0	1
73.7296959999949	2.57676000002539	0	1
74.0302320000046	2.57967000000644	0	1
74.3307679999998	2.5825799999875	0	1
74.631303999995	2.58549000002677	0	1
74.9318400000047	2.58840000000782	0	1
75.2323759999999	2.59130999998888	0	1
75.5329119999951	2.59422000002814	0	1
75.8334480000049	2.5971300000092	0	1
76.1339840000001	2.60003999999026	0	1
76.4345199999952	2.60294999997132	0	1
76.735056000005	2.60586000001058	0	1
77.0355920000002	2.60876999999164	0	1
77.3361279999954	2.61167999997269	0	1
77.6366640000051	2.61459000001196	0	1
77.9372000000003	2.61749999999302	0	1
78.2377359999955	2.62040999997407	0	1
78.5382720000052	2.62332000001334	0	1
78.8388080000004	2.62622999999439	0	1
79.1393439999956	2.62913999997545	0	1
79.4398800000054	2.63205000001471	0	1
79.7404160000006	2.63495999999577	0	1
80.0409519999957	2.63786999997683	0	1
80.3414880000055	2.64078000001609	0	1
80.6420240000007	2.64368999999715	0	1
80.9425599999959	2.64659999997821	0	1
81.2430960000056	2.64951000001747	0	1
81.5436320000008	2.65241999999853	0	1
81.844167999996	2.65532999997959	0	1
82.1447040000057	2.65824000001885	0	1
82.4452400000009	2.66114999999991	0	1
82.7457759999961	2.66405999998096	0	1
83.0463120000059	2.66697000002023	0	1
83.346848000001	2.66988000000129	0	1
83.6473839999962	2.67278999998234	0	1
83.947920000006	2.67570000002161	0	1
84.2484560000012	2.67861000000266	0	1
84.5489919999964	2.68151999998372	0	1
84.8495280000061	2.68443000002299	0	1
85.1500640000013	2.68734000000404	0	1
85.4505999999965	2.6902499999851	0	1
85.7511360000062	2.69316000002436	0	1
86.0516720000014	2.69607000000542	0	1
86.3522079999966	2.69897999998648	0	1
86.6527440000064	2.70189000002574	0	1
86.9532800000015	2.7048000000068	0	1
87.2538159999967	2.70770999998786	0	1
87.5543520000065	2.71062000002712	0	1
87.8548880000017	2.71353000000818	0	1
88.1554239999969	2.71643999998923	0	1
88.4559600000066	2.7193500000285	0	1
88.7564960000018	2.72226000000956	0	1
89.057031999997	2.72516999999061	0	1
89.3575680000067	2.72807999997167	0	1
89.6581040000019	2.73099000001093	0	1
89.9586399999971	2.73389999999199	0	1
90.2591760000068	2.73680999997305	0	1
90.559712000002	2.73972000001231	0	1
90.8602479999972	2.74262999999337	0	1
91.160784000007	2.74553999997443	0	1
91.4613200000022	2.74845000001369	0	1
91.7618559999974	2.75135999999475	0	1
92.0623920000071	2.7542699999758	0	1
92.3629280000023	2.75718000001507	0	1
92.6634639999975	2.76008999999613	0	1
92.9640000000072	2.76299999997718	0	1
93.2647107999946	2.76775980001548	0	1
93.5654215999966	2.77251959999558	0	1
93.8661323999986	2.77727939997567	0	1
94.1668432000006	2.78203920001397	0	1
94.4675540000026	2.78679899999406	0	1
94.7682648000045	2.79155879997415	0	1
95.0689756000065	2.79631860001246	0	1
95.369686399994	2.80107839999255	0	1
95.6703971999959	2.80583819997264	0	1
95.9711079999979	2.81059800001094	0	1
96.2718187999999	2.81535779999103	0	1
96.5725296000019	2.82011759997113	0	1
96.8732404000039	2.82487740000943	0	1
97.1739512000058	2.82963719998952	0	1
97.4746619999933	2.83439700002782	0	1
97.7753727999952	2.83915680000791	0	1
98.0760835999972	2.84391659998801	0	1
98.3767943999992	2.84867640002631	0	1
98.6775052000012	2.8534362000064	0	1
98.9782160000032	2.85819599998649	0	1
99.2789268000051	2.86295580002479	0	1
99.5796376000071	2.86771560000489	0	1
99.8803483999945	2.87247539998498	0	1
100.181059199997	2.87723520002328	0	1
100.481769999999	2.88199500000337	0	1
100.7824808	2.88675479998346	0	1
101.083191600002	2.89151460002176	0	1
101.383902400004	2.89627440000186	0	1
101.684613200006	2.90103419998195	0	1
101.985323999994	2.90579400002025	0	1
102.286034799996	2.91055380000034	0	1
102.586745599998	2.91531359998044	0	1
102.8874564	2.92007340001874	0	1
103.188167200002	2.92483319999883	0	1
103.488878000004	2.92959299997892	0	1
103.789588800006	2.93435280001722	0	1
104.090299599993	2.93911259999732	0	1
104.391010399995	2.94387239997741	0	1
104.691721199997	2.94863220001571	0	1
104.992431999999	2.9533919999958	0	1
105.293142800001	2.95815179997589	0	1
105.593853600003	2.96291160001419	0	1
105.894564400005	2.96767139999429	0	1
106.195275200007	2.97243119997438	0	1
106.495985999994	2.97719100001268	0	1
106.796696799996	2.98195079999277	0	1
107.097407599998	2.98671059997287	0	1
107.3981184	2.99147040001117	0	1
107.698829200002	2.99623019999126	0	1
107.999540000004	3.00098999997135	0	1
108.300250800006	3.00574980000965	0	1
108.600961599994	3.01050959998975	0	1
108.901672399996	3.01526940002805	0	1
109.202383199998	3.02002920000814	0	1
109.503094	3.02478899998823	0	1
109.803804800002	3.02954880002653	0	1
110.104515600004	3.03430860000663	0	1
110.405226400006	3.03906839998672	0	1
110.705937199993	3.04382820002502	0	1
111.006647999995	3.04858800000511	0	1
111.307358799997	3.0533477999852	0	1
111.608069599999	3.0581076000235	0	1
111.908780400001	3.0628674000036	0	1
112.209491200003	3.06762719998369	0	1
112.510202000005	3.07238700002199	0	1
112.810912800007	3.07714680000208	0	1
113.111623599994	3.08190659998218	0	1
113.412334399996	3.08666640002048	0	1
113.713045199998	3.09142620000057	0	1
114.013756	3.09618599998066	0	1
114.314466800002	3.10094580001896	0	1
114.615177600004	3.10570559999906	0	1
114.915888400006	3.11046539997915	0	1
115.216599199994	3.11522520001745	0	1
115.517309999996	3.11998499999754	0	1
115.818020799998	3.12474479997763	0	1
116.1187316	3.12950460001593	0	1
116.419442400002	3.13426439999603	0	1
116.720153200004	3.13902419997612	0	1
117.020864000006	3.14378400001442	0	1
117.321574799993	3.14854379999451	0	1
117.622285599995	3.15330359997461	0	1
117.922996399997	3.15806340001291	0	1
118.223707199999	3.162823199993	0	1
118.524418000001	3.16758299997309	0	1
118.825128800003	3.17234280001139	0	1
119.125839600005	3.17710259999149	0	1
119.426550400007	3.18186239997158	0	1
119.727261199994	3.18662220000988	0	1
120.027971999996	3.19138199998997	0	1
120.328682799998	3.19614180002827	0	1
120.6293936	3.20090160000836	0	1
120.930104400002	3.20566139998846	0	1
121.230815200004	3.21042120002676	0	1
121.531526000006	3.21518100000685	0	1
121.832236799994	3.21994079998694	0	1
122.132947599996	3.22470060002524	0	1
122.433658399998	3.22946040000534	0	1
122.734369199999	3.23422019998543	0	1
123.035080000001	3.23898000002373	0	1
123.335790800003	3.24373980000382	0	1
123.636501600005	3.24849959998392	0	1
123.937212399993	3.25325940002222	0	1
124.237923199995	3.25801920000231	0	1
124.538633999997	3.2627789999824	0	1
124.839344799999	3.2675388000207	0	1
125.140055600001	3.27229860000079	0	1
125.440766400003	3.27705839998089	0	1
125.741477200005	3.28181820001919	0	1
126.042188000007	3.28657799999928	0	1
126.342898799994	3.29133779997937	0	1
126.643609599996	3.29609760001767	0	1
126.944320399998	3.30085739999777	0	1
127.2450312	3.30561719997786	0	1
127.545742000002	3.31037700001616	0	1
127.846452800004	3.31513679999625	0	1
128.147163600006	3.31989659997635	0	1
128.447874399993	3.32465640001465	0	1
128.748585199995	3.32941619999474	0	1
129.049295999997	3.33417599997483	0	1
129.350006799999	3.33893580001313	0	1
129.650717600001	3.34369559999323	0	1
129.951428400003	3.34845539997332	0	1
130.252139200005	3.35321520001162	0	1
130.552849999993	3.35797499999171	0	1
130.853560799995	3.3627347999718	0	1
131.154271599997	3.3674946000101	0	1
131.454982399999	3.3722543999902	0	1
131.755693200001	3.3770142000285	0	1
132.056404000003	3.38177400000859	0	1
132.357114800005	3.38653379998868	0	1
132.657825600007	3.39129360002698	0	1
132.958536399994	3.39605340000708	0	1
133.259247199996	3.40081319998717	0	1
133.559957999998	3.40557300002547	0	1
133.8606688	3.41033280000556	0	1
134.161379600002	3.41509259998566	0	1
134.462090400004	3.41985240002396	0	1
134.762801200006	3.42461220000405	0	1
135.063511999993	3.42937199998414	0	1
135.364222799995	3.43413180002244	0	1
135.664933599997	3.43889160000253	0	1
135.965644399999	3.44365139998263	0	1
136.266355200001	3.44841120002093	0	1
136.567066000003	3.45317100000102	0	1
136.867776800005	3.45793079998111	0	1
137.168487600007	3.46269060001941	0	1
137.469198399995	3.46745039999951	0	1
137.769909199997	3.4722101999796	0	1
138.070619999999	3.4769700000179	0	1
138.371330800001	3.48172979999799	0	1
138.672041600003	3.48648959997809	0	1
138.972752400005	3.49124940001639	0	1
139.273463200007	3.49600919999648	0	1
139.574173999994	3.50076899997657	0	1
139.874884799996	3.50552880001487	0	1
140.175595599998	3.51028859999496	0	1
140.4763064	3.51504839997506	0	1
140.777017200002	3.51980820001336	0	1
141.077728000004	3.52456799999345	0	1
141.378438800006	3.52932779997354	0	1
141.679149599993	3.53408760001184	0	1
141.979860399995	3.53884739999194	0	1
142.280571199997	3.54360719997203	0	1
142.581281999999	3.54836700001033	0	1
142.881992800001	3.55312679999042	0	1
143.182703600003	3.55788660002872	0	1
143.483414400005	3.56264640000882	0	1
143.784125200007	3.56740619998891	0	1
144.084835999995	3.57216600002721	0	1
144.385546799997	3.5769258000073	0	1
144.686257599998	3.5816855999874	0	1
144.9869684	3.5864454000257	0	1
145.287679200002	3.59120520000579	0	1
145.588390000004	3.59596499998588	0	1
145.889100800006	3.60072480002418	0	1
146.189811599994	3.60548460000427	0	1
146.490522399996	3.61024439998437	0	1
146.791233199998	3.61500420002267	0	1
147.091944	3.61976400000276	0	1
147.392654800002	3.62452379998285	0	1
147.693365600004	3.62928360002115	0	1
147.994076400006	3.63404340000125	0	1
148.294787199993	3.63880319998134	0	1
148.595497999995	3.64356300001964	0	1
148.896208799997	3.64832279999973	0	1
149.196919599999	3.65308259997983	0	1
149.497630400001	3.65784240001813	0	1
149.798341200003	3.66260219999822	0	1
150.099052000005	3.66736199997831	0	1
150.399762800007	3.67212180001661	0	1
150.700473599994	3.6768815999967	0	1
151.001184399996	3.6816413999768	0	1
151.301895199998	3.6864012000151	0	1
151.602606	3.69116099999519	0	1
151.903316800002	3.69592079997528	0	1
152.204027600004	3.70068060001358	0	1
152.504738400006	3.70544039999368	0	1
152.805449199994	3.71020019997377	0	1
153.106159999996	3.71496000001207	0	1
153.406870799998	3.71971979999216	0	1
153.7075816	3.72447959997226	0	1
154.008292400002	3.72923940001056	0	1
154.309003200004	3.73399919999065	0	1
154.609714000006	3.73875900002895	0	1
154.910424799993	3.74351880000904	0	1
155.211135599995	3.74827859998913	0	1
155.511846399997	3.75303840002744	0	1
155.812557199999	3.75779820000753	0	1
156.113268000001	3.76255799998762	0	1
156.413978800003	3.76731780002592	0	1
156.714689600005	3.77207760000601	0	1
157.015400400007	3.77683739998611	0	1
157.316111199994	3.78159720002441	0	1
157.616821999996	3.7863570000045	0	1
157.917532799998	3.79111679998459	0	1
158.2182436	3.79587660002289	0	1
158.518954400002	3.80063640000299	0	1
158.819665200004	3.80539619998308	0	1
159.120376000006	3.81015600002138	0	1
159.421086799994	3.81491580000147	0	1
159.721797599996	3.81967559998157	0	1
160.022508399998	3.82443540001987	0	1
160.3232192	3.82919519999996	0	1
160.623930000002	3.83395499998005	0	1
160.924640800004	3.83871480001835	0	1
161.225351600006	3.84347459999844	0	1
161.526062399993	3.84823439997854	0	1
161.826773199995	3.85299420001684	0	1
162.127483999997	3.85775399999693	0	1
162.428194799999	3.86251379997702	0	1
162.728905600001	3.86727360001532	0	1
163.029616400003	3.87203339999542	0	1
163.330327200005	3.87679319997551	0	1
163.631038000007	3.88155300001381	0	1
163.931748799994	3.8863127999939	0	1
164.232459599996	3.891072599974	0	1
164.533170399998	3.8958324000123	0	1
164.8338812	3.90059219999239	0	1
165.134592000002	3.90535199997248	0	1
165.435302800004	3.91011180001078	0	1
165.736013600006	3.91487159999087	0	1
166.036724399994	3.91963139997097	0	1
166.337435199996	3.92439120000927	2	1
166.638145999998	3.92915099998936	2	1
166.938856799999	3.93391080002766	2	1
167.239567600001	3.93867060000775	2	1
167.540278400003	3.94343039998785	2	1
167.840989200005	3.94819020002615	2	1
168.141699999993	3.95295000000624	2	1
168.462599999999	3.99810000002617	2	1
168.783500000005	4.04324999998789	2	1
169.104399999997	4.08840000000782	2	1
169.425300000003	4.13355000002775	2	1
169.746199999994	4.17869999998948	2	1
170.0671	4.22385000000941	2	1
170.388000000006	4.26899999997113	2	1
170.705568181802	4.31711818202166	2	1
171.023136363598	4.36523636401398	2	1
171.340704545495	4.41335454501677	2	1
171.658272727305	4.4614727270091	2	1
171.975840909101	4.50959090900142	2	1
172.293409090897	4.55770909099374	2	1
172.610977272707	4.60582727298606	2	1
172.928545454502	4.65394545497838	2	1
173.2461136364	4.70206363598118	2	1
173.431899999996	4.74170000001322	2	1
173.734624999997	4.74837500002468	2	1
174.037349999999	4.75504999997793	2	1
174.340075	4.76172499998938	2	1
174.642800000001	4.76840000000084	0	1
174.945525000003	4.77507500001229	0	1
175.248250000004	4.78175000002375	0	1
175.550975000006	4.788424999977	0	1
175.853700000007	4.79509999998845	0	1
176.156424999994	4.80177499999991	0	1
176.459149999995	4.80845000001136	0	1
176.761874999997	4.81512500002282	0	1
177.064599999998	4.82179999997607	0	1
177.367324999999	4.82847499998752	0	1
177.670050000001	4.83514999999898	0	1
177.972775000002	4.84182500001043	0	1
178.344017400697	4.8641924749827	1	1
178.642941223094	4.90011018101359	1	1
178.940269943094	4.94745112897363	1	1
179.23556719	5.00614583998686	1	1
179.528399574294	5.07610817201203	1	1
179.818337324003	5.15723544498906	1	1
180.104954915601	5.24940859299386	1	1
180.387831698201	5.35249234101502	1	1
180.666552511204	5.46633539698087	1	1
180.940708293201	5.59077068301849	1	1
181.209896682994	5.7256155720097	1	1
181.473722609298	5.87067216000287	1	1
181.731798871406	6.0257275570184	1	1
181.983746706595	6.19055419700453	1	1
182.2291963467	6.36491017602384	1	1
182.467787560701	6.54853960097535	1	1
182.699170182896	6.74117297097109	1	1
182.923004627504	6.94252757000504	1	1
183.138962386598	7.15230788197368	1	1
183.346726512405	7.37020602601115	1	1
183.545992082305	7.59590220701648	1	1
183.736466646602	7.82906518300297	1	1
183.917870657795	8.06935275602154	1	1
184.089937880301	8.31641227100044	1	1
184.252415781797	8.56988113501575	1	1
184.4050659036	8.82938734599156	1	1
184.547664210506	9.09455004299525	1	1
184.680001419896	9.36498006398324	1	1
184.801883308697	9.64028051501373	1	1
184.876692513601	9.93406554701505	1	1
184.974249443796	10.2178526499774	1	1
185.064585967906	10.5040200590156	1	1
185.147644103505	10.792384099972	1	1
185.223370539898	11.0827596849995	1	1
185.291716672102	11.3749604389886	1	1
185.352638632001	11.6687988099875	1	1
185.4060973171	11.9640862009837	1	1
185.4520584149	12.2606330799754	1	1
185.490492425306	12.5582491090172	1	1
185.521374679403	12.8567432630225	1	1
185.544685355504	13.1559239550261	1	1
185.560409491605	13.455599154986	1	1
185.568536995299	13.7555765170255	1	1
185.569062649796	14.0556634999812	1	1
185.561986117798	14.3556674940046	1	1
185.547311941307	14.6553959419834	1	1
185.525049539006	14.954656463	1	1
185.495213200003	15.2532569770119	1	1
185.457822074706	15.551005826972	1	1
185.412900162599	15.8477119029849	1	1
185.360476296803	16.1431847650092	1	1
185.300584125507	16.4372347629978	1	1
185.233262090405	16.7296731629758	1	1
185.158553402303	17.0203122620005	1	1
185.076506012701	17.3089655140066	1	1
184.987172583802	17.5954476459883	1	1
184.890610454197	17.8795747819822	1	1
184.786881602195	18.1611645530211	1	1
184.676052606097	18.4400362209999	1	1
184.558194601501	18.7160107939853	1	1
184.433383235402	18.9889111359953	1	1
184.301698618001	19.2585620870232	1	1
184.162862307409	19.5246005543606	1	1
184.017488518145	19.7876430207842	1	1
183.860377024199	20.0438477362312	1	1
183.691848795352	20.2926912891485	1	1
183.512248125117	20.5336653064163	1	1
183.321941927372	20.766277491925	1	1
183.121318986776	20.9900526323085	1	1
182.9107891645	21.2045335677772	1	1
182.690782560908	21.4092821260697	1	1
182.467120181202	21.5988870830042	1	1
182.212846889903	21.7614929379779	1	1
181.944840551805	21.9003027849831	1	1
181.665321951907	22.0141664010007	1	1
181.376607269296	22.1021402769838	1	1
181.081088884806	22.1634954339825	1	1
180.781215556693	22.1977234630031	1	1
180.479472129999	22.2045407400001	1	1
180.178358945603	22.1838907750207	1	1
179.880371122301	22.1359446800197	1	1
179.568272727294	22.1768636360066	0	1
179.2659659091	22.1707045449875	0	1
178.963659090907	22.1645454550162	0	1
178.661352272698	22.1583863639971	0	1
178.359045454505	22.1522272729781	0	1
178.056738636398	22.1460681820172	0	1
177.754431818204	22.1399090909981	0	1
177.452124999996	22.133749999979	0	1
177.149818181802	22.1275909090182	0	1
176.847511363594	22.1214318179991	0	1
176.545204545502	22.11527272698	0	1
176.242897727294	22.1091136360192	0	1
175.9405909091	22.1029545450001	0	1
175.638284090906	22.0967954550288	0	1
175.335977272698	22.0906363640097	0	1
175.033670454504	22.0844772729906	0	1
174.731363636398	22.0783181819716	0	1
174.440769230801	22.0797115379828	0	1
174.137346153802	22.0743076920044	0	1
173.833923076905	22.0689038460259	0	1
173.530499999993	22.0634999999893	0	1
173.225240384607	22.0728798080236	0	1
172.919980769206	22.0822596150101	0	1
172.614721153805	22.0916394229862	0	1
172.309461538505	22.1010192310205	0	1
172.004201923104	22.110399038007	0	1
171.698942307703	22.1197788459831	0	1
171.393682692302	22.1291586540174	0	1
171.088423076901	22.1385384619934	0	1
170.783163461499	22.14791826898	0	1
170.4779038462	22.1572980770143	0	1
170.172644230799	22.1666778849903	0	1
169.867384615398	22.1760576919769	0	1
169.562124999997	22.1854375000112	0	1
169.256865384596	22.1948173079873	0	1
168.951605769194	22.2041971149738	0	1
168.646346153793	22.2135769230081	0	1
168.341086538494	22.2229567309842	0	1
168.035826923093	22.2323365380289	0	1
167.730567307706	22.241716346005	0	1
167.425307692305	22.2510961539811	0	1
167.120048076904	22.2604759610258	0	1
166.814788461503	22.2698557690019	0	1
166.509528846203	22.279235576978	0	1
166.204269230802	22.2886153850122	0	1
165.899009615401	22.2979951919988	0	1
165.59375	22.3073749999749	0	1
165.272500000006	22.3609999999753	0	1
164.951249999998	22.4146249999758	0	1
164.630000000005	22.4682499999763	0	1
164.308749999997	22.5218749999767	0	1
163.987500000003	22.5754999999772	0	1
163.689571933995	22.6155577829923	0	1
163.391643867901	22.6556155660073	0	1
163.093715801893	22.6956733490224	0	1
162.795787735799	22.7357311319793	0	1
162.497859669806	22.7757889149943	0	1
162.199931603798	22.8158466980094	0	1
161.902003537703	22.8559044810245	0	1
161.604075471696	22.8959622639813	0	1
161.299433962296	22.8947830189718	0	1
160.994792452795	22.8936037740204	0	1
160.690150943396	22.8924245280214	0	1
160.385509433996	22.8912452830118	0	1
160.080867924495	22.8900660380023	0	1
159.776226415095	22.8888867920032	0	1
159.471584905696	22.8877075469936	0	1
159.166943396194	22.8865283019841	0	1
158.862301886795	22.8853490569745	0	1
158.557660377395	22.8841698109754	0	1
158.253018867894	22.8829905660241	0	1
157.948377358494	22.8818113210145	0	1
157.643735849095	22.8806320750155	0	1
157.339094339593	22.8794528300059	0	1
157.034452830194	22.8782735849964	0	1
156.729811320794	22.8770943399868	0	1
156.425169811293	22.8759150939877	0	1
156.120528301894	22.8747358489782	0	1
155.815886792494	22.8735566040268	0	1
155.511245283007	22.8723773580277	0	1
155.206603773593	22.8711981130182	0	1
154.901962264106	22.8700188680086	0	1
154.597320754707	22.8688396229991	0	1
154.292679245307	22.867660377	0	1
153.988037735806	22.8664811319904	0	1
153.683396226406	22.8653018869809	0	1
153.378754717007	22.8641226419713	0	1
153.074113207505	22.8629433959723	0	1
152.769471698106	22.8617641510209	0	1
152.464830188706	22.8605849060114	0	1
152.160188679205	22.8594056600123	0	1
151.855547169806	22.8582264150027	0	1
151.550905660406	22.8570471699932	0	1
151.246264150905	22.8558679249836	0	1
150.941622641505	22.8546886789845	0	1
150.636981132106	22.853509433975	0	1
150.332339622604	22.8523301890236	0	1
150.027698113205	22.8511509430245	0	1
149.723056603805	22.849971698015	0	1
149.418415094304	22.8487924530054	0	1
149.113773584904	22.8476132079959	0	1
148.809132075505	22.8464339619968	0	1
148.504490566003	22.8452547169873	0	1
148.199849056604	22.8440754719777	0	1
147.895207547204	22.8428962259786	0	1
147.590566037703	22.8417169810273	0	1
147.285924528303	22.8405377360177	0	1
146.981283018904	22.8393584910082	0	1
146.676641509403	22.8381792450091	0	1
146.372000000003	22.8369999999995	0	1
146.067154481105	22.8306474059937	0	1
145.762308962294	22.8242948109983	0	1
145.457463443396	22.8179422169924	0	1
145.152617924497	22.8115896229865	0	1
144.847772405701	22.8052370279911	0	1
144.542926886803	22.7988844339852	0	1
144.238081367905	22.7925318399793	0	1
143.933235849094	22.7861792449839	0	1
143.628390330196	22.7798266509781	0	1
143.323544811297	22.7734740569722	0	1
143.018699292501	22.7671214619768	0	1
142.713853773603	22.7607688679709	0	1
142.409008254705	22.7544162740232	0	1
142.104162735806	22.7480636790278	0	1
141.799317216995	22.741711085022	0	1
141.494471698097	22.7353584910161	0	1
141.189626179199	22.7290058960207	0	1
140.884780660403	22.7226533020148	0	1
140.579935141504	22.7163007080089	0	1
140.275089622606	22.7099481130135	0	1
139.970244103795	22.7035955190076	0	1
139.665398584897	22.6972429250018	0	1
139.360553065999	22.6908903300064	0	1
139.055707547202	22.6845377360005	0	1
138.750862028304	22.6781851419946	0	1
138.446016509406	22.6718325469992	0	1
138.141170990595	22.6654799529933	0	1
137.836325471697	22.6591273589875	0	1
137.531479952799	22.6527747639921	0	1
137.226634434002	22.6464221699862	0	1
136.921788915104	22.6400695759803	0	1
136.616943396206	22.6337169809849	0	1
136.312097877395	22.627364386979	0	1
136.007252358497	22.6210117919836	0	1
135.702406839599	22.6146591979777	0	1
135.3975613207	22.6083066039719	0	1
135.092715801904	22.6019540089765	0	1
134.787870283006	22.5956014150288	0	1
134.483024764195	22.5892488210229	0	1
134.178179245297	22.5828962260275	0	1
133.873333726398	22.5765436320216	0	1
133.5684882075	22.5701910380158	0	1
133.263642688704	22.5638384430204	0	1
132.958797169806	22.5574858490145	0	1
132.653951650893	22.5511332550086	0	1
132.349106132096	22.5447806600132	0	1
132.044260613198	22.5384280660073	0	1
131.7394150943	22.5320754720015	2	1
131.434569575504	22.525722877006	2	1
131.129724056605	22.5193702830002	2	1
130.824878537707	22.5130176889943	2	1
130.520033018896	22.5066650939989	2	1
130.215187499998	22.500312499993	2	1
129.905750000005	22.4442500000005	2	1
129.596312499998	22.3881875000079	2	1
129.286875000005	22.3321250000154	2	1
128.977437499998	22.2760625000228	2	1
128.668000000005	22.2199999999721	2	1
128.355750000002	22.1639062499744	2	1
128.0435	22.1078124999767	2	1
127.731249999997	22.051718749979	2	1
127.418999999994	21.9956249999814	2	1
127.106750000006	21.9395312499837	2	1
126.794500000004	21.883437499986	2	1
126.482250000001	21.8273437499884	2	1
126.169999999998	21.7712499999907	2	1
125.826000000001	21.7700000000186	2	1
125.502664333704	21.8485340910265	2	1
125.179328667393	21.9270681819762	2	1
124.855993001096	22.0056022719946	2	1
124.572629872098	22.104719216004	2	1
124.294386321402	22.2174106439925	2	1
124.021912199896	22.3434133590199	2	1
123.755843883293	22.4824330779957	2	1
123.496802786598	22.6341451129992	2	1
123.245393912293	22.7981951339752	2	1
123.002204437405	22.9741999940015	2	1
122.767802342307	23.1617486249888	1	1
122.542735083902	23.3604030000279	1	1
122.327528317095	23.5696991509758	1	1
122.122684667396	23.7891482579871	1	1
121.928682556696	24.0182377870078	1	1
121.745975085694	24.2564326890279	1	1
121.574988976296	24.5031766489847	1	1
121.4161235746	24.7578933850164	1	1
121.269749917803	25.0199879939901	1	1
121.136209868695	25.288848340977	1	1
121.015815316001	25.5638464919757	1	1
120.908847446903	25.8443401759723	1	1
120.815556089801	26.12967428501	1	1
120.736159130902	26.419182409998	1	1
120.670842005595	26.7121883900254	1	1
120.619757264998	27.0080078970059	1	1
120.583024219901	27.305950029986	1	1
120.560728662007	27.6053189319791	1	1
120.552922663701	27.9054154130281	1	1
120.559624456102	28.2055385829881	1	1
120.580818387098	28.5049874910037	1	1
120.618807692299	28.8171538459719	0	1
120.652884615396	29.1296923080226	0	1
120.686961538493	29.4422307690256	0	1
120.721038461503	29.7547692310181	0	1
120.7551153846	30.0673076920211	0	1
120.789192307697	30.3798461540136	0	1
120.823269230794	30.6923846150166	0	1
120.857346153804	31.0049230770092	0	1
120.891423076901	31.3174615380121	0	1
120.925499999998	31.6300000000047	0	1
120.954437499997	31.9528232759912	0	1
120.983374999996	32.2756465519778	0	1
121.012312499995	32.5984698280226	0	1
121.041249999995	32.9212931030197	0	1
121.070187499994	33.2441163790063	0	1
121.099124999993	33.5669396549929	0	1
121.128062500007	33.8897629309795	0	1
121.157000000007	34.2125862070243	0	1
121.185937500006	34.5354094830109	0	1
121.214875000005	34.8582327589975	0	1
121.243812500004	35.1810560349841	0	1
121.272750000004	35.5038793099811	0	1
121.270000000004	35.8066724140081	0	1
121.267250000004	36.1094655169873	0	1
121.264500000005	36.4122586210142	0	1
121.261750000005	36.7150517239934	0	1
121.259000000005	37.0178448280203	0	1
121.256250000006	37.3206379309995	0	1
121.253500000006	37.6234310350264	0	1
121.250750000007	37.9262241380056	0	1
121.248000000007	38.2290172409848	0	1
121.245250000007	38.5318103450118	0	1
121.242499999993	38.834603447991	0	1
121.239749999993	39.1373965520179	0	1
121.236999999994	39.4401896549971	0	1
121.234249999994	39.742982759024	0	1
121.231499999994	40.0457758620032	0	1
121.228749999995	40.3485689659719	0	1
121.225999999995	40.6513620690093	0	1
121.223249999995	40.9541551719885	0	1
121.220499999996	41.2569482760155	0	1
121.217749999996	41.5597413789947	0	1
121.214999999997	41.8625344830216	0	1
121.212249999997	42.1653275860008	0	1
121.209499999997	42.4681206900277	0	1
121.206749999998	42.7709137930069	0	1
121.203999999998	43.0737068969756	0	1
121.201249999998	43.376500000013	0	1
121.198499999999	43.6792931029922	0	1
121.195749999999	43.9820862070192	0	1
121.192999999999	44.2848793099984	0	1
121.19025	44.5876724140253	0	1
121.1875	44.8904655170045	0	1
121.18475	45.1932586209732	0	1
121.182000000001	45.4960517240106	0	1
121.179250000001	45.7988448279793	0	1
121.176500000001	46.1016379310167	0	1
121.173750000002	46.4044310339959	0	1
121.171000000002	46.7072241380229	0	1
121.168250000002	47.0100172410021	0	1
121.165500000003	47.312810345029	0	1
121.162750000003	47.6156034480082	0	1
121.160000000003	47.9183965519769	0	1
121.157250000004	48.2211896550143	0	1
121.154500000004	48.523982758983	0	1
121.151750000005	48.8267758620204	0	1
121.149000000005	49.1295689649996	0	1
121.146250000005	49.4323620690266	0	1
121.143500000006	49.7351551720058	0	1
121.140750000006	50.0379482759745	0	1
121.138000000006	50.3407413790119	0	1
121.135250000007	50.6435344829806	0	1
121.132500000007	50.946327586018	0	1
121.129749999993	51.2491206899867	0	1
121.126999999993	51.5519137930241	0	1
121.124249999993	51.8547068969929	0	1
121.121499999994	52.1574999999721	0	1
121.113703733296	52.4604478920228	0	1
121.105907466699	52.7633957830258	0	1
121.098111200001	53.0663436750183	0	1
121.090314933303	53.3692915660213	0	1
121.082518666706	53.6722394580138	0	1
121.074722399993	53.9751873490168	0	1
121.066926133397	54.2781352410093	0	1
121.059129866699	54.5810831330018	0	1
121.0513336	54.8840310240048	0	1
121.043537333404	55.1869789159973	0	1
121.035741066706	55.4899268070003	0	1
121.027944800095	55.7928746989928	0	1
121.020148533396	56.0958225899958	0	1
121.012352266698	56.3987704819883	0	1
121.004556000102	56.7017183739808	0	1
120.996759733403	57.0046662649838	0	1
120.988963466807	57.3076141569763	0	1
120.981167200094	57.6105620479793	0	1
120.973370933396	57.9135099399718	0	1
120.9655746668	58.2164578320226	0	1
120.957778400101	58.5194057230256	0	1
120.949982133403	58.8223536150181	0	1
120.942185866807	59.1253015060211	0	1
120.934389600094	59.4282493980136	0	1
120.926593333497	59.7311972890166	0	1
120.918797066799	60.0341451810091	0	1
120.911000800101	60.3370930730016	0	1
120.903204533504	60.6400409640046	0	1
120.895408266806	60.9429888559971	0	1
120.887612000195	61.2459367470001	0	1
120.879815733497	61.5488846389926	0	1
120.872019466799	61.8518325299956	0	1
120.864223200202	62.1547804219881	0	1
120.856426933504	62.4577283139806	0	1
120.848630666806	62.7606762049836	0	1
120.840834400195	63.0636240969761	0	1
120.833038133496	63.3665719879791	0	1
120.8252418669	63.6695198799716	0	1
120.817445600202	63.9724677709746	0	1
120.809649333605	64.2754156630253	0	1
120.801853066907	64.5783635550179	0	1
120.794056800194	64.8813114460208	0	1
120.786260533598	65.1842593380134	0	1
120.778464266899	65.4872072290163	0	1
120.770668000201	65.7901551210089	0	1
120.762871733605	66.0931030120119	0	1
120.755075466906	66.3960509040044	0	1
120.747279200295	66.6989987959969	0	1
120.739482933597	67.0019466869999	0	1
120.731686666899	67.3048945789924	0	1
120.723890400302	67.6078424699954	0	1
120.716094133604	67.9107903619879	0	1
120.708297866993	68.2137382539804	0	1
120.700501600295	68.5166861449834	0	1
120.692705333597	68.8196340369759	0	1
120.684909067	69.1225819279789	0	1
120.677112800302	69.4255298199714	0	1
120.624991705903	69.7221581059857	1	1
120.558815504803	70.015970391978	1	1
120.478734107499	70.3063010980259	1	1
120.384928924104	70.5924925309955	1	1
120.277612453399	70.873896375997	1	1
120.157027801804	71.1498751619947	1	1
120.023448132401	71.4198037100141	1	1
119.877176045906	71.6830705429893	1	1
119.718542895906	71.9390792790218	1	1
119.547908037202	72.1872499739984	1	1
119.365658012903	72.4270204419736	1	1
119.172205677794	72.6578475260176	1	1
118.967989263707	72.8792083290173	1	1
118.753471386502	73.0906013969798	1	1
118.529137998004	73.2915478569921	1	1
118.295497285697	73.4815925000003	1	1
118.053078520796	73.660304813995	1	1
117.802430859898	73.8272799589904	1	1
117.544122100502	73.9821396810003	1	1
117.278737394998	74.1245331750251	1	1
117.006877925101	74.2541378720198	1	1
116.729159540104	74.3706601759768	1	1
116.446211361297	74.4738361280179	1	1
116.158674357299	74.5634319990058	1	1
115.867199892105	74.6392448280239	1	1
115.572448248902	74.7011028719717	1	1
115.275087135102	74.7488660049858	1	1
114.975790169294	74.782426026999	1	1
114.6752353552	74.8017069129855	1	1
114.374103546303	74.8066649870016	1	1
114.073076902903	74.7972890170058	1	1
113.774784313704	74.7413725489751	0	1
113.473480392204	74.7402156859753	0	1
113.172176470602	74.7390588229755	0	1
112.870872549	74.7379019610235	0	1
112.569568627499	74.7367450980237	0	1
112.268264705897	74.7355882350239	0	1
111.966960784295	74.7344313730136	0	1
111.665656862693	74.7332745100139	0	1
111.364352941193	74.7321176470141	0	1
111.063049019605	74.7309607840143	0	1
110.761745098003	74.7298039220041	0	1
110.460441176503	74.7286470590043	0	1
110.159137254901	74.7274901960045	0	1
109.857833333299	74.7263333330047	0	1
109.556529411799	74.7251764709945	0	1
109.255225490197	74.7240196079947	0	1
108.953921568595	74.7228627449949	0	1
108.652617647094	74.7217058819951	0	1
108.351313725507	74.7205490199849	0	1
108.050009803905	74.7193921569851	0	1
107.748705882303	74.7182352939853	0	1
107.447401960802	74.7170784309856	0	1
107.1460980392	74.7159215689753	0	1
106.844794117598	74.7147647059755	0	1
106.543490196098	74.7136078429758	0	1
106.242186274496	74.712450979976	0	1
105.940882352894	74.7112941180239	0	1
105.639578431394	74.7101372550242	0	1
105.338274509806	74.7089803920244	0	1
105.036970588204	74.7078235290246	0	1
104.735666666704	74.7066666670144	0	1
104.434362745102	74.7055098040146	0	1
104.1330588235	74.7043529410148	0	1
103.831754901999	74.703196078015	0	1
103.530450980397	74.7020392160048	0	1
103.229147058795	74.700882353005	0	1
102.927843137295	74.6997254900052	0	1
102.626539215693	74.6985686270054	0	1
102.325235294105	74.6974117649952	0	1
102.023931372503	74.6962549019954	0	1
101.722627451003	74.6950980389956	0	1
101.421323529401	74.6939411769854	0	1
101.120019607799	74.6927843139856	0	1
100.818715686299	74.6916274509858	0	1
100.517411764697	74.6904705879861	0	1
100.216107843095	74.6893137249863	0	1
99.9148039215943	74.688156862976	0	1
99.6135000000068	74.6869999999763	0	1
99.3121960784047	74.6858431369765	0	1
99.0108921569044	74.6846862750244	0	1
98.7095882353024	74.6835294120247	0	1
98.4082843137003	74.6823725490249	0	1
98.1069803922001	74.6812156860251	0	1
97.805676470598	74.6800588240148	0	1
97.5043725489959	74.6789019610151	0	1
97.2030686274957	74.6777450980153	0	1
96.9017647058936	74.6765882350155	0	1
96.6004607843061	74.6754313730053	0	1
96.299156862704	74.6742745100055	0	1
95.9978529412037	74.6731176470057	0	1
95.6965490196017	74.6719607840059	0	1
95.3952450979996	74.6708039219957	0	1
95.0939411764994	74.6696470589959	0	1
94.7926372548973	74.6684901959961	0	1
94.4913333332952	74.6673333329963	0	1
94.190029411795	74.6661764709861	0	1
93.8887254901929	74.6650196079863	0	1
93.5874215686054	74.6638627449865	0	1
93.2861176471051	74.6627058819868	0	1
92.984813725503	74.6615490199765	0	1
92.683509803901	74.6603921569767	0	1
92.3822058822989	74.659235293977	0	1
92.0809019607987	74.6580784309772	0	1
91.7795980391966	74.6569215690251	0	1
91.4782941176964	74.6557647060254	0	1
91.1769901960943	74.6546078430256	0	1
90.8756862745067	74.6534509800258	0	1
90.5743823529046	74.6522941180156	0	1
90.2730784314044	74.6511372550158	0	1
89.9717745098023	74.649980392016	0	1
89.6704705882003	74.6488235290162	0	1
89.3691666667	74.647666667006	0	1
89.067862745098	74.6465098040062	0	1
88.7665588234959	74.6453529410064	0	1
88.4652549019956	74.6441960780066	0	1
88.1639509803936	74.6430392159964	0	1
87.862647058806	74.6418823529966	0	1
87.5613431373058	74.6407254899968	0	1
87.2600392157037	74.6395686269971	0	1
86.9587352941016	74.6384117649868	0	1
86.6574313726014	74.637254901987	0	1
86.3561274509993	74.6360980389873	0	1
86.0548235293973	74.634941176977	0	1
85.753519607897	74.6337843139772	0	1
85.4522156862949	74.6326274509775	0	1
85.1509117646929	74.6314705879777	0	1
84.8496078431053	74.6303137260256	0	1
84.5483039216051	74.6291568630259	0	1
84.247000000003	74.6280000000261	0	1
83.9466078430996	74.6236127450247	0	1
83.6462156862981	74.6192254900234	0	1
83.3458235293947	74.614838235022	0	1
83.0454313725058	74.6104509800207	0	1
82.7450392157043	74.6060637260089	0	1
82.4446470588009	74.6016764710075	0	1
82.1442549019994	74.5972892160062	0	1
81.843862745096	74.5929019610048	0	1
81.5434705882071	74.5885147060035	0	1
81.2430784314056	74.5841274510021	0	1
80.9426862745022	74.5797401960008	0	1
80.6422941175988	74.5753529409994	0	1
80.3419019607973	74.5709656859981	0	1
80.0415098038939	74.5665784309967	0	1
79.7411176471069	74.5621911759954	0	1
79.4407254902035	74.5578039219836	0	1
79.1403333333001	74.5534166669822	0	1
78.8399411764985	74.5490294119809	0	1
78.5395490195951	74.5446421569795	0	1
78.2391568627063	74.5402549019782	0	1
77.9387647059048	74.5358676469768	0	1
77.6383725490014	74.5314803919755	0	1
77.3379803921998	74.5270931369741	0	1
77.0375882352964	74.5227058819728	0	1
76.737196078393	74.5183186269714	0	1
76.436803921606	74.5139313730178	0	1
76.1364117647026	74.5095441180165	0	1
75.8360196077992	74.5051568630151	0	1
75.5356274509977	74.5007696080138	0	1
75.2352352940943	74.4963823530125	0	1
74.9348431372055	74.4919950980111	0	1
74.6344509804039	74.4876078430098	0	1
74.3340588235005	74.4832205880084	0	1
74.033666666699	74.4788333330071	0	1
73.7332745097956	74.4744460780057	0	1
73.4328823529067	74.4700588239939	0	1
73.1324901961052	74.4656715689925	0	1
72.8320980392018	74.4612843139912	0	1
72.5317058824003	74.4568970589899	0	1
72.2313137254969	74.4525098039885	0	1
71.9309215685935	74.4481225489872	0	1
71.6305294118065	74.4437352939858	0	1
71.3301372549031	74.4393480389845	0	1
71.0297450979997	74.4349607839831	0	1
70.7293529411982	74.4305735289818	0	1
70.4289607842948	74.4261862750282	0	1
70.1285686274059	74.4217990200268	0	1
69.8281764706044	74.4174117650255	0	1
69.527784313701	74.4130245100241	0	1
69.2273921568994	74.4086372550228	0	1
68.926999999996	74.4042500000214	0	1
68.6266078431945	74.3998627450201	0	1
68.3262156863057	74.3954754900187	0	1
68.0258235294023	74.3910882350174	0	1
67.7254313726007	74.386700980016	0	1
67.4250392156973	74.3823137250147	0	1
67.1246470587939	74.3779264710029	0	1
66.8242549020069	74.3735392160015	0	1
66.5238627451035	74.3691519610002	0	1
66.2234705882001	74.3647647059988	0	1
65.9230784313986	74.3603774509975	0	1
65.6226862744952	74.3559901959961	0	1
65.3222941176937	74.3516029409948	0	1
65.0219019608048	74.3472156859934	0	1
64.7215098039014	74.3428284309921	0	1
64.4211176470999	74.3384411769803	0	1
64.1207254901965	74.3340539219789	0	1
63.8203333332931	74.3296666669776	0	1
63.5199411765061	74.3252794119762	0	1
63.2195490196027	74.3208921569749	0	1
62.9191568628012	74.3165049019735	0	1
62.6187647058978	74.3121176469722	0	1
62.3183725489944	74.307730392029	0	1
62.0179803921928	74.3033431370277	0	1
61.717588235304	74.2989558820263	0	1
61.4171960784006	74.294568627025	0	1
61.1168039215991	74.2901813730132	0	1
60.8164117646957	74.2857941180118	0	1
60.5160196078068	74.2814068630105	0	1
60.2156274510053	74.2770196080091	0	1
59.9152352941019	74.2726323530078	0	1
59.6148431373003	74.2682450980064	0	1
59.3144509803969	74.2638578430051	0	1
59.0140588234935	74.2594705880038	0	1
58.7136666667066	74.2550833330024	0	1
58.4132745098032	74.2506960780011	0	1
58.1128823530016	74.2463088239892	0	1
57.8124901960982	74.2419215689879	0	1
57.5120980391948	74.2375343139865	0	1
57.2117058823933	74.2331470589852	0	1
56.9113137255044	74.2287598039838	0	1
56.610921568601	74.2243725489825	0	1
56.3105294117995	74.2199852939812	0	1
56.0101372548961	74.2155980389798	0	1
55.7097450980946	74.2112107839785	0	1
55.4093529412057	74.2068235289771	0	1
55.1089607843023	74.2024362739758	0	1
54.8085686275008	74.1980490200222	0	1
54.5081764705974	74.1936617650208	0	1
54.207784313694	74.1892745100195	0	1
53.907392156907	74.1848872550181	0	1
53.6070000000036	74.1805000000168	0	1