27.929532 71.785631 0 0
28.230081 71.789057 0 0
28.530630 71.792484 0 0
28.831179 71.795910 0 0
29.131727 71.799336 0 0
29.432276 71.802762 0 0
29.732825 71.806188 0 0
30.033374 71.809614 0 0
30.333923 71.813040 0 0
30.634472 71.816466 0 0
30.935021 71.819892 0 0
31.235569 71.823318 0 0
31.536118 71.826744 0 0
31.836667 71.830170 0 0
32.137216 71.833596 0 0
32.437765 71.837022 0 0
32.738314 71.840448 0 0
33.038863 71.843874 0 0
33.339411 71.847300 0 0
33.639960 71.850726 0 0
33.940509 71.854152 0 0
34.241058 71.857578 0 0
34.541607 71.861004 0 0
34.842156 71.864430 0 0
35.142705 71.867857 0 0
35.443253 71.871283 0 0
35.743802 71.874709 0 0
36.044351 71.878135 0 0
36.344900 71.881561 0 0
36.645449 71.884987 0 0
36.945998 71.888413 0 0
37.246547 71.891839 0 0
37.547096 71.895265 0 0
37.847644 71.898691 0 0
38.148193 71.902117 0 0
38.448742 71.905543 0 0
38.749291 71.908969 0 0
39.049840 71.912395 0 0
39.350389 71.915821 0 0
39.650938 71.919247 0 0
39.951486 71.922673 0 0
40.252035 71.926099 0 0
40.552584 71.929525 0 0
40.853133 71.932951 0 0
41.153682 71.936377 0 0
41.454231 71.939803 0 0
41.754780 71.943230 0 0
42.055328 71.946656 0 0
42.355877 71.950082 0 0
42.656426 71.953508 0 0
42.956975 71.956934 0 0
43.257524 71.960360 0 0
43.558073 71.963786 0 0
43.858622 71.967212 0 0
44.159170 71.970638 0 0
44.459719 71.974064 0 0
44.760268 71.977490 0 0
45.060817 71.980916 0 0
45.361366 71.984342 0 0
45.661915 71.987768 0 0
45.962464 71.991194 0 0
46.263012 71.994620 0 0
46.563561 71.998046 0 0
46.864110 72.001472 0 0
47.164659 72.004898 0 0
47.465208 72.008324 0 0
47.765757 72.011750 0 0
48.066306 72.015176 0 0
48.366854 72.018603 0 0
48.667403 72.022029 0 0
48.967952 72.025455 0 0
49.268501 72.028881 0 0
49.569050 72.032307 0 0
49.869599 72.035733 0 0
50.170148 72.039159 0 0
50.470696 72.042585 0 0
50.771245 72.046011 0 0
51.071794 72.049437 0 0
51.372343 72.052863 0 0
51.672892 72.056289 0 0
51.973441 72.059715 0 0
52.273990 72.063141 0 0
52.574538 72.066567 0 0
52.875087 72.069993 0 0
53.175636 72.073419 0 0
53.476185 72.076845 0 0
53.776734 72.080271 0 0
54.077283 72.083697 0 0
54.377832 72.087123 0 0
54.678380 72.090549 0 0
54.978929 72.093975 0 0
55.279478 72.097402 0 0
55.580027 72.100828 0 0
55.880576 72.104254 0 0
56.181125 72.107680 0 0
56.481674 72.111106 0 0
56.782222 72.114532 0 0
57.082771 72.117958 0 0
57.383320 72.121384 0 0
57.683869 72.124810 0 0
57.984418 72.128236 0 0
58.284967 72.131662 0 0
58.585516 72.135088 0 0
58.886064 72.138514 0 0
59.186613 72.141940 0 0
59.487162 72.145366 0 0
59.787711 72.148792 0 0
60.088260 72.152218 0 0
60.388809 72.155644 0 0
60.689358 72.159070 0 0
60.989906 72.162496 0 0
61.290455 72.165922 0 0
61.591004 72.169348 0 0
61.891553 72.172775 0 0
62.192102 72.176201 0 0
62.492651 72.179627 0 0
62.793200 72.183053 0 0
63.093748 72.186479 0 0
63.394297 72.189905 0 0
63.694846 72.193331 0 0
63.995395 72.196757 0 0
64.295944 72.200183 0 0
64.596493 72.203609 0 0
64.897042 72.207035 0 0
65.197590 72.210461 0 0
65.498139 72.213887 0 0
65.798688 72.217313 0 0
66.099237 72.220739 0 0
66.399786 72.224165 0 0
66.700335 72.227591 0 0
67.000884 72.231017 0 0
67.301432 72.234443 0 0
67.601981 72.237869 0 0
67.902530 72.241295 0 0
68.203079 72.244721 0 0
68.503628 72.248148 0 0
68.804177 72.251574 0 0
69.104726 72.255000 0 0
69.405274 72.258426 0 0
69.705823 72.261852 0 0
70.006372 72.265278 0 0
70.306921 72.268704 0 0
70.607470 72.272130 0 0
70.908019 72.275556 0 0
71.208568 72.278982 0 0
71.509116 72.282408 0 0
71.809665 72.285834 0 0
72.110214 72.289260 0 0
72.410763 72.292686 0 0
72.711312 72.296112 0 0
73.011861 72.299538 0 0
73.312410 72.302964 0 0
73.612958 72.306390 0 0
73.913507 72.309816 0 0
74.214056 72.313242 0 0
74.514605 72.316668 0 0
74.815154 72.320094 0 0
75.115703 72.323521 0 0
75.416252 72.326947 0 0
75.716800 72.330373 0 0
76.017349 72.333799 0 0
76.317898 72.337225 0 0
76.618447 72.340651 0 0
76.918996 72.344077 0 0
77.219545 72.347503 0 0
77.520094 72.350929 0 0
77.820642 72.354355 0 0
78.121191 72.357781 0 0
78.421740 72.361207 0 0
78.722289 72.364633 0 0
79.022838 72.368059 0 0
79.323387 72.371485 0 0
79.623936 72.374911 0 0
79.924484 72.378337 0 0
80.225033 72.381763 0 0
80.525582 72.385189 0 0
80.826131 72.388615 0 0
81.126680 72.392041 0 0
81.427229 72.395467 0 0
81.727778 72.398894 0 0
82.028326 72.402320 0 0
82.328875 72.405746 0 0
82.629424 72.409172 0 0
82.929973 72.412598 0 0
83.230522 72.416024 0 0
83.531071 72.419450 0 0
83.831620 72.422876 0 0
84.132168 72.426302 0 0
84.432717 72.429728 0 0
84.733266 72.433154 0 0
85.033815 72.436580 0 0
85.334364 72.440006 0 0
85.634913 72.443432 0 0
85.935462 72.446858 0 0
86.236010 72.450284 0 0
86.536559 72.453710 0 0
86.837108 72.457136 0 0
87.137657 72.460562 0 0
87.438206 72.463988 0 0
87.738755 72.467414 0 0
88.039304 72.470840 0 0
88.339852 72.474267 0 0
88.640401 72.477693 0 0
88.940950 72.481119 0 0
89.241499 72.484545 0 0
89.542048 72.487971 0 0
89.842597 72.491397 0 0
90.143146 72.494823 0 0
90.443694 72.498249 0 0
90.744243 72.501675 0 0
91.044792 72.505101 0 0
91.345341 72.508527 0 0
91.645890 72.511953 0 0
91.946439 72.515379 0 0
92.246988 72.518805 0 0
92.547536 72.522231 0 0
92.848085 72.525657 0 0
93.148634 72.529083 0 0
93.449183 72.532509 0 0
93.749732 72.535935 0 0
94.050281 72.539361 0 0
94.350830 72.542787 0 0
94.651378 72.546213 0 0
94.951927 72.549639 0 0
95.252476 72.553066 0 0
95.553025 72.556492 0 0
95.853574 72.559918 0 0
96.154123 72.563344 0 0
96.454672 72.566770 0 0
96.755220 72.570196 0 0
97.055769 72.573622 0 0
97.356318 72.577048 0 0
97.656867 72.580474 0 0
97.957416 72.583900 0 0
98.257965 72.587326 0 0
98.558514 72.590752 0 0
98.859062 72.594178 0 0
99.159611 72.597604 0 0
99.460160 72.601030 0 0
99.760709 72.604456 0 0
100.061258 72.607882 0 0
100.361807 72.611308 0 0
100.662356 72.614734 0 0
100.962904 72.618160 0 0
101.263453 72.621586 0 0
101.564002 72.625012 0 0
101.864551 72.628439 0 0
102.165100 72.631865 0 0
102.465649 72.635291 0 0
102.766198 72.638717 0 0
103.066746 72.642143 0 0
103.367295 72.645569 0 0
103.667844 72.648995 0 0
103.968393 72.652421 0 0
104.268942 72.655847 0 0
104.569491 72.659273 0 0
104.870040 72.662699 0 0
105.170588 72.666125 0 0
105.471137 72.669551 0 0
105.771686 72.672977 0 0
106.072237 72.676250 0 0
106.372787 72.679519 0 0
106.673338 72.682786 0 0
106.973888 72.686049 0 0
107.274439 72.689311 0 0
107.574989 72.692570 0 0
107.875540 72.695828 0 0
108.176090 72.699085 0 0
108.476641 72.702342 0 0
108.777192 72.705597 0 0
109.077742 72.708852 0 0
109.378293 72.712107 0 0
109.678843 72.715361 0 0
109.979394 72.718615 0 0
110.279945 72.721868 0 0
110.580495 72.725122 0 0
110.881046 72.728375 0 0
111.181596 72.731628 0 0
111.482147 72.734881 0 0
111.782698 72.738133 0 0
112.083248 72.741386 0 0
112.383799 72.744639 0 0
112.683983 72.747888 0 0
112.990297 72.750812 0 0
113.288906 72.753766 0 0
113.589639 72.756891 0 0
113.889771 72.754855 0 0
114.189276 72.735372 0 0
114.487142 72.698507 0 0
114.782360 72.644386 0 0
115.073932 72.573190 0 0
115.360871 72.485162 0 0
115.642207 72.380598 0 0
115.916986 72.259853 0 0
116.184280 72.123335 0 0
116.443184 71.971507 0 0
116.692821 71.804882 0 0
116.932348 71.624023 0 0
117.160954 71.429543 0 0
117.377865 71.222100 0 0
117.582347 71.002395 0 0
117.773709 70.771173 0 0
117.951303 70.529215 0 0
118.114527 70.277340 0 0
118.262830 70.016401 0 0
118.395710 69.747280 0 0
118.512717 69.470889 0 0
118.613455 69.188161 0 0
118.697584 68.900055 0 0
118.764819 68.607544 0 0
118.814932 68.311619 0 0
118.847738 68.013502 0 0
118.853214 67.655336 0 0
118.857651 67.355329 0 0
118.862072 67.055316 0 0
118.866484 66.755302 0 0
118.870889 66.455288 0 0
118.875289 66.155274 0 0
118.879685 65.855260 0 0
118.884079 65.555246 0 0
118.888469 65.255231 0 0
118.892857 64.955217 0 0
118.897244 64.655203 0 0
118.901628 64.355189 0 0
118.906012 64.055175 0 0
118.910393 63.755160 0 0
118.914774 63.455146 0 0
118.919154 63.155132 0 0
118.923533 62.855117 0 0
118.927912 62.555103 0 0
118.932290 62.255089 0 0
118.936668 61.955074 0 0
118.941046 61.655060 0 0
118.945424 61.355046 0 0
118.949802 61.055031 0 0
118.954180 60.755017 0 0
118.958558 60.455003 0 0
118.962936 60.154988 0 0
118.967314 59.854974 0 0
118.971692 59.554960 0 0
118.976070 59.254945 0 0
118.980448 58.954931 0 0
118.984826 58.654916 0 0
118.989204 58.354902 0 0
118.993582 58.054888 0 0
118.997960 57.754873 0 0
119.002338 57.454859 0 0
119.006716 57.154845 0 0
119.011094 56.854830 0 0
119.015472 56.554816 0 0
119.019850 56.254802 0 0
119.024228 55.954787 0 0
119.028606 55.654773 0 0
119.032984 55.354759 0 0
119.037362 55.054744 0 0
119.041740 54.754730 0 0
119.046118 54.454716 0 0
119.050496 54.154701 0 0
119.054874 53.854687 0 0
119.059252 53.554673 0 0
119.063630 53.254658 0 0
119.068008 52.954644 0 0
119.072386 52.654630 0 0
119.076764 52.354615 0 0
119.081142 52.054601 0 0
119.085520 51.754587 0 0
119.089898 51.454572 0 0
119.094276 51.154558 0 0
119.098654 50.854544 0 0
119.103032 50.554529 0 0
119.107410 50.254515 0 0
119.111788 49.954501 0 0
119.116166 49.654486 0 0
119.120544 49.354472 0 0
119.124922 49.054458 0 0
119.129300 48.754443 0 0
119.133678 48.454429 0 0
119.138056 48.154414 0 0
119.142434 47.854400 0 0
119.146812 47.554386 0 0
119.151190 47.254371 0 0
119.155568 46.954357 0 0
119.159946 46.654343 0 0
119.164324 46.354328 0 0
119.168702 46.054314 0 0
119.173080 45.754300 0 0
119.177458 45.454285 0 0
119.181836 45.154271 0 0
119.186214 44.854257 0 0
119.190592 44.554242 0 0
119.194970 44.254228 0 0
119.199348 43.954214 0 0
119.203726 43.654199 0 0
119.208104 43.354185 0 0
119.212482 43.054171 0 0
119.216860 42.754156 0 0
119.221238 42.454142 0 0
119.225616 42.154128 0 0
119.229994 41.854113 0 0
119.234372 41.554099 0 0
119.238750 41.254085 0 0
119.243128 40.954070 0 0
119.247506 40.654056 0 0
119.251884 40.354042 0 0
119.256262 40.054027 0 0
119.260640 39.754013 0 0
119.265018 39.453999 0 0
119.269396 39.153984 0 0
119.273774 38.853970 0 0
119.278152 38.553956 0 0
119.282530 38.253941 0 0
119.286908 37.953927 0 0
119.291286 37.653912 0 0
119.295664 37.353898 0 0
119.300042 37.053884 0 0
119.304420 36.753869 0 0
119.308798 36.453855 0 0
119.313176 36.153841 0 0
119.317554 35.853826 0 0
119.321932 35.553812 0 0
119.326310 35.253798 0 0
119.330688 34.953783 0 0
119.335066 34.653769 0 0
119.339444 34.353755 0 0
119.343822 34.053740 0 0
119.348200 33.753726 0 0
119.352578 33.453712 0 0
119.356956 33.153697 0 0
119.361334 32.853683 0 0
119.365712 32.553669 0 0
119.370092 32.253654 0 0
119.374470 31.954278 0 0
119.417151 31.642497 0 0
119.459916 31.330115 0 0
119.502682 31.017732 0 0
119.545447 30.705350 0 0
119.588213 30.392967 0 0
119.630979 30.080585 0 0
119.673745 29.768202 0 0
119.716510 29.455820 0 0
119.759269 29.143489 0 0
119.802183 28.830192 0 0
119.843141 28.531648 0 0
119.884093 28.233163 0 0
119.931868 27.935820 0 0
119.990997 27.640525 0 0
120.061394 27.347712 0 0
120.142954 27.057810 0 0
120.235558 26.771245 0 0
120.339071 26.488437 0 0
120.453340 26.209801 0 0
120.578198 25.935746 0 0
120.713461 25.666676 0 0
120.858931 25.402983 0 0
121.014395 25.145056 0 0
121.179623 24.893273 0 0
121.354375 24.648003 0 0
121.538392 24.409607 0 0
121.731406 24.178434 0 0
121.933133 23.954824 0 0
122.143277 23.739104 0 0
122.361529 23.531592 0 0
122.587569 23.332592 0 0
122.821066 23.142395 0 0
123.061676 22.961282 0 0
123.309047 22.789518 0 0
123.562815 22.627355 0 0
123.822609 22.475031 0 0
124.088046 22.332769 0 0
124.358737 22.200779 0 0
124.634286 22.079254 0 0
124.912916 21.964708 0 0
125.191567 21.850155 0 0
125.370225 21.777466 0 0
125.664042 21.709440 0 0
125.958843 21.641194 0 0
126.253647 21.572956 0 0
126.548452 21.504726 0 0
126.843259 21.436503 0 0
127.138067 21.368287 0 0
127.432877 21.300077 0 0
127.727688 21.231874 0 0
128.022501 21.163676 0 0
128.317315 21.095486 0 0
128.612131 21.027302 0 0
128.906949 20.959125 0 0
129.201768 20.890956 0 0
129.496589 20.822795 0 0
129.791413 20.754644 0 0
130.086239 20.686505 0 0
130.381068 20.618378 0 0
130.675900 20.550267 0 0
130.969563 20.482443 0 0
131.270912 20.486706 0 0
131.573465 20.491007 0 0
131.876018 20.495334 0 0
132.178570 20.499686 0 0
132.481123 20.504068 0 0
132.783674 20.508489 0 0
133.086160 20.517502 0 0
133.388646 20.526515 0 0
133.691132 20.535528 0 0
133.993618 20.544541 0 0
134.296103 20.553554 0 0
134.598589 20.562567 0 0
134.901075 20.571579 0 0
135.203561 20.580592 0 0
135.506047 20.589605 0 0
135.808533 20.598618 0 0
136.111019 20.607631 0 0
136.413505 20.616644 0 0
136.715990 20.625657 0 0
137.018476 20.634670 0 0
137.320962 20.643682 0 0
137.623448 20.652695 0 0
137.925934 20.661708 0 0
138.228420 20.670721 0 0
138.530906 20.679734 0 0
138.833391 20.688747 0 0
139.135877 20.697760 0 0
139.438363 20.706773 0 0
139.740849 20.715785 0 0
140.043335 20.724798 0 0
140.345821 20.733811 0 0
140.648307 20.742824 0 0
140.950792 20.751837 0 0
141.253278 20.760850 0 0
141.555764 20.769863 0 0
141.858250 20.778876 0 0
142.160736 20.787888 0 0
142.463222 20.796901 0 0
142.765708 20.805914 0 0
143.068194 20.814927 0 0
143.370679 20.823940 0 0
143.673165 20.832953 0 0
143.975651 20.841966 0 0
144.278137 20.850979 0 0
144.580623 20.859991 0 0
144.883109 20.869004 0 0
145.185595 20.878017 0 0
145.488080 20.887030 0 0
145.790566 20.896043 0 0
146.093052 20.905056 0 0
146.395538 20.914069 0 0
146.698024 20.923082 0 0
147.000510 20.932094 0 0
147.302996 20.941107 0 0
147.605481 20.950120 0 0
147.907967 20.959133 0 0
148.210453 20.968146 0 0
148.512939 20.977159 0 0
148.815425 20.986172 0 0
149.117911 20.995185 0 0
149.420397 21.004197 0 0
149.722883 21.013210 0 0
150.025368 21.022223 0 0
150.327854 21.031236 0 0
150.630340 21.040249 0 0
150.932826 21.049262 0 0
151.235312 21.058275 0 0
151.537798 21.067288 0 0
151.840284 21.076300 0 0
152.142769 21.085313 0 0
152.445255 21.094326 0 0
152.747741 21.103339 0 0
153.050227 21.112352 0 0
153.352713 21.121365 0 0
153.655199 21.130378 0 0
153.957685 21.139390 0 0
154.260170 21.148403 0 0
154.562656 21.157416 0 0
154.865142 21.166429 0 0
155.167628 21.175442 0 0
155.470114 21.184455 0 0
155.772600 21.193468 0 0
156.075086 21.202481 0 0
156.377571 21.211493 0 0
156.680057 21.220506 0 0
156.982543 21.229519 0 0
157.285029 21.238532 0 0
157.587515 21.247545 0 0
157.890001 21.256558 0 0
158.192487 21.265571 0 0
158.494973 21.274584 0 0
158.797458 21.283596 0 0
159.099944 21.292609 0 0
159.402430 21.301622 0 0
159.704916 21.310635 0 0
160.007402 21.319648 0 0
160.309888 21.328661 0 0
160.612374 21.337674 0 0
160.914859 21.346687 0 0
161.217345 21.355699 0 0
161.519831 21.364712 0 0
161.822317 21.373725 0 0
162.124803 21.382738 0 0
162.384309 21.391136 0 0
162.647139 21.399886 0 0
162.952137 21.417062 0 0
163.257135 21.434239 0 0
163.562134 21.451415 0 0
163.867132 21.468592 0 0
164.172130 21.485768 0 0
164.477129 21.502945 0 0
164.782127 21.520122 0 0
165.087125 21.537298 0 0
165.392124 21.554475 0 0
165.697122 21.571651 0 0
166.002120 21.588828 0 0
166.307119 21.606004 0 0
166.612117 21.623181 0 0
166.917116 21.640357 0 0
167.222114 21.657534 0 0
167.504438 21.670179 0 0
167.783486 21.682467 0 0
168.085658 21.695226 0 0
168.387830 21.707985 0 0
168.690003 21.720744 0 0
168.992175 21.733503 0 0
169.294347 21.746262 0 0
169.596520 21.759021 0 0
169.898692 21.771780 0 0
170.200864 21.784539 0 0
170.503037 21.797298 0 0
170.805209 21.810056 0 0
171.107382 21.822815 0 0
171.409554 21.835574 0 0
171.711726 21.848333 0 0
172.013899 21.861092 0 0
172.316071 21.873851 0 0
172.618243 21.886610 0 0
172.920416 21.899369 0 0
173.222588 21.912128 0 0
173.524760 21.924887 0 0
173.826933 21.937646 0 0
174.129105 21.950405 0 0
174.431277 21.963164 0 0
174.733450 21.975923 0 0
175.035622 21.988681 0 0
175.337795 22.001440 0 0
175.639967 22.014199 0 0
175.942139 22.026958 0 0
176.244312 22.039717 0 0
176.546484 22.052476 0 0
176.848656 22.065235 0 0
177.150829 22.077994 0 0
177.453001 22.090753 0 0
177.755173 22.103512 0 0
178.057346 22.116271 0 0
178.359518 22.129030 0 0
178.661690 22.141789 0 0
178.963863 22.154548 0 0
179.266125 22.162880 0 0
179.567953 22.171204 0 0
179.879876 22.178957 0 0
180.178054 22.186552 0 0
180.479702 22.194543 0 0
180.780535 22.187747 0 0
181.079504 22.153622 0 0
181.374131 22.092452 0 0
181.661975 22.004743 0 0
181.940650 21.891223 0 0
182.207848 21.752832 0 0
182.461188 21.590837 0 0
182.684139 21.401808 0 0
182.903813 21.197369 0 0
183.114026 20.983211 0 0
183.314347 20.759772 0 0
183.504367 20.527510 0 0
183.683698 20.286898 0 0
183.851973 20.038429 0 0
184.008848 19.782609 0 0
184.154053 19.519868 0 0
184.292772 19.254054 0 0
184.424343 18.984637 0 0
184.549049 18.711967 0 0
184.666807 18.436226 0 0
184.777543 18.157589 0 0
184.881184 17.876237 0 0
184.977664 17.592350 0 0
185.066922 17.306110 0 0
185.148901 17.017700 0 0
185.223546 16.727306 0 0
185.290811 16.435115 0 0
185.350653 16.141313 0 0
185.403033 15.846090 0 0
185.447917 15.549634 0 0
185.485276 15.252137 0 0
185.515087 14.953788 0 0
185.537331 14.654780 0 0
185.551993 14.355305 0 0
185.559063 14.055554 0 0
185.558538 13.755721 0 0
185.550417 13.455997 0 0
185.534707 13.156574 0 0
185.511416 12.857646 0 0
185.480559 12.559404 0 0
185.442158 12.262039 0 0
185.396235 11.965743 0 0
185.342822 11.670705 0 0
185.281951 11.377114 0 0
185.213663 11.085160 0 0
185.138000 10.795030 0 0
185.055012 10.506909 0 0
184.967749 10.219996 0 0
184.880441 9.932947 0 0
184.792432 9.643547 0 0
184.670937 9.369203 0 0
184.538768 9.099117 0 0
184.396351 8.834291 0 0
184.243895 8.575115 0 0
184.081624 8.321969 0 0
183.909776 8.075224 0 0
183.728603 7.835242 0 0
183.538370 7.602376 0 0
183.339358 7.376967 0 0
183.131859 7.159346 0 0
182.916176 6.949833 0 0
182.692626 6.748734 0 0
182.461538 6.556346 0 0
182.223250 6.372950 0 0
181.978113 6.198816 0 0
181.726486 6.034199 0 0
181.468738 5.879341 0 0
181.205247 5.734469 0 0
180.936402 5.599796 0 0
180.662595 5.475519 0 0
180.384228 5.361821 0 0
180.101712 5.258868 0 0
179.815459 5.166812 0 0
179.525890 5.085788 0 0
179.233430 5.015915 0 0
178.927859 5.016813 0 0
178.626417 5.018450 0 0
178.330393 5.020843 0 0
177.965217 5.017222 0 0
177.666052 5.016446 0 0
177.363199 5.015588 0 0
177.060346 5.014730 0 0
176.757493 5.013873 0 0
176.454639 5.013015 0 0
176.151786 5.012157 0 0
175.848933 5.011300 0 0
175.546080 5.010442 0 0
175.243226 5.009584 0 0
174.940373 5.008727 0 0
174.637520 5.007869 0 0
174.334667 5.007011 0 0
174.031813 5.006154 0 0
173.728960 5.005296 0 0
173.426107 5.004438 0 0
173.123253 5.003581 0 0
172.820400 5.002723 0 0
172.517547 5.001865 0 0
172.241559 5.001600 0 0
171.952041 5.002305 0 0
171.636779 5.007232 0 0
171.321516 5.012159 0 0
171.006254 5.017085 0 0
170.690992 5.022012 0 0
170.375730 5.026939 0 0
170.060468 5.031865 0 0
169.745206 5.036792 0 0
169.429943 5.041719 0 0
169.114681 5.046645 0 0
168.799419 5.051572 0 0
168.484157 5.056499 0 0
168.168895 5.061425 0 0
167.853632 5.066352 0 0
167.538370 5.071279 0 0
167.223108 5.076205 0 0
166.949520 5.074298 0 0
166.693339 5.071031 0 0
166.393266 5.067331 0 0
166.093193 5.063631 0 0
165.793120 5.059931 0 0
165.493048 5.056231 0 0
165.192975 5.052531 0 0
164.892902 5.048831 0 0
164.592829 5.045131 0 0
164.292757 5.041431 0 0
163.992684 5.037731 0 0
163.692611 5.034031 0 0
163.392538 5.030331 0 0
163.092465 5.026631 0 0
162.792393 5.022931 0 0
162.492320 5.019230 0 0
162.192247 5.015530 0 0
161.892174 5.011830 0 0
161.592102 5.008130 0 0
161.292029 5.004430 0 0
160.991956 5.000730 0 0
160.691883 4.997030 0 0
160.391811 4.993330 0 0
160.091738 4.989630 0 0
159.791665 4.985930 0 0
159.491592 4.982230 0 0
159.191520 4.978530 0 0
158.891447 4.974830 0 0
158.591374 4.971130 0 0
158.291301 4.967430 0 0
157.991228 4.963730 0 0
157.691156 4.960030 0 0
157.391083 4.956330 0 0
157.091010 4.952630 0 0
156.790937 4.948930 0 0
156.490865 4.945230 0 0
156.190792 4.941530 0 0
155.890719 4.937830 0 0
155.590646 4.934130 0 0
155.290574 4.930430 0 0
154.990501 4.926730 0 0
154.690428 4.923030 0 0
154.390355 4.919330 0 0
154.090282 4.915629 0 0
153.790210 4.911929 0 0
153.490137 4.908229 0 0
153.190064 4.904529 0 0
152.889991 4.900829 0 0
152.589919 4.897129 0 0
152.289846 4.893429 0 0
151.989773 4.889729 0 0
151.689700 4.886029 0 0
151.389628 4.882329 0 0
151.089555 4.878629 0 0
150.789482 4.874929 0 0
150.489409 4.871229 0 0
150.189337 4.867529 0 0
149.889264 4.863829 0 0
149.589191 4.860129 0 0
149.289118 4.856429 0 0
148.989045 4.852729 0 0
148.688973 4.849029 0 0
148.388900 4.845329 0 0
148.088827 4.841629 0 0
147.788754 4.837929 0 0
147.488682 4.834229 0 0
147.188609 4.830529 0 0
146.888536 4.826829 0 0
146.588463 4.823129 0 0
146.288391 4.819429 0 0
145.988318 4.815729 0 0
145.688245 4.812028 0 0
145.388172 4.808328 0 0
145.088099 4.804628 0 0
144.788027 4.800928 0 0
144.487954 4.797228 0 0
144.187881 4.793528 0 0
143.887808 4.789828 0 0
143.587736 4.786128 0 0
143.287663 4.782428 0 0
142.987590 4.778728 0 0
142.687517 4.775028 0 0
142.387445 4.771328 0 0
142.087372 4.767628 0 0
141.787299 4.763928 0 0
141.487226 4.760228 0 0
141.187154 4.756528 0 0
140.887081 4.752828 0 0
140.587008 4.749128 0 0
140.286935 4.745428 0 0
139.986862 4.741728 0 0
139.686790 4.738028 0 0
139.386717 4.734328 0 0
139.086644 4.730628 0 0
138.786571 4.726928 0 0
138.486499 4.723228 0 0
138.186426 4.719528 0 0
137.886353 4.715828 0 0
137.586280 4.712128 0 0
137.286208 4.708427 0 0
136.986135 4.704727 0 0
136.686062 4.701027 0 0
136.385989 4.697327 0 0
136.085916 4.693627 0 0
135.785844 4.689927 0 0
135.485771 4.686227 0 0
135.185698 4.682527 0 0
134.885625 4.678827 0 0
134.585553 4.675127 0 0
134.285480 4.671427 0 0
133.985407 4.667727 0 0
133.685334 4.664027 0 0
133.385262 4.660327 0 0
133.085189 4.656627 0 0
132.785116 4.652927 0 0
132.485043 4.649227 0 0
132.184971 4.645527 0 0
131.884898 4.641827 0 0
131.584825 4.638127 0 0
131.284752 4.634427 0 0
130.984679 4.630727 0 0
130.684607 4.627027 0 0
130.384534 4.623327 0 0
130.084461 4.619627 0 0
129.784388 4.615927 0 0
129.484316 4.612227 0 0
129.184243 4.608527 0 0
128.884170 4.604826 0 0
128.584097 4.601126 0 0
128.284025 4.597426 0 0
127.983952 4.593726 0 0
127.683879 4.590026 0 0
127.383806 4.586326 0 0
127.083733 4.582626 0 0
126.783661 4.578926 0 0
126.483588 4.575226 0 0
126.183515 4.571526 0 0
125.883442 4.567826 0 0
125.583370 4.564126 0 0
125.283297 4.560426 0 0
124.983224 4.556726 0 0
124.683151 4.553026 0 0
124.383079 4.549326 0 0
124.083006 4.545626 0 0
123.782933 4.541926 0 0
123.482860 4.538226 0 0
123.182787 4.534526 0 0
122.882715 4.530826 0 0
122.582642 4.527126 0 0
122.282569 4.523426 0 0
121.982496 4.519726 0 0
121.682424 4.516026 0 0
121.382351 4.512326 0 0
121.082278 4.508626 0 0
120.782205 4.504926 0 0
120.482133 4.501225 0 0
120.182060 4.497525 0 0
119.881987 4.493825 0 0
119.581914 4.490125 0 0
119.281842 4.486425 0 0
118.981769 4.482725 0 0
118.681696 4.479025 0 0
118.381623 4.475325 0 0
118.081550 4.471625 0 0
117.781478 4.467925 0 0
117.481405 4.464225 0 0
117.181332 4.460525 0 0
116.881259 4.456825 0 0
116.581187 4.453125 0 0
116.281114 4.449425 0 0
115.981041 4.445725 0 0
115.680968 4.442025 0 0
115.380896 4.438325 0 0
115.080823 4.434625 0 0
114.780750 4.430925 0 0
114.480677 4.427225 0 0
114.180604 4.423525 0 0
113.880532 4.419825 0 0
113.580459 4.416125 0 0
113.280386 4.412425 0 0
112.980313 4.408725 0 0
112.680241 4.405025 0 0
112.380168 4.401325 0 0
112.080095 4.397625 0 0
111.780022 4.393924 0 0
111.479950 4.390224 0 0
111.179877 4.386524 0 0
110.879804 4.382824 0 0
110.579731 4.379124 0 0
110.279659 4.375424 0 0
109.979586 4.371724 0 0
109.679513 4.368024 0 0
109.379440 4.364324 0 0
109.079367 4.360624 0 0
108.779295 4.356924 0 0
108.479222 4.353224 0 0
108.179149 4.349524 0 0
107.879076 4.345824 0 0
107.579004 4.342124 0 0
107.278931 4.338424 0 0
106.978858 4.334724 0 0
106.678785 4.331024 0 0
106.378713 4.327324 0 0
106.078640 4.323624 0 0
105.778567 4.319924 0 0
105.478494 4.316224 0 0
105.178421 4.312524 0 0
104.878349 4.308824 0 0
104.578276 4.305124 0 0
104.278203 4.301424 0 0
103.978130 4.297724 0 0
103.678058 4.294024 0 0
103.377985 4.290323 0 0
103.077912 4.286623 0 0
102.777839 4.282923 0 0
102.477767 4.279223 0 0
102.177694 4.275523 0 0
101.877621 4.271823 0 0
101.577548 4.268123 0 0
101.277476 4.264423 0 0
100.977403 4.260723 0 0
100.677330 4.257023 0 0
100.377257 4.253323 0 0
100.077184 4.249623 0 0
99.777112 4.245923 0 0
99.477039 4.242223 0 0
99.176966 4.238523 0 0
98.876893 4.234823 0 0
98.576821 4.231123 0 0
98.276748 4.227423 0 0
97.976675 4.223723 0 0
97.676602 4.220023 0 0
97.376530 4.216323 0 0
97.076457 4.212623 0 0
96.776384 4.208923 0 0
96.476311 4.205223 0 0
96.176238 4.201523 0 0
95.876166 4.197823 0 0
95.576093 4.194123 0 0
95.276020 4.190423 0 0
94.975947 4.186722 0 0
94.675875 4.183022 0 0
94.375802 4.179322 0 0
94.075729 4.175622 0 0
93.775656 4.171922 0 0
93.475584 4.168222 0 0
93.175511 4.164522 0 0
92.875438 4.160822 0 0
92.575365 4.157122 0 0
92.275293 4.153422 0 0
91.975220 4.149722 0 0
91.675147 4.146022 0 0
91.375074 4.142322 0 0
91.075001 4.138622 0 0
90.774929 4.134922 0 0
90.474856 4.131222 0 0
90.174783 4.127522 0 0
89.874710 4.123822 0 0
89.574638 4.120122 0 0
89.274565 4.116422 0 0
88.974492 4.112722 0 0
88.674419 4.109022 0 0
88.374347 4.105322 0 0
88.074274 4.101622 0 0
87.774201 4.097922 0 0
87.474128 4.094222 0 0
87.174055 4.090522 0 0
86.873983 4.086822 0 0
86.573910 4.083122 0 0
86.273837 4.079421 0 0
85.973764 4.075721 0 0
85.673692 4.072021 0 0
85.373619 4.068321 0 0
85.073546 4.064621 0 0
84.773473 4.060921 0 0
84.473401 4.057221 0 0
84.173328 4.053521 0 0
83.873255 4.049821 0 0
83.573182 4.046121 0 0
83.273109 4.042421 0 0
82.973037 4.038721 0 0
82.672964 4.035021 0 0
82.372891 4.031321 0 0
82.072818 4.027621 0 0
81.772746 4.023921 0 0
81.472673 4.020221 0 0
81.172600 4.016521 0 0
80.872527 4.012821 0 0
80.572455 4.009121 0 0
80.272382 4.005421 0 0
79.972309 4.001721 0 0
79.672236 3.998021 0 0
79.372164 3.994321 0 0
79.072091 3.990621 0 0
78.772018 3.986921 0 0
78.471945 3.983221 0 0
78.171872 3.979521 0 0
77.871800 3.975820 0 0
77.571727 3.972120 0 0
77.271654 3.968420 0 0
76.971581 3.964720 0 0
76.671509 3.961020 0 0
76.371436 3.957320 0 0
76.071363 3.953620 0 0
75.771290 3.949920 0 0
75.471218 3.946220 0 0
75.171145 3.942520 0 0
74.871072 3.938820 0 0
74.570999 3.935120 0 0
74.270926 3.931420 0 0
73.970854 3.927720 0 0
73.670781 3.924020 0 0
73.370708 3.920320 0 0
73.070635 3.916620 0 0
72.770563 3.912920 0 0
72.470490 3.909220 0 0
72.170417 3.905520 0 0
71.870344 3.901820 0 0
71.570272 3.898120 0 0
71.270199 3.894420 0 0
70.970126 3.890720 0 0
70.670053 3.887020 0 0
70.369981 3.883320 0 0
70.069908 3.879620 0 0
69.769835 3.875920 0 0
69.469762 3.872220 0 0
69.169689 3.868519 0 0
68.869617 3.864819 0 0
68.569544 3.861119 0 0
68.269471 3.857419 0 0
67.969398 3.853719 0 0
67.669326 3.850019 0 0
67.369253 3.846319 0 0
67.069180 3.842619 0 0
66.769107 3.838919 0 0
66.469035 3.835219 0 0
66.168962 3.831519 0 0
65.868889 3.827819 0 0
65.568816 3.824119 0 0
65.268743 3.820419 0 0
64.968671 3.816719 0 0
64.668598 3.813019 0 0
64.368525 3.809319 0 0
64.068452 3.805619 0 0
63.768380 3.801919 0 0
63.468307 3.798219 0 0
63.168234 3.794519 0 0
62.868161 3.790819 0 0
62.568089 3.787119 0 0
62.268016 3.783419 0 0
61.967943 3.779719 0 0
61.667870 3.776019 0 0
61.367798 3.772319 0 0
61.067725 3.768619 0 0
60.767652 3.764918 0 0
60.467579 3.761218 0 0
60.167506 3.757518 0 0
59.867434 3.753818 0 0
59.567361 3.750118 0 0
59.267288 3.746418 0 0
58.967215 3.742718 0 0
58.667143 3.739018 0 0
58.367070 3.735318 0 0
58.066997 3.731618 0 0
57.766924 3.727918 0 0
57.466852 3.724218 0 0
57.166779 3.720518 0 0
56.866706 3.716818 0 0
56.566633 3.713118 0 0
56.266560 3.709418 0 0
55.966488 3.705718 0 0
55.666415 3.702018 0 0
55.366342 3.698318 0 0
55.066269 3.694618 0 0
54.766197 3.690918 0 0
54.466124 3.687218 0 0
54.166051 3.683518 0 0
53.865978 3.679818 0 0
53.565906 3.676118 0 0
53.265833 3.672418 0 0
52.965760 3.668718 0 0
52.665687 3.665018 0 0
52.365614 3.661317 0 0
52.065542 3.657617 0 0
51.765469 3.653917 0 0
51.465396 3.650217 0 0
51.165323 3.646517 0 0
50.865251 3.642817 0 0
50.565178 3.639117 0 0
50.265105 3.635417 0 0
49.965032 3.631717 0 0
49.664960 3.628017 0 0
49.364887 3.624317 0 0
49.064814 3.620617 0 0
48.764741 3.616917 0 0
48.464669 3.613217 0 0
48.164596 3.609517 0 0
47.864523 3.605817 0 0
47.564450 3.602117 0 0
47.264377 3.598417 0 0
46.964305 3.594717 0 0
46.664232 3.591017 0 0
46.364159 3.587317 0 0
46.064086 3.583617 0 0
45.764014 3.579917 0 0
45.463941 3.576217 0 0
45.163868 3.572517 0 0
44.863795 3.568817 0 0
44.563723 3.565117 0 0
44.263650 3.561417 0 0
43.963577 3.557717 0 0
43.663504 3.554016 0 0
43.363431 3.550316 0 0
43.063359 3.546616 0 0
42.763286 3.542916 0 0
42.463213 3.539216 0 0
42.163140 3.535516 0 0
41.863068 3.531816 0 0
41.562995 3.528116 0 0
41.262922 3.524416 0 0
40.962849 3.520716 0 0
40.662777 3.517016 0 0
40.362704 3.513316 0 0
40.062631 3.509616 0 0
39.762558 3.505916 0 0
39.462486 3.502216 0 0
39.162413 3.498516 0 0
38.862340 3.494816 0 0
38.562267 3.491116 0 0
38.262194 3.487416 0 0
37.962122 3.483716 0 0
37.662049 3.480016 0 0
37.361976 3.476316 0 0
37.061903 3.472616 0 0
36.761831 3.468916 0 0
36.461758 3.465216 0 0
36.161685 3.461516 0 0
35.861612 3.457816 0 0
35.561540 3.454116 0 0
35.261467 3.450416 0 0
34.961394 3.446715 0 0
34.661321 3.443015 0 0
34.361248 3.439315 0 0
34.061176 3.435615 0 0
33.761103 3.431915 0 0
33.461030 3.428215 0 0
33.160957 3.424515 0 0
32.860885 3.420815 0 0
32.560812 3.417115 0 0
32.260739 3.413415 0 0
31.960666 3.409715 0 0
31.660594 3.406015 0 0
31.360521 3.402315 0 0
31.060448 3.398615 0 0
30.760375 3.394915 0 0
30.460303 3.391215 0 0
30.160230 3.387515 0 0
29.860157 3.383815 0 0
29.560084 3.380115 0 0
29.260011 3.376415 0 0
28.959939 3.372715 0 0
28.659866 3.369015 0 0
28.359793 3.365315 0 0
28.059720 3.361615 0 0
27.759648 3.357915 0 0
27.459575 3.354215 0 0
27.159502 3.350515 0 0
26.859429 3.346815 0 0
26.559357 3.343114 0 0
26.259284 3.339414 0 0
25.959211 3.335714 0 0
25.659138 3.332014 0 0
25.359065 3.328314 0 0
25.058993 3.324614 0 0
24.758920 3.320914 0 0
24.458847 3.317214 0 0
24.158774 3.313514 0 0
23.858702 3.309814 0 0
23.558629 3.306114 0 0
23.258556 3.302414 0 0
22.958483 3.298714 0 0
22.658411 3.295014 0 0
22.358338 3.291314 0 0
22.058265 3.287614 0 0
21.758192 3.283914 0 0
21.458120 3.280214 0 0
21.158047 3.276514 0 0
20.902546 3.273253 0 0
20.637180 3.269383 0 0
20.328603 3.260645 0 0
20.020026 3.251907 0 0
19.711448 3.243169 0 0
19.402871 3.234431 0 0
19.094293 3.225693 0 0
18.785716 3.216955 0 0
18.477138 3.208217 0 0
18.168561 3.199478 0 0
17.859984 3.190740 0 0
17.551406 3.182002 0 0
17.242829 3.173264 0 0
16.934251 3.164526 0 0
16.625674 3.155788 0 0
16.317096 3.147050 0 0
16.008519 3.138311 0 0
15.699942 3.129573 0 0
15.391364 3.120835 0 0
15.082787 3.112097 0 0
14.774209 3.103359 0 0
14.465632 3.094621 0 0
14.157054 3.085883 0 0
13.848477 3.077145 0 0
13.539900 3.068406 0 0
13.231322 3.059668 0 0
12.922745 3.050930 0 0
12.612841 3.042043 0 0
12.345199 3.037563 0 0
12.044067 3.029964 0 0
11.742965 3.022367 0 0
11.442031 3.014784 0 0
11.141251 3.007214 0 0
10.840613 2.999655 0 0
10.540103 2.992104 0 0
10.239708 2.984561 0 0
9.939414 2.977025 0 0
9.639209 2.969493 0 0
9.339078 2.961965 0 0
9.039008 2.954440 0 0
8.738986 2.946917 0 0
8.438999 2.939395 0 0
8.139033 2.931874 0 0
7.839075 2.924356 0 0
7.539088 2.918132 0 0
7.239074 2.913325 0 0
6.939041 2.909935 0 0
6.638996 2.907963 0 0
6.338944 2.907408 0 0
6.038894 2.908271 0 0
5.738850 2.910552 0 0
5.438821 2.914249 0 0
5.138813 2.919365 0 0
4.838832 2.925897 0 0
4.539060 2.933840 0 0
4.237811 2.953761 0 0
3.939707 3.000232 0 0
3.646690 3.072159 0 0
3.360941 3.169010 0 0
3.084576 3.290066 0 0
2.819640 3.434432 0 0
2.568095 3.601039 0 0
2.331803 3.788653 0 0
2.112515 3.995885 0 0
1.911853 4.221201 0 0
1.731303 4.462933 0 0
1.572202 4.719290 0 0
1.435727 4.988376 0 0
1.322890 5.268198 0 0
1.234525 5.556685 0 0
1.171287 5.851699 0 0
1.133644 6.151058 0 0
1.121875 6.452544 0 0
1.121575 6.755235 0 0
1.121622 7.061768 0 0
1.096473 7.208589 0 0
1.098952 7.508141 0 0
1.100621 7.801846 0 0
1.102087 8.093056 0 0
1.103669 8.388985 0 0
1.105234 8.689111 0 0
1.106799 8.989221 0 0
1.108364 9.289338 0 0
1.109929 9.589455 0 0
1.111495 9.889572 0 0
1.113060 10.189689 0 0
1.114625 10.489806 0 0
1.116190 10.789922 0 0
1.117756 11.090039 0 0
1.119321 11.390156 0 0
1.120886 11.690273 0 0
1.122451 11.990390 0 0
1.124016 12.290507 0 0
1.125582 12.590623 0 0
1.127147 12.890740 0 0
1.128712 13.190857 0 0
1.130277 13.490974 0 0
1.131843 13.791091 0 0
1.133408 14.091208 0 0
1.134973 14.391325 0 0
1.136538 14.691441 0 0
1.138103 14.991558 0 0
1.139669 15.291675 0 0
1.141234 15.591792 0 0
1.142799 15.891909 0 0
1.144364 16.192026 0 0
1.145930 16.492142 0 0
1.147495 16.792259 0 0
1.149060 17.092376 0 0
1.150625 17.392493 0 0
1.152191 17.692610 0 0
1.153756 17.992727 0 0
1.155321 18.292843 0 0
1.156886 18.592960 0 0
1.158451 18.893077 0 0
1.160017 19.193194 0 0
1.161582 19.493311 0 0
1.163147 19.793428 0 0
1.164712 20.093545 0 0
1.166278 20.393661 0 0
1.167843 20.693778 0 0
1.169408 20.993895 0 0
1.170973 21.294012 0 0
1.172538 21.594129 0 0
1.174104 21.894246 0 0
1.175669 22.194362 0 0
1.177234 22.494479 0 0
1.178799 22.794596 0 0
1.180365 23.094713 0 0
1.181930 23.394830 0 0
1.183495 23.694947 0 0
1.185060 23.995063 0 0
1.186626 24.295180 0 0
1.188191 24.595297 0 0
1.189756 24.895414 0 0
1.191321 25.195531 0 0
1.192886 25.495648 0 0
1.194452 25.795765 0 0
1.196017 26.095881 0 0
1.197582 26.395998 0 0
1.199147 26.696115 0 0
1.200713 26.996232 0 0
1.202278 27.296349 0 0
1.203843 27.596466 0 0
1.205408 27.896582 0 0
1.206974 28.196699 0 0
1.208539 28.496816 0 0
1.210104 28.796933 0 0
1.211669 29.097050 0 0
1.213235 29.397167 0 0
1.214800 29.697283 0 0
1.216365 29.997400 0 0
1.217931 30.297464 0 0
1.219922 30.597770 0 0
1.221923 30.898130 0 0
1.223932 31.198490 0 0
1.225948 31.498850 0 0
1.227969 31.799209 0 0
1.229995 32.099569 0 0
1.232026 32.399929 0 0
1.234062 32.700288 0 0
1.236103 33.000648 0 0
1.238148 33.301007 0 0
1.240198 33.601367 0 0
1.242252 33.901726 0 0
1.244312 34.202086 0 0
1.246377 34.502445 0 0
1.248448 34.802804 0 0
1.250526 35.103164 0 0
1.252612 35.403523 0 0
1.254707 35.703882 0 0
1.256815 36.004241 0 0
1.258940 36.304531 0 0
1.265154 36.604928 0 0
1.275648 36.905205 0 0
1.290419 37.205301 0 0
1.309463 37.505157 0 0
1.332778 37.804711 0 0
1.360358 38.103902 0 0
1.392199 38.402670 0 0
1.428292 38.700954 0 0
1.468631 38.998693 0 0
1.513209 39.295828 0 0
1.562015 39.592297 0 0
1.615040 39.888041 0 0
1.672273 40.183000 0 0
1.733702 40.477113 0 0
1.799316 40.770321 0 0
1.869100 41.062564 0 0
1.943041 41.353784 0 0
2.020747 41.642815 0 0
2.169059 42.003751 0 0
2.279814 42.284002 0 0
2.391140 42.565702 0 0
2.502467 42.847403 0 0
2.613793 43.129103 0 0
2.725120 43.410804 0 0
2.836446 43.692504 0 0
2.947773 43.974205 0 0
3.059099 44.255905 0 0
3.170426 44.537606 0 0
3.281752 44.819306 0 0
3.393079 45.101007 0 0
3.504405 45.382707 0 0
3.615732 45.664408 0 0
3.727058 45.946108 0 0
3.838384 46.227809 0 0
3.949711 46.509509 0 0
4.061037 46.791210 0 0
4.172364 47.072910 0 0
4.283690 47.354611 0 0
4.395017 47.636311 0 0
4.506343 47.918012 0 0
4.617670 48.199712 0 0
4.728996 48.481413 0 0
4.840323 48.763113 0 0
4.951649 49.044814 0 0
5.062976 49.326514 0 0
5.174302 49.608215 0 0
5.285629 49.889915 0 0
5.396955 50.171616 0 0
5.508282 50.453316 0 0
5.619608 50.735017 0 0
5.730935 51.016717 0 0
5.842261 51.298418 0 0
5.953588 51.580118 0 0
6.064914 51.861819 0 0
6.176241 52.143519 0 0
6.287567 52.425220 0 0
6.398894 52.706920 0 0
6.510221 52.988621 0 0
6.621547 53.270321 0 0
6.732874 53.552022 0 0
6.844200 53.833722 0 0
6.955527 54.115423 0 0
7.066853 54.397123 0 0
7.178180 54.678824 0 0
7.289506 54.960524 0 0
7.400833 55.242225 0 0
7.512159 55.523925 0 0
7.623486 55.805626 0 0
7.734812 56.087326 0 0
7.846139 56.369027 0 0
7.957466 56.650727 0 0
8.068792 56.932428 0 0
8.180119 57.214128 0 0
8.291445 57.495828 0 0
8.402772 57.777529 0 0
8.514098 58.059229 0 0
8.625425 58.340930 0 0
8.736752 58.622630 0 0
8.848078 58.904331 0 0
8.959405 59.186031 0 0
9.070731 59.467732 0 0
9.182058 59.749432 0 0
9.293385 60.031133 0 0
9.404711 60.312833 0 0
9.516038 60.594534 0 0
9.627364 60.876234 0 0
9.738691 61.157935 0 0
9.850018 61.439635 0 0
9.961344 61.721335 0 0
10.072671 62.003036 0 0
10.183997 62.284736 0 0
10.295324 62.566437 0 0
10.406651 62.848137 0 0
10.517977 63.129838 0 0
10.629304 63.411538 0 0
10.740631 63.693239 0 0
10.851957 63.974939 0 0
10.963284 64.256639 0 0
11.074611 64.538340 0 0
11.185937 64.820040 0 0
11.297264 65.101741 0 0
11.408591 65.383441 0 0
11.519917 65.665142 0 0
11.631244 65.946842 0 0
11.742571 66.228542 0 0
11.853897 66.510243 0 0
11.965224 66.791943 0 0
12.076551 67.073644 0 0
12.187877 67.355344 0 0
12.299204 67.637045 0 0
12.410531 67.918745 0 0
12.521858 68.200445 0 0
12.633184 68.482146 0 0
12.744511 68.763846 0 0
12.855838 69.045547 0 0
12.967165 69.327247 0 0
13.078535 69.609058 0 0
13.190142 69.891439 0 0
13.300875 70.171443 0 0
13.411477 70.451066 0 0
13.540900 70.722391 0 0
13.690472 70.983151 0 0
13.859337 71.231852 0 0
14.046527 71.467069 0 0
14.250970 71.687456 0 0
14.471495 71.891750 0 0
14.706839 72.078781 0 0
14.955654 72.247478 0 0
15.216515 72.396873 0 0
15.487927 72.526113 0 0
15.768336 72.634455 0 0
16.056136 72.721281 0 0
16.349678 72.786091 0 0
16.647281 72.828516 0 0
16.946509 72.848319 0 0
17.284472 72.828987 0 0
17.584609 72.814717 0 0
17.883935 72.800536 0 0
18.182730 72.786401 0 0
18.481295 72.772280 0 0
18.779934 72.758157 0 0
19.078948 72.744027 0 0
19.379614 72.729901 0 0
19.697651 72.715689 0 0
20.015099 72.701490 0 0
20.332556 72.687292 0 0
20.650013 72.673093 0 0
20.967469 72.658894 0 0
21.284926 72.644695 0 0
21.601804 72.605071 0 0
21.918682 72.565446 0 0
22.229930 72.525950 0 0
22.523604 72.487779 0 0
22.823149 72.448838 0 0
23.122695 72.409896 0 0
23.422240 72.370954 0 0
23.721786 72.332013 0 0
24.021332 72.293071 0 0
24.320877 72.254130 0 0
24.620423 72.215188 0 0
24.919969 72.176247 0 0
25.219514 72.137305 0 0
25.519060 72.098364 0 0
25.818606 72.059422 0 0
26.118151 72.020480 0 0
26.417697 71.981539 0 0
26.717243 71.942597 0 0
27.016788 71.903656 0 0
27.316334 71.864714 0 0
27.615879 71.825773 0 0