27.9285	71.8865	0	0
28.22848263	71.88327183	0	0
28.52846526	71.88004365	0	0
28.82844789	71.87681548	0	0
29.12843053	71.8735883	0	0
29.42841317	71.87036013	0	0
29.7283958	71.86713196	0	0
30.02837843	71.86390379	0	0
30.32836106	71.86067561	0	0
30.62834369	71.85744744	0	0
30.92832633	71.85422024	0	0
31.22830896	71.85099209	0	0
31.52829159	71.84776392	0	0
31.82827422	71.84453575	0	0
32.12825686	71.84130757	0	0
32.42823949	71.8380794	0	0
32.72822213	71.83485219	0	0
33.02820476	71.83162405	0	0
33.32818739	71.82839588	0	0
33.62817002	71.8251677	0	0
33.92815265	71.82193953	0	0
34.22813528	71.81871136	0	0
34.52811791	71.81548318	0	0
34.82810056	71.81225596	0	0
35.12808319	71.80902784	0	0
35.42806582	71.80579966	0	0
35.72804845	71.80257149	0	0
36.02803108	71.79934332	0	0
36.32801371	71.79611514	0	0
36.62799635	71.79288791	0	0
36.92797898	71.7896598	0	0
37.22796161	71.78643162	0	0
37.52794425	71.78320345	0	0
37.82792688	71.77997528	0	0
38.12790951	71.7767471	0	0
38.42789215	71.77351986	0	0
38.72787478	71.77029176	0	0
39.02785741	71.76706358	0	0
39.32784004	71.76383541	0	0
39.62782267	71.76060724	0	0
39.9278053	71.75737906	0	0
40.22778794	71.75415089	0	0
40.52777058	71.75092363	0	0
40.82775321	71.74769554	0	0
41.12773584	71.74446737	0	0
41.42771847	71.74123919	0	0
41.7277011	71.73801102	0	0
42.02768373	71.73478285	0	0
42.32766637	71.73155557	0	0
42.627649	71.7283275	0	0
42.92763164	71.72509934	0	0
43.22761427	71.72187117	0	0
43.5275969	71.71864299	0	0
43.82757953	71.71541482	0	0
44.12756216	71.71218664	0	0
44.4275448	71.70895936	0	0
44.72752743	71.7057313	0	0
45.02751006	71.70250312	0	0
45.32749269	71.69927495	0	0
45.62747533	71.69604678	0	0
45.92745796	71.6928186	0	0
46.2274406	71.6895913	0	0
46.52742323	71.68636326	0	0
46.82740586	71.68313508	0	0
47.12738849	71.67990691	0	0
47.42737112	71.67667874	0	0
47.72735375	71.67345056	0	0
48.02733639	71.67022325	0	0
48.32731903	71.66699522	0	0
48.62730166	71.66376704	0	0
48.92728429	71.66053887	0	0
49.22726692	71.6573107	0	0
49.52724955	71.65408252	0	0
49.82723218	71.65085435	0	0
50.12721482	71.64762702	0	0
50.42719745	71.644399	0	0
50.72718008	71.64117083	0	0
51.02716272	71.63794266	0	0
51.32714535	71.63471448	0	0
51.62712798	71.63148631	0	0
51.92711062	71.62825897	0	0
52.22709325	71.62503096	0	0
52.52707588	71.62180279	0	0
52.82705851	71.61857461	0	0
53.12704114	71.61534644	0	0
53.42702377	71.61211827	0	0
53.72700641	71.60889091	0	0
54.02698905	71.60566292	0	0
54.32697168	71.60243475	0	0
54.62695431	71.59920657	0	0
54.92693694	71.5959784	0	0
55.22691957	71.59275023	0	0
55.5269022	71.58952205	0	0
55.82688484	71.58629468	0	0
56.12686747	71.58306671	0	0
56.42685011	71.57983853	0	0
56.72683274	71.57661036	0	0
57.02681537	71.57338219	0	0
57.326798	71.57015401	0	0
57.62678064	71.56692663	0	0
57.92676327	71.56369867	0	0
58.2267459	71.56047049	0	0
58.52672853	71.55724232	0	0
58.82671116	71.55401415	0	0
59.1266938	71.55078597	0	0
59.42667643	71.54755858	0	0
59.72665907	71.54433063	0	0
60.0266417	71.54110245	0	0
60.32662433	71.53787428	0	0
60.62660696	71.53464611	0	0
60.92658959	71.53141793	0	0
61.22657222	71.52818976	0	0
61.52655486	71.52496235	0	0
61.8265375	71.52173441	0	0
62.12652013	71.51850624	0	0
62.42650276	71.51527806	0	0
62.72648539	71.51204989	0	0
63.02646802	71.50882172	0	0
63.32645066	71.5055943	0	0
63.62643329	71.50236637	0	0
63.92641592	71.4991382	0	0
64.22639855	71.49591002	0	0
64.52638119	71.49268185	0	0
64.82636382	71.48945368	0	0
65.12634645	71.4862255	0	0
65.42632909	71.48299807	0	0
65.72631172	71.47977016	0	0
66.02629435	71.47654198	0	0
66.32627698	71.47331381	0	0
66.62625961	71.47008564	0	0
66.92624224	71.46685746	0	0
67.22622488	71.46363001	0	0
67.52620752	71.46040212	0	0
67.82619015	71.45717394	0	0
68.12617278	71.45394577	0	0
68.42615541	71.4507176	0	0
68.72613804	71.44748942	0	0
69.02612068	71.44426196	0	0
69.32610331	71.44103408	0	0
69.62608594	71.4378059	0	0
69.92606858	71.43457773	0	0
70.22605121	71.43134955	0	0
70.52603384	71.42812138	0	0
70.82601647	71.42489321	0	0
71.12599911	71.42166573	0	0
71.42598174	71.41843786	0	0
71.72596437	71.41520969	0	0
72.025947	71.41198151	0	0
72.32592963	71.40875334	0	0
72.62591227	71.40552517	0	0
72.9258949	71.40229768	0	0
73.22587754	71.39906983	0	0
73.52586017	71.39584166	0	0
73.8258428	71.39261348	0	0
74.12582543	71.38938531	0	0
74.42580806	71.38615714	0	0
74.7257907	71.38292963	0	0
75.02577333	71.37970179	0	0
75.32575597	71.37647362	0	0
75.6257386	71.37324544	0	0
75.92572123	71.37001727	0	0
76.22570386	71.3667891	0	0
76.52568649	71.36356092	0	0
76.82566913	71.36033341	0	0
77.12565176	71.35710558	0	0
77.42563439	71.3538774	0	0
77.72561702	71.35064923	0	0
78.02559966	71.34742106	0	0
78.32558229	71.34419288	0	0
78.62556492	71.34096535	0	0
78.92554756	71.33773754	0	0
79.22553019	71.33450936	0	0
79.52551282	71.33128119	0	0
79.82549545	71.32805302	0	0
80.12547808	71.32482484	0	0
80.42546072	71.3215973	0	0
80.72544336	71.3183695	0	0
81.02542599	71.31514132	0	0
81.32540862	71.31191315	0	0
81.62539125	71.30868497	0	0
81.92537388	71.3054568	0	0
82.22535651	71.30222863	0	0
82.52533915	71.29900107	0	0
82.82532178	71.29577328	0	0
83.12530441	71.29254511	0	0
83.42528705	71.28931693	0	0
83.72526968	71.28608876	0	0
84.02525231	71.28286059	0	0
84.32523495	71.27963302	0	0
84.62521758	71.27640524	0	0
84.92520021	71.27317707	0	0
85.22518284	71.26994889	0	0
85.52516547	71.26672072	0	0
85.8251481	71.26349255	0	0
86.12513074	71.26026437	0	0
86.42511337	71.25703679	0	0
86.72509601	71.25380903	0	0
87.02507864	71.25058085	0	0
87.32506127	71.24735268	0	0
87.6250439	71.24412451	0	0
87.92502653	71.24089633	0	0
88.22500917	71.23766873	0	0
88.5249918	71.23444099	0	0
88.82497444	71.23121281	0	0
89.12495707	71.22798464	0	0
89.4249397	71.22475647	0	0
89.72492233	71.22152829	0	0
90.02490497	71.21830068	0	0
90.3248876	71.21507294	0	0
90.62487023	71.21184477	0	0
90.92485286	71.2086166	0	0
91.22483549	71.20538842	0	0
91.52481813	71.20216025	0	0
91.82480076	71.19893208	0	0
92.12478339	71.19570445	0	0
92.42476603	71.19247673	0	0
92.72474866	71.18924856	0	0
93.02473129	71.18602038	0	0
93.32471392	71.18279221	0	0
93.62469655	71.17956404	0	0
93.92467919	71.1763364	0	0
94.22466183	71.17310869	0	0
94.52464446	71.16988052	0	0
94.82462709	71.16665234	0	0
95.12460972	71.16342417	0	0
95.42459235	71.160196	0	0
95.72457499	71.15696835	0	0
96.02455762	71.15374065	0	0
96.32454025	71.15051248	0	0
96.62452288	71.1472843	0	0
96.92450552	71.14405613	0	0
97.22448815	71.14082796	0	0
97.52447078	71.13759978	0	0
97.82445341	71.13437212	0	0
98.12443605	71.13114444	0	0
98.42441868	71.12791626	0	0
98.72440131	71.12468809	0	0
99.02438394	71.12145991	0	0
99.32436657	71.11823174	0	0
99.62434921	71.11500406	0	0
99.92433185	71.11177639	0	0
100.2243145	71.10854822	0	0
100.5242971	71.10532005	0	0
100.8242797	71.10209187	0	0
101.1242624	71.0988637	0	0
101.424245	71.09563601	0	0
101.7242276	71.09240835	0	0
102.0242103	71.08918018	0	0
102.3241929	71.08595201	0	0
102.6241755	71.08272383	0	0
102.9241582	71.07949567	0	0
103.2241408	71.0762675	0	0
103.5241234	71.07303979	0	0
103.8241061	71.06981215	0	0
104.1240887	71.06658398	0	0
104.4240713	71.0633558	0	0
104.724054	71.06012763	0	0
105.0240366	71.05689946	0	0
105.3240192	71.05367174	0	0
105.6240019	71.05044411	0	0
105.9239845	71.04721594	0	0
106.2239671	71.04398776	0	0
106.5239498	71.04075959	0	0
106.8239324	71.03753142	0	0
107.123915	71.03430369	0	0
107.4238977	71.03107607	0	0
107.7238803	71.0278479	0	0
108.0238629	71.02461972	0	0
108.3238456	71.02139155	0	0
108.6238282	71.01816338	0	0
108.9238108	71.0149352	0	0
109.2237935	71.01170746	0	0
109.5237761	71.00847986	0	0
109.8237587	71.00525168	0	0
110.1237414	71.00202351	0	0
110.423724	70.99879533	0	0
110.7237066	70.99556716	0	0
111.0236892	70.99233857	0	0
111.3236718	70.98910568	0	0
111.623654	70.98583628	0	0
111.9236327	70.982272	0	0
112.2235638	70.97632487	0	0
112.5197841	70.94127334	0	0
112.8138395	70.96589284	0	0
113.1098121	70.98006897	0	0
113.4070715	70.93961155	0	0
113.6983332	70.86847036	0	0
113.9895083	70.79624184	0	0
114.2804257	70.72298206	0	0
114.570603	70.64694389	0	0
114.8547677	70.55116007	0	0
115.128543	70.4289602	0	0
115.3903252	70.28270053	0	0
115.6358194	70.1104809	0	0
115.8646968	69.91683565	0	0
116.0746146	69.70268783	0	0
116.2621908	69.46876615	0	0
116.4280522	69.21899834	0	0
116.5688594	68.95423941	0	0
116.6838115	68.67734042	0	0
116.7737007	68.39125502	0	0
116.8518122	68.10162668	0	0
116.9392642	67.83253512	0	0
116.9083302	67.54264619	0	0
116.978029	67.25138731	0	0
117.0173874	66.95398833	0	0
117.0528718	66.65609441	0	0
117.0878751	66.35814346	0	0
117.1228177	66.06018539	0	0
117.1577538	65.76222655	0	0
117.1926885	65.46426755	0	0
117.2276233	65.16630856	0	0
117.2625587	64.86834964	0	0
117.2974934	64.57039064	0	0
117.332428	64.27243162	0	0
117.3673626	63.97447261	0	0
117.4022973	63.67651361	0	0
117.4372321	63.37855462	0	0
117.4721676	63.08059571	0	0
117.5071022	62.78263669	0	0
117.5420368	62.48467768	0	0
117.5769715	62.18671868	0	0
117.6119061	61.88875966	0	0
117.6468408	61.59080067	0	0
117.6817764	61.29284176	0	0
117.716711	60.99488275	0	0
117.7516457	60.69692375	0	0
117.7865803	60.39896474	0	0
117.8215149	60.10100572	0	0
117.8564497	59.80304673	0	0
117.8913851	59.50508782	0	0
117.9263197	59.20712881	0	0
117.9612544	58.90916981	0	0
117.996189	58.61121079	0	0
118.0311236	58.31325178	0	0
118.0660584	58.01529279	0	0
118.1009939	57.71733388	0	0
118.1359286	57.41937488	0	0
118.1708632	57.12141586	0	0
118.2057978	56.82345685	0	0
118.2407325	56.52549785	0	0
118.2756672	56.22753884	0	0
118.3106027	55.92957994	0	0
118.3455374	55.63162094	0	0
118.380472	55.33366192	0	0
118.4154067	55.03570292	0	0
118.4503413	54.73774391	0	0
118.4852759	54.43978489	0	0
118.5202106	54.14182589	0	0
118.5551462	53.84386699	0	0
118.5900808	53.54590798	0	0
118.6250155	53.24794898	0	0
118.6599501	52.94998996	0	0
118.6948848	52.65203096	0	0
118.7298194	52.35407195	0	0
118.7647549	52.05611305	0	0
118.7996897	51.75815405	0	0
118.8346243	51.46019504	0	0
118.8695589	51.16223602	0	0
118.9044936	50.86427702	0	0
118.9394282	50.56631801	0	0
118.9743638	50.26835912	0	0
119.0092985	49.97040011	0	0
119.044233	49.67244109	0	0
119.0791677	49.37448209	0	0
119.1141024	49.07652308	0	0
119.1490369	48.77856406	0	0
119.1839725	48.48060517	0	0
119.2189072	48.18264616	0	0
119.2538419	47.88468716	0	0
119.2887765	47.58672815	0	0
119.3237111	47.28876914	0	0
119.3586458	46.99081013	0	0
119.3935813	46.69285122	0	0
119.428516	46.39489222	0	0
119.4634507	46.09693322	0	0
119.4983853	45.79897421	0	0
119.53332	45.5010152	0	0
119.5682546	45.20305619	0	0
119.6031901	44.90509728	0	0
119.6381249	44.60713829	0	0
119.6730595	44.30917928	0	0
119.7079941	44.01122026	0	0
119.7429288	43.71326126	0	0
119.7778634	43.41530225	0	0
119.8127989	43.11734334	0	0
119.8477337	42.81938435	0	0
119.8826683	42.52142534	0	0
119.917603	42.22346633	0	0
119.9525376	41.92550732	0	0
119.9874722	41.62754831	0	0
120.0224069	41.3295893	0	0
120.0573423	41.03163038	0	0
120.0922772	40.7336714	0	0
120.1272118	40.43571239	0	0
120.1621464	40.13775338	0	0
120.197081	39.83979437	0	0
120.2320157	39.54183536	0	0
120.266951	39.24387644	0	0
120.3018859	38.94591746	0	0
120.3368206	38.64795845	0	0
120.3717552	38.34999945	0	0
120.4066899	38.05204044	0	0
120.4416244	37.75408142	0	0
120.4765598	37.4561225	0	0
120.5114947	37.15816352	0	0
120.5464293	36.86020451	0	0
120.581364	36.5622455	0	0
120.6162986	36.26428649	0	0
120.6512333	35.96632749	0	0
120.6861686	35.66836856	0	0
120.7211035	35.37040958	0	0
120.7560382	35.07245057	0	0
120.7909728	34.77449156	0	0
120.8259074	34.47653255	0	0
120.8608421	34.17857354	0	0
120.8957774	33.88061461	0	0
120.9307124	33.58265565	0	0
120.965647	33.28469664	0	0
121.0005816	32.98673762	0	0
121.0355138	32.68877833	0	0
121.0704298	32.39081713	0	0
121.1128171	32.09388544	0	0
121.1658932	31.79864289	0	0
121.2132365	31.50240209	0	0
121.2605404	31.20615499	0	0
121.307854	30.90990946	0	0
121.3552707	30.61368043	0	0
121.4033265	30.31755546	0	0
121.4555874	30.02214254	0	0
121.5417981	29.73483422	0	0
121.5048951	29.43940277	0	0
121.600988	29.15747667	0	0
121.6803583	28.86869852	0	0
121.7581967	28.57913874	0	0
121.8456038	28.29215441	0	0
121.9333424	28.00527131	0	0
122.021576	27.71854023	0	0
122.1127391	27.43273221	0	0
122.2175218	27.15167926	0	0
122.3361362	26.87618352	0	0
122.4678099	26.60667565	0	0
122.6142889	26.34492355	0	0
122.7735773	26.09076915	0	0
122.9448581	25.84452661	0	0
123.1295959	25.60821683	0	0
123.3258236	25.38136464	0	0
123.5326949	25.16416229	0	0
123.7513573	24.95884016	0	0
123.9799217	24.76460949	0	0
124.2175318	24.58154101	0	0
124.4649876	24.4120235	0	0
124.7205292	24.25497036	0	0
124.9833057	24.11032869	0	0
125.2529113	23.9787754	0	0
125.5238524	23.84997218	0	0
125.7992349	23.73113473	0	0
126.068318	23.60375346	0	0
126.3545135	23.51392094	0	0
126.6396316	23.42062686	0	0
126.9128019	23.29724909	0	0
127.2070397	23.29800698	0	0
127.4918715	23.22233175	0	0
127.7810459	23.14420313	0	0
128.073772	23.07857455	0	0
128.3668604	23.01455003	0	0
128.659993	22.95072777	0	0
128.953131	22.88693042	0	0
129.2462698	22.82313665	0	0
129.5394086	22.75934277	0	0
129.8325474	22.6955494	0	0
130.1256867	22.63175754	0	0
130.4188278	22.56797445	0	0
130.7119843	22.50426222	0	0
131.0052649	22.44112468	0	0
131.3003517	22.39411824	0	0
131.6002141	22.38503795	0	0
131.9000971	22.37666332	0	0
132.1999827	22.36837615	0	0
132.4998685	22.36010006	0	0
132.7997544	22.35182553	0	0
133.0996402	22.34355026	0	0
133.3995261	22.33527587	0	0
133.6994119	22.32700145	0	0
133.9992978	22.31872706	0	0
134.2991837	22.31045265	0	0
134.5990695	22.30217818	0	0
134.8989554	22.29390285	0	0
135.1988412	22.28562846	0	0
135.4987271	22.27735405	0	0
135.798613	22.26907966	0	0
136.0984989	22.26080525	0	0
136.3983847	22.25253083	0	0
136.6982706	22.24425544	0	0
136.9981564	22.23598106	0	0
137.2980423	22.22770664	0	0
137.5979282	22.21943225	0	0
137.897814	22.21115784	0	0
138.1976999	22.20288345	0	0
138.4975858	22.19460808	0	0
138.7974716	22.18633365	0	0
139.0973575	22.17805924	0	0
139.3972434	22.16978485	0	0
139.6971292	22.16151043	0	0
139.9970151	22.15323513	0	0
140.2969009	22.14496063	0	0
140.5967868	22.13668624	0	0
140.8966727	22.12841183	0	0
141.1965585	22.12013744	0	0
141.4964444	22.11186303	0	0
141.7963303	22.10358778	0	0
142.0962161	22.09531323	0	0
142.396102	22.08703884	0	0
142.6959879	22.07876443	0	0
142.9958737	22.07049004	0	0
143.2957596	22.06221563	0	0
143.5956454	22.05394043	0	0
143.8955313	22.04566582	0	0
144.1954172	22.03739143	0	0
144.495303	22.02911702	0	0
144.7951889	22.02084263	0	0
145.0950748	22.01256822	0	0
145.3949606	22.00429308	0	0
145.6948465	21.99601842	0	0
145.9947324	21.98774402	0	0
146.2946182	21.97946962	0	0
146.5945041	21.97119522	0	0
146.89439	21.96292082	0	0
147.1942758	21.95464573	0	0
147.4941617	21.94637101	0	0
147.7940475	21.93809662	0	0
148.0939334	21.92982221	0	0
148.3938193	21.92154782	0	0
148.6937052	21.91327341	0	0
148.993591	21.90499838	0	0
149.2934769	21.89672361	0	0
149.5933627	21.88844921	0	0
149.8932486	21.88017481	0	0
150.1931345	21.87190041	0	0
150.4930203	21.86362601	0	0
150.7929062	21.85535103	0	0
151.092792	21.84707621	0	0
151.3926779	21.83880181	0	0
151.6925638	21.8305274	0	0
151.9924497	21.822253	0	0
152.2923355	21.8139786	0	0
152.5922214	21.80570368	0	0
152.8921072	21.7974288	0	0
153.1919931	21.7891544	0	0
153.491879	21.78088	0	0
153.7917648	21.7726056	0	0
154.0916507	21.7643312	0	0
154.3915366	21.75605633	0	0
154.6914224	21.7477814	0	0
154.9913083	21.73950699	0	0
155.2911942	21.73123259	0	0
155.59108	21.72295819	0	0
155.8909659	21.71468379	0	0
156.1908517	21.70640898	0	0
156.4907376	21.69813399	0	0
156.7906235	21.68985959	0	0
157.0905093	21.68158519	0	0
157.3903952	21.67331079	0	0
157.6902811	21.66503639	0	0
157.9901669	21.65676163	0	0
158.2900528	21.64848659	0	0
158.5899387	21.64021218	0	0
158.8898245	21.63193778	0	0
159.1897104	21.62366338	0	0
159.4895963	21.61538868	0	0
159.7894821	21.60711358	0	0
160.089368	21.59883918	0	0
160.3892538	21.59056477	0	0
160.6891397	21.58229038	0	0
160.9890256	21.57401572	0	0
161.2889114	21.5657391	0	0
161.5887968	21.55744857	0	0
161.8886791	21.54904658	0	0
162.1884618	21.53831375	0	0
162.4881255	21.52607582	0	0
162.7881103	21.52612047	0	0
163.0880991	21.52870425	0	0
163.3880894	21.53111099	0	0
163.68808	21.53349496	0	0
163.9880705	21.53587542	0	0
164.2880611	21.53825533	0	0
164.5880516	21.54063563	0	0
164.8880422	21.54301616	0	0
165.1880328	21.54539608	0	0
165.4880233	21.5477763	0	0
165.7880139	21.55015691	0	0
166.0880044	21.55253708	0	0
166.387995	21.55491981	0	0
166.6879854	21.5573195	0	0
166.9879747	21.55984092	0	0
167.2879622	21.56255213	0	0
167.5879055	21.56116704	0	0
167.8877492	21.55206881	0	0
168.1877181	21.54775315	0	0
168.4876915	21.54376031	0	0
168.7876654	21.53980765	0	0
169.0876395	21.53585968	0	0
169.3876135	21.5319128	0	0
169.6875875	21.52796521	0	0
169.9875616	21.52401791	0	0
170.2875356	21.52007105	0	0
170.5875096	21.51612373	0	0
170.8874837	21.51217689	0	0
171.1874577	21.5082293	0	0
171.4874317	21.50428195	0	0
171.7874058	21.50033514	0	0
172.0873798	21.49638777	0	0
172.3873538	21.49244098	0	0
172.6873278	21.48849339	0	0
172.9873019	21.484546	0	0
173.2872759	21.48059923	0	0
173.5872499	21.47665182	0	0
173.887224	21.47270506	0	0
174.187198	21.46875748	0	0
174.487172	21.46481004	0	0
174.7871461	21.46086331	0	0
175.0871201	21.45691586	0	0
175.3870941	21.45296915	0	0
175.6870682	21.44902156	0	0
175.9870422	21.44507409	0	0
176.2870162	21.4411274	0	0
176.5869903	21.43717981	0	0
176.8869643	21.43323215	0	0
177.1869383	21.42928267	0	0
177.4869121	21.42531575	0	0
177.786884	21.42121409	0	0
178.0868366	21.41606386	0	0
178.386382	21.40289414	0	0
178.680063	21.34331138	0	0
178.9614454	21.44734951	0	0
179.2409909	21.35082873	0	0
179.5264729	21.25898645	0	0
179.8164192	21.18197227	0	0
180.1119861	21.13357199	0	0
180.4009797	21.06476998	0	0
180.6709058	20.93406867	0	0
180.9330622	20.78828185	0	0
181.1907865	20.6347468	0	0
181.4457731	20.47669553	0	0
181.6846815	20.29659617	0	0
181.902784	20.0906846	0	0
182.1089086	19.87281252	0	0
182.3026687	19.64387097	0	0
182.4826089	19.40391035	0	0
182.6478438	19.15357389	0	0
182.8386986	18.92555694	0	0
182.8434683	18.67265667	0	0
182.8092036	18.39537712	0	0
182.8892966	18.11003945	0	0
182.9150254	17.81120674	0	0
182.9335916	17.51178484	0	0
182.9499785	17.21223338	0	0
182.9648018	16.91260014	0	0
182.9783588	16.61290686	0	0
182.9909357	16.31317082	0	0
183.0027266	16.01340276	0	0
183.0139124	15.71361144	0	0
183.0246225	15.4138027	0	0
183.035047	15.11398388	0	0
183.0453126	14.81415958	0	0
183.0554729	14.51433168	0	0
183.0648221	14.21447916	0	0
183.0690124	13.9145311	0	0
183.0640007	13.61459625	0	0
183.0497	13.31495425	0	0
183.0247104	13.0160136	0	0
182.9905631	12.71798715	0	0
182.9483745	12.42098184	0	0
182.9034843	12.12435952	0	0
182.8583631	11.82777214	0	0
182.8131231	11.53120285	0	0
182.7676395	11.23467085	0	0
182.7200714	10.93850777	0	0
182.6549224	10.64566717	0	0
182.6275878	10.34857052	0	0
182.5703634	10.05591763	0	0
182.49971	9.764357503	0	0
182.4266935	9.47338058	0	0
182.3504201	9.183242401	0	0
182.2664511	8.895301674	0	0
182.1345402	8.630566678	0	0
182.0959378	8.355781419	0	0
182.039679	8.110924623	0	0
181.7935513	7.943746871	0	0
181.5655573	7.74883903	0	0
181.3286753	7.564817444	0	0
181.0826565	7.39320202	0	0
180.8290974	7.232965287	0	0
180.5685099	7.084431126	0	0
180.3014201	6.947899333	0	0
180.0276252	6.825367692	0	0
179.7484454	6.715692742	0	0
179.4645691	6.61883501	0	0
179.1765693	6.534990595	0	0
178.8847749	6.465483704	0	0
178.5899425	6.410287495	0	0
178.2929549	6.368223357	0	0
177.994363	6.339581478	0	0
177.6954371	6.314218958	0	0
177.3964751	6.289284888	0	0
177.0975227	6.264235439	0	0
176.7985765	6.239112312	0	0
176.4996315	6.213975941	0	0
176.2006866	6.188836556	0	0
175.9017418	6.163697397	0	0
175.602797	6.138557798	0	0
175.3038521	6.113418678	0	0
175.0049073	6.088279064	0	0
174.7059625	6.063139898	0	0
174.4070176	6.038000365	0	0
174.1080728	6.012861145	0	0
173.809128	5.987721607	0	0
173.5101833	5.962580422	0	0
173.2112392	5.937432225	0	0
172.9122987	5.91224107	0	0
172.6133789	5.886806316	0	0
172.3160038	5.848526907	0	0
172.0166553	5.831051984	0	0
171.7166869	5.826702577	0	0
171.4167231	5.822044776	0	0
171.1167601	5.817330905	0	0
170.8167973	5.812606466	0	0
170.5168345	5.807881107	0	0
170.2168718	5.803154829	0	0
169.916909	5.798428522	0	0
169.6169462	5.793702217	0	0
169.3169834	5.788976657	0	0
169.0170207	5.784250596	0	0
168.7170579	5.779524924	0	0
168.417095	5.774803639	0	0
168.1171319	5.770102898	0	0
167.817167	5.765514924	0	0
167.517194	5.761531603	0	0
167.217221	5.761470647	0	0
166.9173062	5.761752592	0	0
166.6174681	5.752219115	0	0
166.3175052	5.747524732	0	0
166.0175281	5.74381796	0	0
165.717549	5.740280572	0	0
165.4175695	5.736773055	0	0
165.11759	5.733270169	0	0
164.8176104	5.729767512	0	0
164.5176308	5.726265624	0	0
164.2176513	5.722763729	0	0
163.9176717	5.719261843	0	0
163.6176922	5.715759955	0	0
163.3177126	5.712257833	0	0
163.017733	5.708755174	0	0
162.7177535	5.705253286	0	0
162.4177739	5.701751391	0	0
162.1177944	5.698249505	0	0
161.8178148	5.694747619	0	0
161.5178352	5.69124573	0	0
161.2178557	5.687743835	0	0
160.9178761	5.68424195	0	0
160.6178966	5.680739837	0	0
160.317917	5.677237166	0	0
160.0179375	5.67373528	0	0
159.7179579	5.670233395	0	0
159.4179783	5.666731506	0	0
159.1179988	5.663229611	0	0
158.8180192	5.659727725	0	0
158.5180397	5.656225837	0	0
158.2180601	5.652723942	0	0
157.9180805	5.649222056	0	0
157.618101	5.645719949	0	0
157.3181214	5.642217282	0	0
157.0181419	5.638715387	0	0
156.7181623	5.635213501	0	0
156.4181827	5.631711613	0	0
156.1182032	5.628209718	0	0
155.8182236	5.624707832	0	0
155.5182441	5.621205943	0	0
155.2182645	5.617704048	0	0
154.9182849	5.614201945	0	0
154.6183054	5.610699277	0	0
154.3183258	5.607197388	0	0
154.0183463	5.603695493	0	0
153.7183667	5.600193608	0	0
153.4183871	5.596691719	0	0
153.1184076	5.593189824	0	0
152.818428	5.589687938	0	0
152.5184485	5.586186052	0	0
152.2184689	5.582683949	0	0
151.9184894	5.579181269	0	0
151.6185098	5.575679383	0	0
151.3185302	5.572177495	0	0
151.0185507	5.5686756	0	0
150.7185711	5.565173714	0	0
150.4185916	5.561671828	0	0
150.118612	5.55816994	0	0
149.8186324	5.554668045	0	0
149.5186529	5.551165947	0	0
149.2186733	5.547663271	0	0
148.9186938	5.544161376	0	0
148.6187142	5.54065949	0	0
148.3187346	5.537157601	0	0
148.0187551	5.533655706	0	0
147.7187755	5.530153821	0	0
147.418796	5.526651935	0	0
147.1188164	5.523150046	0	0
146.8188368	5.519647942	0	0
146.5188573	5.516145266	0	0
146.2188777	5.512643377	0	0
145.9188982	5.509141482	0	0
145.6189186	5.505639596	0	0
145.318939	5.50213771	0	0
145.0189595	5.498635822	0	0
144.7189799	5.495133927	0	0
144.4190004	5.491632041	0	0
144.1190208	5.488129946	0	0
143.8190413	5.484627258	0	0
143.5190617	5.481125372	0	0
143.2190821	5.477623486	0	0
142.9191026	5.474121598	0	0
142.619123	5.470619703	0	0
142.3191434	5.467117817	0	0
142.0191639	5.463615929	0	0
141.7191843	5.460114033	0	0
141.4192048	5.456611944	0	0
141.1192252	5.453109259	0	0
140.8192457	5.449607364	0	0
140.5192661	5.446105478	0	0
140.2192865	5.442603593	0	0
139.919307	5.439101704	0	0
139.6193274	5.435599809	0	0
139.3193479	5.432097923	0	0
139.0193683	5.428596035	0	0
138.7193887	5.425093939	0	0
138.4194092	5.421591254	0	0
138.1194296	5.418089368	0	0
137.8194501	5.41458748	0	0
137.5194705	5.411085585	0	0
137.2194909	5.407583699	0	0
136.9195114	5.404081811	0	0
136.6195318	5.400579916	0	0
136.3195523	5.39707803	0	0
136.0195727	5.393575946	0	0
135.7195932	5.390073256	0	0
135.4196136	5.386571361	0	0
135.119634	5.383069475	0	0
134.8196545	5.379567587	0	0
134.5196749	5.376065691	0	0
134.2196953	5.372563806	0	0
133.9197158	5.369061917	0	0
133.6197362	5.365560022	0	0
133.3197567	5.362058136	0	0
133.0197771	5.358556056	0	0
132.7197976	5.355053362	0	0
132.419818	5.351551467	0	0
132.1198384	5.348049581	0	0
131.8198589	5.344547693	0	0
131.5198793	5.341045798	0	0
131.2198998	5.337543912	0	0
130.9199202	5.334042026	0	0
130.6199406	5.330540138	0	0
130.3199611	5.327038051	0	0
130.0199815	5.323535357	0	0
129.720002	5.320033469	0	0
129.4200224	5.316531574	0	0
129.1200428	5.313029688	0	0
128.8200633	5.3095278	0	0
128.5200837	5.306025904	0	0
128.2201042	5.302524018	0	0
127.9201246	5.299022133	0	0
127.620145	5.295520055	0	0
127.3201655	5.292017349	0	0
127.0201859	5.288515463	0	0
126.7202064	5.285013575	0	0
126.4202268	5.28151168	0	0
126.1202472	5.278009794	0	0
125.8202677	5.274507908	0	0
125.5202881	5.27100602	0	0
125.2203086	5.267504125	0	0
124.920329	5.264002053	0	0
124.6203495	5.260499351	0	0
124.3203699	5.256997456	0	0
124.0203903	5.25349557	0	0
123.7204108	5.249993684	0	0
123.4204312	5.246491796	0	0
123.1204517	5.242989901	0	0
122.8204721	5.239488015	0	0
122.5204925	5.235986127	0	0
122.220513	5.232484048	0	0
121.9205334	5.228981346	0	0
121.6205539	5.225479458	0	0
121.3205743	5.221977562	0	0
121.0205947	5.218475676	0	0
120.7206152	5.214973791	0	0
120.4206356	5.211471903	0	0
120.1206561	5.207970007	0	0
119.8206765	5.204468121	0	0
119.5206969	5.200966053	0	0
119.2207174	5.197463338	0	0
118.9207378	5.193961452	0	0
118.6207583	5.190459566	0	0
118.3207787	5.186957678	0	0
118.0207991	5.183455783	0	0
117.7208196	5.179953897	0	0
117.42084	5.176452009	0	0
117.1208605	5.172950114	0	0
116.8208809	5.16944805	0	0
116.5209014	5.165945342	0	0
116.2209218	5.162443454	0	0
115.9209422	5.158941559	0	0
115.6209627	5.155439673	0	0
115.3209831	5.151937785	0	0
115.0210036	5.148435889	0	0
114.721024	5.144934004	0	0
114.4210444	5.141432116	0	0
114.1210649	5.137930045	0	0
113.8210853	5.134427334	0	0
113.5211058	5.130925449	0	0
113.2211262	5.127423561	0	0
112.9211466	5.123921665	0	0
112.6211671	5.120419779	0	0
112.3211875	5.116917891	0	0
112.021208	5.113415996	0	0
111.7212284	5.10991411	0	0
111.4212488	5.106412224	0	0
111.1212693	5.102910165	0	0
110.8212897	5.099407441	0	0
110.5213102	5.095905555	0	0
110.2213306	5.092403667	0	0
109.921351	5.088901772	0	0
109.6213715	5.085399886	0	0
109.3213919	5.081898	0	0
109.0214124	5.078396112	0	0
108.7214328	5.074894216	0	0
108.4214532	5.071392162	0	0
108.1214737	5.067889443	0	0
107.8214941	5.064387547	0	0
107.5215146	5.060885661	0	0
107.221535	5.057383774	0	0
106.9215555	5.053881878	0	0
106.6215759	5.050379992	0	0
106.3215963	5.046878106	0	0
106.0216168	5.043376219	0	0
105.7216372	5.039874157	0	0
105.4216577	5.036371437	0	0
105.1216781	5.032869549	0	0
104.8216985	5.029367654	0	0
104.521719	5.025865768	0	0
104.2217394	5.022363882	0	0
103.9217599	5.018861994	0	0
103.6217803	5.015360099	0	0
103.3218007	5.011858213	0	0
103.0218212	5.008356162	0	0
102.7218416	5.00485343	0	0
102.4218621	5.001351544	0	0
102.1218825	4.997849658	0	0
101.8219029	4.99434777	0	0
101.5219234	4.990845874	0	0
101.2219438	4.987343989	0	0
100.9219643	4.983842101	0	0
100.6219847	4.980340205	0	0
100.3220051	4.976838159	0	0
100.0220256	4.973335432	0	0
99.72204603	4.969833536	0	0
99.42206647	4.96633165	0	0
99.12208691	4.962829764	0	0
98.82210735	4.959327877	0	0
98.52212779	4.955825981	0	0
98.22214823	4.952324095	0	0
97.92216867	4.948822207	0	0
97.62218911	4.945320154	0	0
97.32220956	4.941817426	0	0
97.02223	4.93831554	0	0
96.72225044	4.934813652	0	0
96.42227088	4.931311757	0	0
96.12229132	4.927809871	0	0
95.82231176	4.924307983	0	0
95.5223322	4.920806087	0	0
95.22235264	4.917304201	0	0
94.92237308	4.913802161	0	0
94.62239353	4.910299428	0	0
94.32241397	4.906797532	0	0
94.02243441	4.903295646	0	0
93.72245484	4.899793759	0	0
93.42247528	4.896291863	0	0
93.12249572	4.892789977	0	0
92.82251616	4.88928809	0	0
92.5225366	4.885786194	0	0
92.22255704	4.882284156	0	0
91.92257749	4.878781422	0	0
91.62259793	4.875279535	0	0
91.32261837	4.871777639	0	0
91.02263881	4.868275753	0	0
90.72265925	4.864773865	0	0
90.42267969	4.86127197	0	0
90.12270013	4.857770084	0	0
89.82272057	4.854268198	0	0
89.52274101	4.85076631	0	0
89.22276145	4.847264266	0	0
88.9227819	4.843761529	0	0
88.62280234	4.840259641	0	0
88.32282278	4.836757745	0	0
88.02284322	4.833255859	0	0
87.72286366	4.829753972	0	0
87.4228841	4.826252076	0	0
87.12290453	4.82275019	0	0
86.82292497	4.819248304	0	0
86.52294542	4.815746271	0	0
86.22296586	4.812243521	0	0
85.9229863	4.808741635	0	0
85.62300674	4.805239748	0	0
85.32302718	4.801737852	0	0
85.02304762	4.798235966	0	0
84.72306806	4.79473408	0	0
84.4230885	4.791232192	0	0
84.12310894	4.787730297	0	0
83.82312938	4.784228268	0	0
83.52314983	4.780725523	0	0
83.22317027	4.777223627	0	0
82.92319071	4.773721742	0	0
82.62321115	4.770219856	0	0
82.32323159	4.766717968	0	0
82.02325203	4.763216072	0	0
81.72327247	4.759714187	0	0
81.42329291	4.756212299	0	0
81.12331335	4.752710263	0	0
80.8233338	4.749207517	0	0
80.52335424	4.74570563	0	0
80.22337468	4.742203734	0	0
79.92339512	4.738701848	0	0
79.62341556	4.735199962	0	0
79.32343599	4.731698075	0	0
79.02345643	4.728196179	0	0
78.72347687	4.724694293	0	0
78.42349731	4.721192268	0	0
78.12351776	4.71768951	0	0
77.8235382	4.714187624	0	0
77.52355864	4.710685738	0	0
77.22357908	4.707183851	0	0
76.92359952	4.703681955	0	0
76.62361996	4.700180069	0	0
76.3236404	4.696678181	0	0
76.02366084	4.693176285	0	0
75.72368128	4.689674265	0	0
75.42370173	4.686171514	0	0
75.12372217	4.682669626	0	0
74.82374261	4.67916773	0	0
74.52376305	4.675665844	0	0
74.22378349	4.672163957	0	0
73.92380393	4.668662061	0	0
73.62382437	4.665160175	0	0
73.32384481	4.661658288	0	0
73.02386525	4.65815626	0	0
72.7238857	4.654653506	0	0
72.42390614	4.65115162	0	0
72.12392658	4.647649733	0	0
71.82394701	4.644147837	0	0
71.52396745	4.640645951	0	0
71.22398789	4.637144064	0	0
70.92400833	4.633642168	0	0
70.62402877	4.630140282	0	0
70.32404921	4.626638267	0	0
70.02406966	4.623135509	0	0
69.7240901	4.619633613	0	0
69.42411054	4.616131727	0	0
69.12413098	4.612629839	0	0
68.82415142	4.609127943	0	0
68.52417186	4.605626057	0	0
68.2241923	4.602124172	0	0
67.92421274	4.598622284	0	0
67.62423318	4.595120388	0	0
67.32425362	4.591618377	0	0
67.02427407	4.588115615	0	0
66.72429451	4.584613719	0	0
66.42431495	4.581111833	0	0
66.12433539	4.577609946	0	0
65.82435583	4.57410805	0	0
65.52437627	4.570606164	0	0
65.22439671	4.567104278	0	0
64.92441714	4.563602391	0	0
64.62443759	4.560100372	0	0
64.32445804	4.556597609	0	0
64.02447847	4.553095722	0	0
63.72449891	4.549593825	0	0
63.42451935	4.54609194	0	0
63.12453979	4.542590054	0	0
62.82456023	4.539088166	0	0
62.52458067	4.53558627	0	0
62.22460111	4.532084384	0	0
61.92462155	4.528582377	0	0
61.624642	4.525079601	0	0
61.32466244	4.521577715	0	0
61.02468288	4.518075829	0	0
60.72470332	4.514573942	0	0
60.42472376	4.511072046	0	0
60.1247442	4.50757016	0	0
59.82476464	4.504068273	0	0
59.52478508	4.500566377	0	0
59.22480552	4.497064374	0	0
58.92482597	4.493561604	0	0
58.62484641	4.490059708	0	0
58.32486685	4.486557822	0	0
58.02488729	4.483055936	0	0
57.72490773	4.479554049	0	0
57.42492816	4.476052153	0	0
57.1249486	4.472550267	0	0
56.82496904	4.469048379	0	0
56.52498948	4.465546369	0	0
56.22500993	4.462043598	0	0
55.92503037	4.458541712	0	0
55.62505081	4.455039825	0	0
55.32507125	4.451537928	0	0
55.02509169	4.448036042	0	0
54.72511213	4.444534155	0	0
54.42513257	4.441032259	0	0
54.12515301	4.437530373	0	0
53.82517345	4.434028376	0	0
53.5251939	4.4305256	0	0
53.22521434	4.427023704	0	0
52.92523478	4.423521818	0	0
52.62525522	4.420019931	0	0
52.32527566	4.416518035	0	0
52.0252961	4.413016149	0	0
51.72531654	4.409514262	0	0
51.42533698	4.406012365	0	0
51.12535742	4.402510371	0	0
50.82537787	4.399007594	0	0
50.52539831	4.395505707	0	0
50.22541875	4.39200381	0	0
49.92543919	4.388501925	0	0
49.62545962	4.385000038	0	0
49.32548006	4.381498141	0	0
49.0255005	4.377996255	0	0
48.72552094	4.374494369	0	0
48.42554138	4.370992377	0	0
48.12556183	4.367489586	0	0
47.82558227	4.3639877	0	0
47.52560271	4.360485813	0	0
47.22562315	4.356983917	0	0
46.92564359	4.353482031	0	0
46.62566403	4.349980144	0	0
46.32568447	4.346478248	0	0
46.02570491	4.342976362	0	0
45.72572535	4.339474476	0	0
45.42574579	4.335972487	0	0
45.12576624	4.332469693	0	0
44.82578668	4.328967807	0	0
44.52580712	4.32546592	0	0
44.22582756	4.321964023	0	0
43.925848	4.318462138	0	0
43.62586844	4.314960252	0	0
43.32588888	4.311458365	0	0
43.02590931	4.307956468	0	0
42.72592976	4.304454483	0	0
42.42595021	4.300951696	0	0
42.12597064	4.297449799	0	0
41.82599108	4.293947913	0	0
41.52601152	4.290446027	0	0
41.22603196	4.28694414	0	0
40.9260524	4.283442244	0	0
40.62607284	4.279940358	0	0
40.32609328	4.276438471	0	0
40.02611372	4.272936478	0	0
39.72613417	4.269433689	0	0
39.42615461	4.265931802	0	0
39.12617505	4.262429906	0	0
38.82619549	4.25892802	0	0
38.52621593	4.255426134	0	0
38.22623637	4.251924247	0	0
37.92625681	4.248422351	0	0
37.62627725	4.244920465	0	0
37.32629769	4.241418484	0	0
37.02631814	4.237915681	0	0
36.72633858	4.234413796	0	0
36.42635902	4.23091191	0	0
36.12637946	4.227410023	0	0
35.8263999	4.223908126	0	0
35.52642034	4.22040624	0	0
35.22644077	4.216904353	0	0
34.92646121	4.213402457	0	0
34.62648165	4.20990048	0	0
34.3265021	4.206397685	0	0
34.02652254	4.202895798	0	0
33.72654298	4.199393902	0	0
33.42656342	4.195892016	0	0
33.12658386	4.192390129	0	0
32.8266043	4.188888233	0	0
32.52662474	4.185386347	0	0
32.22664518	4.18188446	0	0
31.92666562	4.178382475	0	0
31.62668607	4.174879678	0	0
31.32670651	4.171377792	0	0
31.02672695	4.167875905	0	0
30.72674739	4.164374008	0	0
30.42676783	4.160872123	0	0
30.12678827	4.157370236	0	0
29.82680871	4.153868339	0	0
29.52682915	4.150366453	0	0
29.22684959	4.146864482	0	0
28.92687004	4.143361681	0	0
28.62689048	4.139859784	0	0
28.32691092	4.136357898	0	0
28.02693136	4.132856011	0	0
27.72695179	4.129354115	0	0
27.42697223	4.125852229	0	0
27.12699267	4.122350343	0	0
26.82701311	4.118848456	0	0
26.52703355	4.115346477	0	0
26.227054	4.111843674	0	0
25.92707444	4.108341787	0	0
25.62709488	4.104839891	0	0
25.32711532	4.101338005	0	0
25.02713576	4.097836118	0	0
24.7271562	4.094334221	0	0
24.42717664	4.090832336	0	0
24.12719708	4.08733045	0	0
23.82721752	4.083828563	0	0
23.52723796	4.080326587	0	0
23.22725841	4.076823781	0	0
22.92727885	4.073321894	0	0
22.62729929	4.069820154	0	0
22.3273197	4.066320656	0	0
22.02734002	4.06282856	0	0
21.72735978	4.059385958	0	0
21.42737654	4.056232327	0	0
21.12738645	4.054772827	0	0
20.82746392	4.060975076	0	0
20.52820016	4.071616108	0	0
20.23403307	4.014593095	0	0
19.93489374	4.037301211	0	0
19.63493739	4.042043569	0	0
19.3349406	4.043223962	0	0
19.03494092	4.04362575	0	0
18.73494101	4.043860781	0	0
18.43494108	4.044060086	0	0
18.13494114	4.044252628	0	0
17.8349412	4.044442958	0	0
17.53494126	4.04463363	0	0
17.23494132	4.044823823	0	0
16.93494138	4.045014432	0	0
16.63494144	4.045204687	0	0
16.3349415	4.045395234	0	0
16.03494156	4.045585551	0	0
15.73494162	4.045776037	0	0
15.43494169	4.045966415	0	0
15.13494175	4.046156839	0	0
14.83494181	4.04634728	0	0
14.53494187	4.046537642	0	0
14.23494193	4.046728145	0	0
13.93494199	4.046917709	0	0
13.63494205	4.047105325	0	0
13.3349421	4.047283073	0	0
13.03494213	4.04741082	0	0
12.73494214	4.047478953	0	0
12.43496425	4.049385755	0	0
12.13502235	4.05465143	0	0
11.83502864	4.05659382	0	0
11.53503552	4.058624372	0	0
11.23504254	4.060677884	0	0
10.93504972	4.062752076	0	0
10.63505702	4.064844973	0	0
10.33506443	4.066953862	0	0
10.03507194	4.069077071	0	0
9.735079546	4.071213	0	0
9.435087225	4.073359485	0	0
9.135094968	4.075514863	0	0
8.835102767	4.077678002	0	0
8.535110613	4.079847762	0	0
8.235118495	4.082022439	0	0
7.935126406	4.084200998	0	0
7.635134339	4.086382741	0	0
7.335142287	4.088566514	0	0
7.035150246	4.090751799	0	0
6.735158226	4.092939811	0	0
6.435166254	4.095134593	0	0
6.135174556	4.097366314	0	0
5.835184364	4.099789438	0	0
5.535203656	4.103148631	0	0
5.235241772	4.107889768	0	0
4.935306149	4.114074522	0	0
4.635398563	4.121504448	0	0
4.336239934	4.141619535	0	0
4.042113029	4.199288059	0	0
3.757581199	4.293223076	0	0
3.487985921	4.424192642	0	0
3.237066757	4.5879613	0	0
3.009967122	4.783563012	0	0
2.809446017	5.006207589	0	0
2.63996659	5.253413392	0	0
2.503257407	5.520038346	0	0
2.402687107	5.802384497	0	0
2.337433351	6.094937805	0	0
2.291459331	6.391389814	0	0
2.24996432	6.688480413	0	0
2.198816574	6.982673127	0	0
2.188929572	7.281279482	0	0
2.18666801	7.581270098	0	0
2.180794497	7.881199132	0	0
2.16162373	8.180269021	0	0
2.157465766	8.475775901	0	0
2.207851131	8.767815484	0	0
2.184323717	9.066658597	0	0
2.182672624	9.366647176	0	0
2.184795457	9.666639463	0	0
2.187566006	9.966626664	0	0
2.190447524	10.26661282	0	0
2.193348177	10.5665988	0	0
2.196252102	10.86658475	0	0
2.199156543	11.16657069	0	0
2.202060467	11.46655663	0	0
2.20496515	11.76654257	0	0
2.207869832	12.06652851	0	0
2.210774515	12.36651444	0	0
2.213678958	12.66650038	0	0
2.21658288	12.96648633	0	0
2.219487562	13.26647227	0	0
2.222392245	13.5664582	0	0
2.225296928	13.86644414	0	0
2.22820161	14.16643008	0	0
2.231106293	14.46641602	0	0
2.234010739	14.76640196	0	0
2.236914658	15.0663879	0	0
2.23981934	15.36637384	0	0
2.242724023	15.66635978	0	0
2.245628705	15.96634572	0	0
2.248533388	16.26633165	0	0
2.251437838	16.56631759	0	0
2.254341753	16.86630354	0	0
2.257246436	17.16628948	0	0
2.260151118	17.46627541	0	0
2.263055801	17.76626135	0	0
2.265960483	18.06624729	0	0
2.268864936	18.36623323	0	0
2.271768849	18.66621917	0	0
2.274673531	18.96620511	0	0
2.277578214	19.26619105	0	0
2.280482896	19.56617699	0	0
2.283387579	19.86616293	0	0
2.286292034	20.16614887	0	0
2.289195944	20.46613481	0	0
2.292100626	20.76612075	0	0
2.295005309	21.06610669	0	0
2.297909992	21.36609262	0	0
2.300814674	21.66607856	0	0
2.303719132	21.9660645	0	0
2.306623039	22.26605045	0	0
2.309527722	22.56603638	0	0
2.312432404	22.86602232	0	0
2.315337087	23.16600826	0	0
2.318241769	23.4659942	0	0
2.32114623	23.76598014	0	0
2.324050135	24.06596608	0	0
2.326954817	24.36595202	0	0
2.3298595	24.66593796	0	0
2.332764182	24.9659239	0	0
2.335668865	25.26590983	0	0
2.338573328	25.56589577	0	0
2.34147723	25.86588172	0	0
2.344381913	26.16586766	0	0
2.347286595	26.46585359	0	0
2.350191278	26.76583953	0	0
2.35309596	27.06582547	0	0
2.356000426	27.36581141	0	0
2.358904325	27.66579735	0	0
2.361809008	27.96578329	0	0
2.36471369	28.26576923	0	0
2.367618373	28.56575517	0	0
2.370522841	28.86574111	0	0
2.37342631	29.16572706	0	0
2.376326432	29.46571304	0	0
2.379203704	29.76569924	0	0
2.381965037	30.0656865	0	0
2.384701779	30.36567375	0	0
2.388060527	30.66565489	0	0
2.39109145	30.96563958	0	0
2.394071043	31.26562479	0	0
2.397042151	31.56561007	0	0
2.400012263	31.86559537	0	0
2.402981623	32.16558067	0	0
2.405951227	32.46556598	0	0
2.408921334	32.76555127	0	0
2.411890695	33.06553658	0	0
2.414860055	33.36552188	0	0
2.417829656	33.66550718	0	0
2.420800015	33.96549248	0	0
2.423771323	34.26547776	0	0
2.426752057	34.56546296	0	0
2.429788687	34.86544758	0	0
2.433146351	35.16542856	0	0
2.438373411	35.46537519	0	0
2.454387156	35.76468546	0	0
2.466317654	36.06021315	0	0
2.411684413	36.35046596	0	0
2.452018702	36.64745951	0	0
2.469114105	36.94696795	0	0
2.485404028	37.24651832	0	0
2.506194517	37.54578963	0	0
2.53148081	37.84471445	0	0
2.56125764	38.1432254	0	0
2.595517383	38.44125531	0	0
2.634252567	38.738737	0	0
2.677455235	39.03560335	0	0
2.725115114	39.33178754	0	0
2.777221543	39.62722283	0	0
2.83376325	39.92184256	0	0
2.894726394	40.21558057	0	0
2.960185927	40.50835018	0	0
3.030179026	40.80006868	0	0
3.102107877	41.09127495	0	0
3.198396116	41.37399058	0	0
3.30708153	41.65351644	0	0
3.409923522	41.93533768	0	0
3.513834029	42.2167669	0	0
3.618451417	42.49793446	0	0
3.723204651	42.77905144	0	0
3.827984108	43.06015866	0	0
3.932768435	43.34126405	0	0
4.037553787	43.62236907	0	0
4.142339148	43.90347408	0	0
4.247121798	44.18458011	0	0
4.351892275	44.46569067	0	0
4.456598257	44.74682524	0	0
4.560973714	45.02808243	0	0
4.663660933	45.30995313	0	0
4.757677731	45.59464887	0	0
4.846314377	45.87800255	0	0
5.015416909	46.12332389	0	0
5.096056951	46.41216611	0	0
5.201816951	46.69290267	0	0
5.311862259	46.97199044	0	0
5.422646285	47.25078589	0	0
5.533558684	47.52953028	0	0
5.644492807	47.80826604	0	0
5.755430884	48.08700022	0	0
5.866369782	48.36573407	0	0
5.977308351	48.64446805	0	0
6.088247259	48.9232019	0	0
6.199187019	49.20193541	0	0
6.310125929	49.48066926	0	0
6.421064834	49.75940311	0	0
6.532003739	50.03813696	0	0
6.642942645	50.31687081	0	0
6.75388155	50.59560466	0	0
6.864820455	50.87433851	0	0
6.97575936	51.15307236	0	0
7.086698265	51.43180622	0	0
7.19763717	51.71054007	0	0
7.308576075	51.98927392	0	0
7.41951498	52.26800777	0	0
7.530453583	52.54674174	0	0
7.641392446	52.8254756	0	0
7.752332094	53.10420916	0	0
7.86327112	53.38294296	0	0
7.974210025	53.66167681	0	0
8.08514893	53.94041066	0	0
8.196087835	54.21914451	0	0
8.30702674	54.49787836	0	0
8.417965645	54.77661221	0	0
8.52890455	55.05534606	0	0
8.639843455	55.33407991	0	0
8.75078236	55.61281376	0	0
8.861721265	55.89154761	0	0
8.972659911	56.17028157	0	0
9.083598732	56.44901545	0	0
9.194538271	56.72774905	0	0
9.305477405	57.00648281	0	0
9.41641631	57.28521666	0	0
9.527355215	57.56395051	0	0
9.63829412	57.84268436	0	0
9.749233025	58.12141821	0	0
9.86017193	58.40015206	0	0
9.971110835	58.67888591	0	0
10.08204974	58.95761976	0	0
10.19298865	59.23635361	0	0
10.30392755	59.51508746	0	0
10.41486624	59.7938214	0	0
10.52580502	60.0725553	0	0
10.63674392	60.35128915	0	0
10.74768335	60.63002279	0	0
10.8586226	60.90875651	0	0
10.9695615	61.18749036	0	0
11.08050041	61.46622421	0	0
11.19143931	61.74495806	0	0
11.30237822	62.02369191	0	0
11.41331712	62.30242576	0	0
11.52425603	62.58115961	0	0
11.63519493	62.85989346	0	0
11.74613384	63.13862731	0	0
11.85707274	63.41736116	0	0
11.96801148	63.69609508	0	0
12.07895021	63.974829	0	0
12.18988911	64.25356285	0	0
12.30082842	64.53229654	0	0
12.41176779	64.81103021	0	0
12.52270669	65.08976406	0	0
12.6336456	65.36849791	0	0
12.7445845	65.64723176	0	0
12.85552341	65.92596561	0	0
12.96646231	66.20469946	0	0
13.07740122	66.48343331	0	0
13.18834012	66.76216716	0	0
13.29927935	67.04090088	0	0
13.41022065	67.31963378	0	0
13.52117312	67.59836223	0	0
13.63218943	67.87706525	0	0
13.74357121	68.15562212	0	0
13.85703928	68.43332584	0	0
13.9821561	68.70564799	0	0
14.08915408	68.98027793	0	0
14.15555189	69.26662343	0	0
14.30008425	69.5291952	0	0
14.41708818	69.80541581	0	0
14.5480759	70.07530371	0	0
14.69163149	70.33858	0	0
14.86360931	70.58411805	0	0
15.05977013	70.81081834	0	0
15.27936341	71.0148412	0	0
15.52011237	71.19348352	0	0
15.77762499	71.34697898	0	0
16.05146751	71.46902782	0	0
16.33590628	71.56377639	0	0
16.62420001	71.64675458	0	0
16.9040739	71.75176319	0	0
17.19470572	71.81017508	0	0
17.49051788	71.76830498	0	0
17.78528579	71.82408915	0	0
18.08346966	71.85663459	0	0
18.38217308	71.88446068	0	0
18.68096447	71.91136174	0	0
18.97973664	71.9384755	0	0
19.27820849	71.96864278	0	0
19.5768893	71.99662573	0	0
19.87574939	72.0227532	0	0
20.17458804	72.04912381	0	0
20.47332971	72.07655932	0	0
20.77151715	72.10913635	0	0
21.06473122	72.16597477	0	0
21.34575155	72.1963862	0	0
21.61491783	72.16681462	0	0
21.90949304	72.13355258	0	0
22.20947116	72.136186	0	0
22.50924612	72.12456836	0	0
22.80901326	72.11275061	0	0
23.10878695	72.10110027	0	0
23.40856147	72.08947094	0	0
23.70833609	72.07784444	0	0
24.00811075	72.06621881	0	0
24.30788537	72.05459225	0	0
24.60765999	72.04296572	0	0
24.90743465	72.03134013	0	0
25.20720927	72.01971357	0	0
25.50698393	72.008088	0	0
25.80675855	71.99646144	0	0
26.10653317	71.98483488	0	0
26.40630783	71.97320928	0	0
26.70608245	71.96158275	0	0
27.0058571	71.94995713	0	0
27.30563173	71.93833063	0	0
27.60540635	71.92670406	0	0