27.9285	71.8865	0	0
28.22845943	71.88156611	0	0
28.52841887	71.8766332	0	0
28.82837829	71.87169932	0	0
29.12833772	71.86676542	0	0
29.42829716	71.86183252	0	0
29.72825658	71.85689862	0	0
30.02821601	71.85196474	0	0
30.32817543	71.84703083	0	0
30.62813487	71.84209792	0	0
30.9280943	71.83716404	0	0
31.22805372	71.83223015	0	0
31.52801317	71.82729722	0	0
31.82797259	71.82236336	0	0
32.12793202	71.81742946	0	0
32.42789146	71.81249653	0	0
32.72785088	71.80756266	0	0
33.02781031	71.80262877	0	0
33.32776973	71.79769487	0	0
33.62772917	71.79276194	0	0
33.9276886	71.78782808	0	0
34.22764802	71.78289419	0	0
34.52760747	71.77796124	0	0
34.82756689	71.7730274	0	0
35.12752632	71.76809349	0	0
35.42748576	71.76316055	0	0
35.72744518	71.7582267	0	0
36.02740461	71.75329281	0	0
36.32736403	71.74835891	0	0
36.62732347	71.74342596	0	0
36.9272829	71.73849212	0	0
37.22724232	71.73355823	0	0
37.52720176	71.72862525	0	0
37.82716119	71.72369144	0	0
38.12712062	71.71875753	0	0
38.42708006	71.71382457	0	0
38.72703948	71.70889074	0	0
39.02699891	71.70395685	0	0
39.32695833	71.69902295	0	0
39.62691777	71.69408997	0	0
39.9268772	71.68915616	0	0
40.22683662	71.68422227	0	0
40.52679606	71.67928927	0	0
40.82675549	71.67435548	0	0
41.12671492	71.66942157	0	0
41.42667436	71.66448858	0	0
41.72663378	71.65955478	0	0
42.02659321	71.65462089	0	0
42.32655263	71.64968699	0	0
42.62651207	71.64475399	0	0
42.9264715	71.6398202	0	0
43.22643092	71.63488631	0	0
43.52639036	71.62995329	0	0
43.82634979	71.62501951	0	0
44.12630922	71.62008561	0	0
44.42626865	71.6151526	0	0
44.72622808	71.61021882	0	0
45.02618751	71.60528493	0	0
45.32614693	71.60035103	0	0
45.62610637	71.59541801	0	0
45.9260658	71.59048424	0	0
46.22602522	71.58555035	0	0
46.52598466	71.5806173	0	0
46.82594409	71.57568355	0	0
47.12590351	71.57074965	0	0
47.42586295	71.56581662	0	0
47.72582238	71.56088286	0	0
48.02578181	71.55594897	0	0
48.32574123	71.55101507	0	0
48.62570067	71.54608202	0	0
48.9256601	71.54114828	0	0
49.22561952	71.53621439	0	0
49.52557896	71.53128132	0	0
49.82553839	71.52634759	0	0
50.12549781	71.52141369	0	0
50.42545725	71.51648063	0	0
50.72541668	71.5115469	0	0
51.02537611	71.50661301	0	0
51.32533553	71.50167911	0	0
51.62529497	71.49674604	0	0
51.9252544	71.49181232	0	0
52.22521382	71.48687842	0	0
52.52517326	71.48194534	0	0
52.82513269	71.47701163	0	0
53.12509211	71.47207773	0	0
53.42505155	71.46714465	0	0
53.72501098	71.46221094	0	0
54.02497041	71.45727705	0	0
54.32492983	71.45234315	0	0
54.62488927	71.44741006	0	0
54.9248487	71.44247635	0	0
55.22480812	71.43754246	0	0
55.52476756	71.43260936	0	0
55.82472699	71.42767567	0	0
56.12468641	71.42274177	0	0
56.42464585	71.41780867	0	0
56.72460528	71.41287498	0	0
57.02456471	71.40794109	0	0
57.32452413	71.40300719	0	0
57.62448357	71.39807407	0	0
57.924443	71.39314039	0	0
58.22440242	71.3882065	0	0
58.52436186	71.38327337	0	0
58.82432129	71.37833971	0	0
59.12428071	71.37340582	0	0
59.42424015	71.36847269	0	0
59.72419958	71.36353903	0	0
60.02415901	71.35860513	0	0
60.32411843	71.35367124	0	0
60.62407787	71.34873809	0	0
60.9240373	71.34380445	0	0
61.22399672	71.33887055	0	0
61.52395616	71.3339374	0	0
61.82391559	71.32900375	0	0
62.12387501	71.32406986	0	0
62.42383445	71.3191367	0	0
62.72379388	71.31420307	0	0
63.02375331	71.30926917	0	0
63.32371273	71.30433528	0	0
63.62367217	71.29940211	0	0
63.9236316	71.29446848	0	0
64.22359102	71.28953458	0	0
64.52355046	71.28460142	0	0
64.82350989	71.27966779	0	0
65.12346931	71.2747339	0	0
65.42342875	71.26980072	0	0
65.72338818	71.26486711	0	0
66.02334761	71.25993321	0	0
66.32330703	71.25499932	0	0
66.62326647	71.25006613	0	0
66.9232259	71.24513252	0	0
67.22318532	71.24019862	0	0
67.52314476	71.23526543	0	0
67.82310419	71.23033183	0	0
68.12306361	71.22539794	0	0
68.42302305	71.22046474	0	0
68.72298248	71.21553115	0	0
69.0229419	71.21059725	0	0
69.32290133	71.20566335	0	0
69.62286077	71.20073014	0	0
69.9228202	71.19579656	0	0
70.22277962	71.19086266	0	0
70.52273906	71.18592945	0	0
70.82269849	71.18099587	0	0
71.12265791	71.17606198	0	0
71.42261735	71.17112875	0	0
71.72257678	71.16619519	0	0
72.0225362	71.16126129	0	0
72.32249563	71.15632739	0	0
72.62245507	71.15139416	0	0
72.9224145	71.1464606	0	0
73.22237392	71.1415267	0	0
73.52233336	71.13659347	0	0
73.82229279	71.13165991	0	0
74.12225221	71.12672602	0	0
74.42221165	71.12179277	0	0
74.72217108	71.11685922	0	0
75.0221305	71.11192533	0	0
75.32208993	71.10699143	0	0
75.62204936	71.10205818	0	0
75.9220088	71.09712464	0	0
76.22196822	71.09219074	0	0
76.52192766	71.08725748	0	0
76.82188709	71.08232395	0	0
77.12184651	71.07739006	0	0
77.42180595	71.07245679	0	0
77.72176538	71.06752326	0	0
78.0217248	71.06258937	0	0
78.32168423	71.05765547	0	0
78.62164366	71.05272219	0	0
78.9216031	71.04778868	0	0
79.22156252	71.04285478	0	0
79.52152196	71.0379215	0	0
79.82148139	71.03298799	0	0
80.12144081	71.0280541	0	0
80.42140025	71.0231208	0	0
80.72135968	71.0181873	0	0
81.0213191	71.01325341	0	0
81.32127853	71.00831951	0	0
81.62123796	71.00338621	0	0
81.9211974	70.99845272	0	0
82.22115682	70.99351882	0	0
82.52111626	70.98858552	0	0
82.82107569	70.98365203	0	0
83.12103511	70.97871813	0	0
83.42099455	70.97378482	0	0
83.72095398	70.96885134	0	0
84.0209134	70.96391744	0	0
84.32087283	70.95898355	0	0
84.62083226	70.95405023	0	0
84.9207917	70.94911676	0	0
85.22075112	70.94418286	0	0
85.52071055	70.93924953	0	0
85.82066999	70.93431607	0	0
86.12062941	70.92938217	0	0
86.42058885	70.92444884	0	0
86.72054828	70.91951538	0	0
87.0205077	70.91458148	0	0
87.32046713	70.90964759	0	0
87.62042656	70.90471425	0	0
87.92038599	70.8997808	0	0
88.22034542	70.8948469	0	0
88.52030485	70.88991355	0	0
88.82026429	70.88498011	0	0
89.12022371	70.88004621	0	0
89.42018315	70.87511286	0	0
89.72014258	70.87017942	0	0
90.020102	70.86524553	0	0
90.32006143	70.86031164	0	0
90.62002086	70.85537827	0	0
90.91998029	70.85044484	0	0
91.21993972	70.84551095	0	0
91.51989915	70.84057758	0	0
91.81985859	70.83564416	0	0
92.11981801	70.83071026	0	0
92.41977744	70.82577688	0	0
92.71973688	70.82084347	0	0
93.0196963	70.81590957	0	0
93.31965573	70.81097568	0	0
93.61961516	70.80604229	0	0
93.91957459	70.80110888	0	0
94.21953402	70.79617499	0	0
94.51949345	70.79124159	0	0
94.81945289	70.78630819	0	0
95.11941231	70.7813743	0	0
95.41937174	70.7764409	0	0
95.71933118	70.77150751	0	0
96.0192906	70.76657361	0	0
96.31925003	70.76163971	0	0
96.61920946	70.7567063	0	0
96.91916889	70.75177292	0	0
97.21912832	70.74683903	0	0
97.51908775	70.74190561	0	0
97.81904719	70.73697223	0	0
98.11900661	70.73203834	0	0
98.41896604	70.72710491	0	0
98.71892548	70.72217155	0	0
99.0188849	70.71723765	0	0
99.31884433	70.71230375	0	0
99.61880376	70.70737032	0	0
99.91876319	70.70243696	0	0
100.2187226	70.69750306	0	0
100.5186821	70.69256963	0	0
100.8186415	70.68763627	0	0
101.1186009	70.68270238	0	0
101.4185603	70.67776893	0	0
101.7185198	70.67283559	0	0
102.0184792	70.66790169	0	0
102.3184386	70.66296779	0	0
102.6183981	70.65803434	0	0
102.9183575	70.653101	0	0
103.2183169	70.6481671	0	0
103.5182764	70.64323364	0	0
103.8182358	70.63830031	0	0
104.1181952	70.63336642	0	0
104.4181546	70.62843295	0	0
104.7181141	70.62349962	0	0
105.0180735	70.61856573	0	0
105.3180329	70.61363183	0	0
105.6179924	70.60869835	0	0
105.9179518	70.60376504	0	0
106.2179112	70.59883114	0	0
106.5178707	70.59389766	0	0
106.8178301	70.58896435	0	0
107.1177895	70.58403046	0	0
107.4177489	70.57909696	0	0
107.7177084	70.57416366	0	0
108.0176678	70.56922977	0	0
108.3176272	70.56429587	0	0
108.6175867	70.55936237	0	0
108.9175461	70.55442908	0	0
109.2175055	70.54949518	0	0
109.5174649	70.54456168	0	0
109.8174244	70.53962839	0	0
110.1173838	70.5346945	0	0
110.4173432	70.52976098	0	0
110.7173027	70.5248277	0	0
111.0172621	70.51989381	0	0
111.3172215	70.51495991	0	0
111.6171809	70.51002489	0	0
111.9171402	70.50507985	0	0
112.217098	70.50005315	0	0
112.5170415	70.49428693	0	0
112.8162904	70.47390772	0	0
113.1157687	70.45811462	0	0
113.4156882	70.45116782	0	0
113.7070529	70.38596131	0	0
113.9947898	70.30107491	0	0
114.2818173	70.21381064	0	0
114.5681958	70.12447791	0	0
114.846088	70.01178464	0	0
115.1094041	69.86832128	0	0
115.3549687	69.69628367	0	0
115.5796987	69.4978393	0	0
115.7807728	69.27548626	0	0
115.955667	69.0320225	0	0
116.1021848	68.77050946	0	0
116.2189497	68.49440197	0	0
116.3216012	68.21251774	0	0
116.4258247	67.93962113	0	0
116.4569465	67.64557527	0	0
116.4904608	67.347559	0	0
116.5203191	67.04904881	0	0
116.55	66.75052067	0	0
116.5796711	66.45199157	0	0
116.609342	66.15346245	0	0
116.6390128	65.85493332	0	0
116.6686845	65.55640427	0	0
116.6983555	65.25787516	0	0
116.7280263	64.95934602	0	0
116.7576972	64.6608169	0	0
116.787368	64.36228777	0	0
116.8170388	64.06375863	0	0
116.8467097	63.76522951	0	0
116.8763805	63.46670038	0	0
116.9060513	63.16817124	0	0
116.9357222	62.86964212	0	0
116.9653939	62.57111307	0	0
116.9950649	62.27258396	0	0
117.0247357	61.97405483	0	0
117.0544065	61.67552569	0	0
117.0840774	61.37699657	0	0
117.1137482	61.07846744	0	0
117.143419	60.7799383	0	0
117.1730899	60.48140918	0	0
117.2027607	60.18288005	0	0
117.2324315	59.88435091	0	0
117.2621032	59.58582187	0	0
117.2917742	59.28729275	0	0
117.3214451	58.98876363	0	0
117.3511159	58.6902345	0	0
117.3807867	58.39170536	0	0
117.4104576	58.09317624	0	0
117.4401284	57.79464711	0	0
117.4697992	57.49611797	0	0
117.4994701	57.19758885	0	0
117.5291409	56.89905972	0	0
117.5588125	56.60053066	0	0
117.5884836	56.30200155	0	0
117.6181544	56.00347242	0	0
117.6478253	55.7049433	0	0
117.6774961	55.40641417	0	0
117.7071669	55.10788503	0	0
117.7368378	54.80935591	0	0
117.7665086	54.51082678	0	0
117.7961795	54.21229764	0	0
117.8258503	53.91376852	0	0
117.8555219	53.61523946	0	0
117.885193	53.31671036	0	0
117.9148638	53.01818123	0	0
117.9445346	52.71965209	0	0
117.9742055	52.42112297	0	0
118.0038764	52.12259384	0	0
118.0335472	51.8240647	0	0
118.063218	51.52553558	0	0
118.0928889	51.22700645	0	0
118.1225604	50.92847738	0	0
118.1522315	50.62994828	0	0
118.1819023	50.33141915	0	0
118.2115732	50.03289003	0	0
118.2412441	49.7343609	0	0
118.2709149	49.43583176	0	0
118.3005857	49.13730264	0	0
118.3302566	48.83877351	0	0
118.3599274	48.54024437	0	0
118.3895982	48.24171525	0	0
118.4192697	47.94318618	0	0
118.4489409	47.64465709	0	0
118.4786118	47.34612796	0	0
118.5082826	47.04759882	0	0
118.5379534	46.7490697	0	0
118.5676243	46.45054057	0	0
118.5972951	46.15201143	0	0
118.6269659	45.85348231	0	0
118.6566368	45.55495318	0	0
118.6863076	45.25642404	0	0
118.7159791	44.95789498	0	0
118.7456503	44.65936588	0	0
118.7753211	44.36083676	0	0
118.804992	44.06230763	0	0
118.8346628	43.76377849	0	0
118.8643336	43.46524937	0	0
118.8940045	43.16672024	0	0
118.9236753	42.8681911	0	0
118.9533461	42.56966197	0	0
118.983017	42.27113285	0	0
119.0126884	41.97260377	0	0
119.0423596	41.67407468	0	0
119.0720305	41.37554555	0	0
119.1017013	41.07701643	0	0
119.1313722	40.7784873	0	0
119.161043	40.47995816	0	0
119.1907138	40.18142903	0	0
119.2203847	39.88289991	0	0
119.2500555	39.58437077	0	0
119.2797263	39.28584164	0	0
119.3093977	38.98731257	0	0
119.339069	38.68878349	0	0
119.3687399	38.39025436	0	0
119.3984107	38.09172522	0	0
119.4280815	37.79319609	0	0
119.4577524	37.49466697	0	0
119.4874232	37.19613783	0	0
119.517094	36.8976087	0	0
119.5467649	36.59907958	0	0
119.5764357	36.30055044	0	0
119.606107	36.00202136	0	0
119.6357784	35.70349228	0	0
119.6654492	35.40496315	0	0
119.6951201	35.10643403	0	0
119.7247909	34.80790489	0	0
119.7544617	34.50937576	0	0
119.7841326	34.21084664	0	0
119.8138034	33.9123175	0	0
119.8434742	33.61378837	0	0
119.8731451	33.31525925	0	0
119.9028159	33.01673012	0	0
119.9324863	32.71820094	0	0
119.9621392	32.41967003	0	0
119.9926206	32.12122393	0	0
120.0263158	31.82312791	0	0
120.0607884	31.52511547	0	0
120.094914	31.22706272	0	0
120.1290248	30.92900827	0	0
120.1631409	30.63095443	0	0
120.1973642	30.3329129	0	0
120.2333283	30.03508246	0	0
120.2962571	29.74359932	0	0
120.3413395	29.46090424	0	0
120.4207509	29.18667859	0	0
120.50546	28.96737479	0	0
120.6702235	28.71776159	0	0
120.8362406	28.4680528	0	0
121.0099518	28.22346822	0	0
121.1869162	27.98122905	0	0
121.3672483	27.7414847	0	0
121.5506694	27.50409283	0	0
121.7369443	27.26893211	0	0
121.9256572	27.03572272	0	0
122.1162191	26.80402155	0	0
122.3082229	26.57351328	0	0
122.5012966	26.34389972	0	0
122.6951513	26.11494486	0	0
122.8893726	25.88630097	0	0
123.0838775	25.65789817	0	0
123.2806359	25.43145448	0	0
123.4856216	25.21248447	0	0
123.700866	25.00357323	0	0
123.9276173	24.80721439	0	0
124.1636339	24.62211119	0	0
124.4082526	24.4485145	0	0
124.6623342	24.2890917	0	0
124.9238465	24.14219604	0	0
125.1916247	24.0070101	0	0
125.4616146	23.87622427	0	0
125.7350728	23.7530785	0	0
126.0017768	23.62082757	0	0
126.2860966	23.52547193	0	0
126.5711899	23.432125	0	0
126.8470394	23.31549718	0	0
127.1347975	23.27860549	0	0
127.4236272	23.23178109	0	0
127.7097743	23.14371111	0	0
128.0018823	23.07539345	0	0
128.2945789	23.00960125	0	0
128.5873463	22.9441243	0	0
128.8801225	22.87868662	0	0
129.1728999	22.81325399	0	0
129.4656773	22.74782191	0	0
129.7584549	22.68239033	0	0
130.0512326	22.61695917	0	0
130.3440115	22.55153386	0	0
130.6368015	22.48615768	0	0
130.9296784	22.42117322	0	0
131.2223625	22.35742704	0	0
131.522008	22.34391732	0	0
131.8217974	22.33268061	0	0
132.1215927	22.32160043	0	0
132.4213887	22.3105401	0	0
132.7211849	22.29948271	0	0
133.0209811	22.28842557	0	0
133.3207772	22.27736843	0	0
133.6205734	22.2663113	0	0
133.9203695	22.25525417	0	0
134.2201657	22.244197	0	0
134.5199619	22.23313986	0	0
134.819758	22.22208273	0	0
135.1195542	22.21102559	0	0
135.4193504	22.19996846	0	0
135.7191465	22.1889113	0	0
136.0189427	22.17785415	0	0
136.3187388	22.16679702	0	0
136.618535	22.15573989	0	0
136.9183312	22.14468272	0	0
137.2181273	22.13362558	0	0
137.5179235	22.12256845	0	0
137.8177197	22.11151131	0	0
138.1175158	22.10045418	0	0
138.417312	22.08939702	0	0
138.7171082	22.07833987	0	0
139.0169043	22.06728274	0	0
139.3167005	22.05622561	0	0
139.6164966	22.04516847	0	0
139.9162928	22.03411131	0	0
140.216089	22.02305417	0	0
140.5158851	22.01199703	0	0
140.8156813	22.0009399	0	0
141.1154775	21.98988274	0	0
141.4152736	21.97882559	0	0
141.7150698	21.96776846	0	0
142.014866	21.95671133	0	0
142.3146621	21.94565419	0	0
142.6144583	21.93459704	0	0
142.9142544	21.92353989	0	0
143.2140506	21.91248275	0	0
143.5138468	21.90142562	0	0
143.8136429	21.89036847	0	0
144.1134391	21.87931131	0	0
144.4132353	21.86825418	0	0
144.7130314	21.85719705	0	0
145.0128276	21.84613991	0	0
145.3126238	21.83508276	0	0
145.6124199	21.82402561	0	0
145.9122161	21.81296847	0	0
146.2120122	21.80191134	0	0
146.5118084	21.7908542	0	0
146.8116046	21.77979706	0	0
147.1114007	21.7687399	0	0
147.4111969	21.75768277	0	0
147.7109931	21.74662563	0	0
148.0107892	21.73556848	0	0
148.3105854	21.72451133	0	0
148.6103815	21.71345419	0	0
148.9101777	21.70239706	0	0
149.2099739	21.69133992	0	0
149.50977	21.68028278	0	0
149.8095662	21.66922562	0	0
150.1093624	21.65816849	0	0
150.4091585	21.64711135	0	0
150.7089547	21.63605422	0	0
151.0087509	21.62499707	0	0
151.308547	21.61393991	0	0
151.6083432	21.60288278	0	0
151.9081393	21.59182564	0	0
152.2079355	21.5807685	0	0
152.5077317	21.56971134	0	0
152.8075278	21.55865421	0	0
153.107324	21.54759707	0	0
153.4071202	21.53653994	0	0
153.7069163	21.5254828	0	0
154.0067125	21.51442563	0	0
154.3065087	21.5033685	0	0
154.6063048	21.49231136	0	0
154.906101	21.48125423	0	0
155.2058971	21.47019709	0	0
155.5056933	21.45913993	0	0
155.8054895	21.44808279	0	0
156.1052856	21.43702566	0	0
156.4050818	21.42596852	0	0
156.704878	21.41491135	0	0
157.0046741	21.40385422	0	0
157.3044703	21.39279708	0	0
157.6042665	21.38173995	0	0
157.9040626	21.37068281	0	0
158.2038588	21.35962565	0	0
158.5036549	21.34856851	0	0
158.8034511	21.33751138	0	0
159.1032473	21.32645424	0	0
159.4030434	21.31539707	0	0
159.7028396	21.30433994	0	0
160.0026358	21.2932828	0	0
160.3024319	21.28222567	0	0
160.6022281	21.27116854	0	0
160.9020242	21.26011137	0	0
161.2018203	21.24905235	0	0
161.5016162	21.23798764	0	0
161.8014099	21.22686265	0	0
162.1011855	21.21526355	0	0
162.4006263	21.19706604	0	0
162.700574	21.19170847	0	0
163.0005316	21.1866654	0	0
163.3004807	21.18113772	0	0
163.6004287	21.17555166	0	0
163.9003765	21.16995776	0	0
164.2003243	21.16436173	0	0
164.5002721	21.15876639	0	0
164.8002199	21.15317032	0	0
165.1001677	21.14757412	0	0
165.4001155	21.14197869	0	0
165.7000633	21.13638273	0	0
166.0000111	21.13078652	0	0
166.299959	21.12519098	0	0
166.5999068	21.11959765	0	0
166.899855	21.11402272	0	0
167.1998058	21.10858826	0	0
167.4994445	21.09555639	0	0
167.7977369	21.06430707	0	0
168.0970803	21.04446985	0	0
168.3964387	21.02486022	0	0
168.6957991	21.00528004	0	0
168.9951596	20.98570323	0	0
169.2945203	20.96612745	0	0
169.5938808	20.94655071	0	0
169.8932415	20.92697491	0	0
170.1926021	20.90739917	0	0
170.4919627	20.88782253	0	0
170.7913233	20.86824663	0	0
171.0906839	20.84867089	0	0
171.3900446	20.82909515	0	0
171.6894052	20.80951856	0	0
171.9887658	20.78994262	0	0
172.2881264	20.77036687	0	0
172.587487	20.75079031	0	0
172.8868476	20.73121439	0	0
173.1862083	20.71163865	0	0
173.4855688	20.69206208	0	0
173.7849295	20.67248611	0	0
174.0842901	20.65291037	0	0
174.3836507	20.63333463	0	0
174.6830113	20.61375811	0	0
174.9823719	20.59418209	0	0
175.2817326	20.57460635	0	0
175.5810932	20.55502991	0	0
175.8804538	20.53545383	0	0
176.1798144	20.51587807	0	0
176.479175	20.49630167	0	0
176.7785356	20.4767256	0	0
177.0778963	20.45714986	0	0
177.3772569	20.43757408	0	0
177.6766175	20.41799769	0	0
177.9759781	20.39842158	0	0
178.2753387	20.37884524	0	0
178.5746991	20.35926612	0	0
178.8740583	20.33966812	0	0
179.1734072	20.31991421	0	0
179.4718408	20.29048569	0	0
179.7696166	20.25402241	0	0
180.0684023	20.22915704	0	0
180.3679989	20.21360459	0	0
180.6203684	20.06090662	0	0
180.8410776	19.85812752	0	0
181.0175263	19.62110864	0	0
181.2050387	19.38850037	0	0
181.4030059	19.16309294	0	0
181.5908306	18.92927871	0	0
181.7627053	18.68349365	0	0
181.914661	18.42491834	0	0
182.055315	18.15995159	0	0
182.1869526	17.89039962	0	0
182.3094975	17.61659284	0	0
182.4235853	17.3391589	0	0
182.5291115	17.05835083	0	0
182.6247944	16.77403866	0	0
182.7113708	16.48682624	0	0
182.7890966	16.19709413	0	0
182.8578457	15.90509482	0	0
182.9160902	15.61081992	0	0
182.9652805	15.31490411	0	0
183.0053714	15.01761736	0	0
183.0358593	14.71919023	0	0
183.0560488	14.41988949	0	0
183.067048	14.12011525	0	0
183.068847	13.82014109	0	0
183.060565	13.5202757	0	0
183.0423681	13.22084929	0	0
183.0149967	12.9221246	0	0
182.9784736	12.62437441	0	0
182.9315603	12.32808414	0	0
182.8752763	12.03343435	0	0
182.8099816	11.74065005	0	0
182.7356375	11.45002532	0	0
182.6522626	11.16184459	0	0
182.565108	10.87479938	0	0
182.4763377	10.58825549	0	0
182.3615606	10.31331369	0	0
182.2218948	10.04786237	0	0
182.0664114	9.79135687	0	0
181.8982014	9.543010809	0	0
181.7150266	9.305492769	0	0
181.5199091	9.077682183	0	0
181.3115855	8.861897438	0	0
181.092045	8.657521926	0	0
180.8611282	8.466116214	0	0
180.6199602	8.28777675	0	0
180.3692826	8.123097011	0	0
180.1095569	7.973064211	0	0
179.8421924	7.837131258	0	0
179.5672151	7.717315113	0	0
179.2864427	7.611796288	0	0
178.9997298	7.523666563	0	0
178.7106141	7.443594136	0	0
178.4212757	7.364327082	0	0
178.133225	7.280604893	0	0
177.8402932	7.21586903	0	0
177.5472417	7.151779703	0	0
177.2528595	7.093994567	0	0
176.9584906	7.036141849	0	0
176.6641234	6.978280487	0	0
176.3697563	6.920418345	0	0
176.0753892	6.862556203	0	0
175.7810221	6.804694079	0	0
175.486655	6.746832108	0	0
175.192288	6.688969966	0	0
174.8979209	6.631107803	0	0
174.603554	6.573244721	0	0
174.3091869	6.515382577	0	0
174.0148199	6.457520435	0	0
173.7204528	6.399658293	0	0
173.4260857	6.341796151	0	0
173.1317185	6.283935021	0	0
172.8373501	6.226079604	0	0
172.542972	6.16827331	0	0
172.2567064	6.080504125	0	0
171.9617167	6.029993378	0	0
171.6633996	5.998261598	0	0
171.365081	5.96654376	0	0
171.0667622	5.934828458	0	0
170.7684433	5.903113581	0	0
170.4701245	5.871397983	0	0
170.1718056	5.839682375	0	0
169.8734867	5.807967708	0	0
169.5751677	5.776253953	0	0
169.2768476	5.74455001	0	0
168.9785195	5.712921679	0	0
168.680132	5.681860342	0	0
168.3813472	5.655030241	0	0
168.0824108	5.660800089	0	0
167.7998268	5.59781588	0	0
167.5228273	5.524353316	0	0
167.2278454	5.575187761	0	0
166.9282462	5.586939941	0	0
166.6283388	5.579736007	0	0
166.3283563	5.576511318	0	0
166.028367	5.573981621	0	0
165.7283767	5.571571363	0	0
165.4283862	5.569181912	0	0
165.1283957	5.56679587	0	0
164.8284052	5.56441043	0	0
164.5284146	5.56202438	0	0
164.2284241	5.55963914	0	0
163.9284336	5.557253702	0	0
163.6284431	5.554867656	0	0
163.3284526	5.552482409	0	0
163.0284621	5.550097168	0	0
162.7284715	5.54771173	0	0
162.428481	5.545325679	0	0
162.1284905	5.542940438	0	0
161.8285	5.540555003	0	0
161.5285095	5.538168955	0	0
161.228519	5.535783708	0	0
160.9285285	5.533398467	0	0
160.6285379	5.531013031	0	0
160.3285474	5.528626977	0	0
160.0285569	5.526241737	0	0
159.7285664	5.523856496	0	0
159.4285759	5.521471061	0	0
159.1285854	5.519085006	0	0
158.8285949	5.516699766	0	0
158.5286043	5.514314332	0	0
158.2286138	5.511928276	0	0
157.9286233	5.509543035	0	0
157.6286328	5.507157794	0	0
157.3286423	5.504772362	0	0
157.0286518	5.502386305	0	0
156.7286612	5.500001064	0	0
156.4286707	5.497615822	0	0
156.1286802	5.495230386	0	0
155.8286897	5.492844334	0	0
155.5286992	5.490459093	0	0
155.2287087	5.488073663	0	0
154.9287182	5.485687603	0	0
154.6287276	5.483302363	0	0
154.3287371	5.48091712	0	0
154.0287466	5.478531686	0	0
153.7287561	5.476145632	0	0
153.4287656	5.473760391	0	0
153.1287751	5.471375149	0	0
152.8287845	5.468989717	0	0
152.528794	5.466603661	0	0
152.2288035	5.464218419	0	0
151.928813	5.461832987	0	0
151.6288225	5.459446931	0	0
151.328832	5.45706169	0	0
151.0288415	5.454676448	0	0
150.7288509	5.452291017	0	0
150.4288604	5.44990496	0	0
150.1288699	5.447519717	0	0
149.8288794	5.445134288	0	0
149.5288889	5.442748229	0	0
149.2288984	5.440362988	0	0
148.9289078	5.437977746	0	0
148.6289173	5.435592318	0	0
148.3289268	5.433206258	0	0
148.0289363	5.430821017	0	0
147.7289458	5.428435775	0	0
147.4289553	5.426050348	0	0
147.1289648	5.423664287	0	0
146.8289742	5.421279045	0	0
146.5289837	5.418893619	0	0
146.2289932	5.416507557	0	0
145.9290027	5.414122316	0	0
145.6290122	5.411737074	0	0
145.3290217	5.409351649	0	0
145.0290311	5.406965586	0	0
144.7290406	5.404580343	0	0
144.4290501	5.402195096	0	0
144.1290596	5.399809679	0	0
143.8290691	5.397423614	0	0
143.5290786	5.395038372	0	0
143.2290881	5.39265295	0	0
142.9290975	5.390266884	0	0
142.629107	5.387881642	0	0
142.3291165	5.385496394	0	0
142.029126	5.38311098	0	0
141.7291355	5.380724913	0	0
141.429145	5.378339671	0	0
141.1291544	5.375954423	0	0
140.8291639	5.37356901	0	0
140.5291734	5.37118294	0	0
140.2291829	5.368797693	0	0
139.9291924	5.366412281	0	0
139.6292019	5.364026211	0	0
139.3292114	5.361640969	0	0
139.0292208	5.359255722	0	0
138.7292303	5.356870311	0	0
138.4292398	5.354484239	0	0
138.1292493	5.352098992	0	0
137.8292588	5.349713751	0	0
137.5292683	5.347328341	0	0
137.2292777	5.344942268	0	0
136.9292872	5.34255702	0	0
136.6292967	5.340171611	0	0
136.3293062	5.337785537	0	0
136.0293157	5.33540029	0	0
135.7293252	5.333015049	0	0
135.4293347	5.330629642	0	0
135.1293441	5.328243566	0	0
134.8293536	5.325858319	0	0
134.5293631	5.323473078	0	0
134.2293726	5.32108767	0	0
133.9293821	5.318701589	0	0
133.6293916	5.316316348	0	0
133.329401	5.313930942	0	0
133.0294105	5.311544865	0	0
132.72942	5.309159617	0	0
132.4294295	5.306774377	0	0
132.129439	5.304388971	0	0
131.8294485	5.302002887	0	0
131.529458	5.299617646	0	0
131.2294674	5.297232243	0	0
130.9294769	5.294846163	0	0
130.6294864	5.292460916	0	0
130.3294959	5.290075675	0	0
130.0295054	5.287690273	0	0
129.7295149	5.285304192	0	0
129.4295243	5.282918945	0	0
129.1295338	5.280533704	0	0
128.8295433	5.278148302	0	0
128.5295528	5.275762215	0	0
128.2295623	5.273376974	0	0
127.9295718	5.270991574	0	0
127.6295813	5.268605491	0	0
127.3295907	5.266220243	0	0
127.0296002	5.263835003	0	0
126.7296097	5.261449603	0	0
126.4296192	5.259063513	0	0
126.1296287	5.256678272	0	0
125.8296382	5.254293031	0	0
125.5296476	5.251907633	0	0
125.2296571	5.249521542	0	0
124.9296666	5.247136301	0	0
124.6296761	5.244750904	0	0
124.3296856	5.242364812	0	0
124.0296951	5.239979571	0	0
123.7297046	5.23759433	0	0
123.429714	5.235208934	0	0
123.1297235	5.23282284	0	0
122.829733	5.2304376	0	0
122.5297425	5.228052358	0	0
122.229752	5.225666957	0	0
121.9297615	5.223280869	0	0
121.6297709	5.220895628	0	0
121.3297804	5.218510234	0	0
121.0297899	5.216124139	0	0
120.7297994	5.213738898	0	0
120.4298089	5.211353656	0	0
120.1298184	5.208968258	0	0
119.8298279	5.206582168	0	0
119.5298373	5.204196927	0	0
119.2298468	5.201811685	0	0
118.9298563	5.199426288	0	0
118.6298658	5.197040197	0	0
118.3298753	5.194654955	0	0
118.0298848	5.192269559	0	0
117.7298943	5.189883466	0	0
117.4299037	5.187498226	0	0
117.1299132	5.185112984	0	0
116.8299227	5.182727589	0	0
116.5299322	5.180341495	0	0
116.2299417	5.177956253	0	0
115.9299512	5.175570859	0	0
115.6299606	5.173184765	0	0
115.3299701	5.170799524	0	0
115.0299796	5.168414282	0	0
114.7299891	5.166028889	0	0
114.4299986	5.163642794	0	0
114.1300081	5.161257552	0	0
113.8300175	5.158872304	0	0
113.530027	5.15648692	0	0
113.2300365	5.154100823	0	0
112.930046	5.151715581	0	0
112.6300555	5.14933019	0	0
112.330065	5.146944092	0	0
112.0300745	5.144558851	0	0
111.7300839	5.142173609	0	0
111.4300934	5.13978822	0	0
111.1301029	5.137402121	0	0
110.8301124	5.135016879	0	0
110.5301219	5.132631632	0	0
110.2301314	5.13024625	0	0
109.9301408	5.12786015	0	0
109.6301503	5.125474908	0	0
109.3301598	5.123089521	0	0
109.0301693	5.12070342	0	0
108.7301788	5.118318178	0	0
108.4301883	5.11593293	0	0
108.1301978	5.113547551	0	0
107.8302072	5.111161448	0	0
107.5302167	5.108776207	0	0
107.2302262	5.106390959	0	0
106.9302357	5.104005581	0	0
106.6302452	5.101619476	0	0
106.3302547	5.099234229	0	0
106.0302641	5.096848852	0	0
105.7302736	5.094462747	0	0
105.4302831	5.092077505	0	0
105.1302926	5.089692257	0	0
104.8303021	5.087306882	0	0
104.5303116	5.084920775	0	0
104.2303211	5.082535527	0	0
103.9303305	5.080150286	0	0
103.63034	5.077764912	0	0
103.3303495	5.075378804	0	0
103.030359	5.072993556	0	0
102.7303685	5.070608183	0	0
102.430378	5.068222073	0	0
102.1303874	5.065836826	0	0
101.8303969	5.063451585	0	0
101.5304064	5.061066213	0	0
101.2304159	5.058680102	0	0
100.9304254	5.056294854	0	0
100.6304349	5.053909614	0	0
100.3304444	5.051524242	0	0
100.0304538	5.049138124	0	0
99.73046333	5.046752883	0	0
99.43047281	5.044367514	0	0
99.1304823	5.041981401	0	0
98.83049178	5.039596153	0	0
98.53050126	5.037210912	0	0
98.23051075	5.034825543	0	0
97.93052024	5.032439423	0	0
97.63052972	5.030054182	0	0
97.3305392	5.027668814	0	0
97.03054869	5.025282699	0	0
96.73055817	5.022897452	0	0
96.43056766	5.020512211	0	0
96.13057714	5.018126845	0	0
95.83058663	5.015740728	0	0
95.53059611	5.01335548	0	0
95.23060559	5.01097024	0	0
94.93061508	5.008584874	0	0
94.63062457	5.00619875	0	0
94.33063405	5.003813509	0	0
94.03064353	5.001428145	0	0
93.73065302	4.999042027	0	0
93.4306625	4.996656779	0	0
93.13067199	4.994271538	0	0
92.83068147	4.991886174	0	0
92.53069096	4.989500049	0	0
92.23070044	4.987114808	0	0
91.93070992	4.984729567	0	0
91.63071941	4.982344205	0	0
91.3307289	4.979958077	0	0
91.03073838	4.977572837	0	0
90.73074786	4.975187475	0	0
90.43075735	4.972801347	0	0
90.13076684	4.970416106	0	0
89.83077632	4.968030865	0	0
89.5307858	4.965645505	0	0
89.23079529	4.963259376	0	0
88.93080477	4.960874135	0	0
88.63081426	4.958488893	0	0
88.33082374	4.956103529	0	0
88.03083323	4.953717405	0	0
87.73084271	4.951332164	0	0
87.43085219	4.948946806	0	0
87.13086168	4.946560675	0	0
86.83087117	4.944175434	0	0
86.53088065	4.941790192	0	0
86.23089013	4.939404829	0	0
85.93089962	4.937018703	0	0
85.6309091	4.934633463	0	0
85.33091859	4.932248221	0	0
85.03092807	4.929862859	0	0
84.73093756	4.927476732	0	0
84.43094704	4.925091491	0	0
84.13095653	4.92270613	0	0
83.83096601	4.920320002	0	0
83.5309755	4.917934761	0	0
83.23098498	4.915549519	0	0
82.93099446	4.91316416	0	0
82.63100395	4.910778031	0	0
82.33101343	4.908392789	0	0
82.03102292	4.906007431	0	0
81.73103241	4.9036213	0	0
81.43104189	4.90123606	0	0
81.13105137	4.898850818	0	0
80.83106086	4.896465461	0	0
80.53107035	4.894079329	0	0
80.23107983	4.891694088	0	0
79.93108931	4.88930884	0	0
79.63109879	4.886923491	0	0
79.33110828	4.884537358	0	0
79.03111777	4.882152116	0	0
78.73112725	4.879766762	0	0
78.43113674	4.877380628	0	0
78.13114622	4.874995387	0	0
77.8311557	4.872610145	0	0
77.53116519	4.870224792	0	0
77.23117468	4.867838657	0	0
76.93118416	4.865453415	0	0
76.63119364	4.863068167	0	0
76.33120312	4.860682822	0	0
76.03121261	4.858296686	0	0
75.7312221	4.855911444	0	0
75.43123158	4.853526093	0	0
75.13124107	4.851139955	0	0
74.83125055	4.848754714	0	0
74.53126003	4.846369466	0	0
74.23126952	4.843984123	0	0
73.93127901	4.841597984	0	0
73.63128849	4.839212742	0	0
73.33129797	4.836827494	0	0
73.03130746	4.834442153	0	0
72.73131695	4.832056012	0	0
72.43132643	4.829670764	0	0
72.13133591	4.827285423	0	0
71.8313454	4.824899283	0	0
71.53135488	4.822514041	0	0
71.23136437	4.820128793	0	0
70.93137385	4.817743454	0	0
70.63138334	4.815357311	0	0
70.33139282	4.812972063	0	0
70.0314023	4.810586822	0	0
69.73141179	4.808201484	0	0
69.43142128	4.80581534	0	0
69.13143076	4.803430092	0	0
68.83144024	4.801044754	0	0
68.53144973	4.798658609	0	0
68.23145921	4.796273361	0	0
67.9314687	4.79388812	0	0
67.63147818	4.791502784	0	0
67.33148767	4.789116638	0	0
67.03149715	4.78673139	0	0
66.73150663	4.784346149	0	0
66.43151612	4.781960814	0	0
66.13152561	4.77957466	0	0
65.83153509	4.777189419	0	0
65.53154457	4.774804085	0	0
65.23155406	4.772417937	0	0
64.93156354	4.770032689	0	0
64.63157303	4.767647448	0	0
64.33158251	4.765262115	0	0
64.031592	4.762875958	0	0
63.73160148	4.760490717	0	0
63.43161097	4.758105386	0	0
63.13162046	4.755719235	0	0
62.83162994	4.753333987	0	0
62.53163942	4.750948746	0	0
62.2316489	4.748563415	0	0
61.93165839	4.746177257	0	0
61.63166788	4.743792016	0	0
61.33167736	4.741406775	0	0
61.03168684	4.739021445	0	0
60.73169633	4.736635286	0	0
60.43170581	4.734250045	0	0
60.1317153	4.731864717	0	0
59.83172479	4.729478563	0	0
59.53173427	4.727093314	0	0
59.23174375	4.724708074	0	0
58.93175323	4.722322746	0	0
58.63176272	4.719936584	0	0
58.33177221	4.717551343	0	0
58.03178169	4.715166103	0	0
57.73179117	4.712780776	0	0
57.43180066	4.710394613	0	0
57.13181014	4.708009372	0	0
56.83181963	4.705624047	0	0
56.53182912	4.703237883	0	0
56.2318386	4.700852642	0	0
55.93184808	4.698467401	0	0
55.63185757	4.696082077	0	0
55.33186705	4.693695912	0	0
55.03187654	4.691310671	0	0
54.73188602	4.688925429	0	0
54.4318955	4.6865401	0	0
54.13190499	4.68415394	0	0
53.83191448	4.6817687	0	0
53.53192396	4.679383378	0	0
53.23193345	4.67699721	0	0
52.93194293	4.674611969	0	0
52.63195241	4.672226728	0	0
52.3319619	4.669841401	0	0
52.03197139	4.667455239	0	0
51.73198087	4.665069998	0	0
51.43199035	4.662684757	0	0
51.13199983	4.660299431	0	0
50.83200932	4.657913268	0	0
50.53201881	4.655528026	0	0
50.23202829	4.653142701	0	0
49.93203778	4.650756537	0	0
49.63204726	4.648371297	0	0
49.33205674	4.645986055	0	0
49.03206623	4.643600732	0	0
48.73207572	4.641214566	0	0
48.4320852	4.638829325	0	0
48.13209468	4.636444002	0	0
47.83210417	4.634057836	0	0
47.53211365	4.631672595	0	0
47.23212314	4.629287354	0	0
46.93213262	4.626902032	0	0
46.63214211	4.624515865	0	0
46.33215159	4.622130623	0	0
46.03216107	4.619745375	0	0
45.73217056	4.617360062	0	0
45.43218005	4.614973894	0	0
45.13218953	4.612588652	0	0
44.83219901	4.610203333	0	0
44.5322085	4.607817163	0	0
44.23221799	4.605431922	0	0
43.93222747	4.603046674	0	0
43.63223695	4.600661363	0	0
43.33224644	4.598275192	0	0
43.03225592	4.595889951	0	0
42.73226541	4.593504703	0	0
42.43227489	4.591119393	0	0
42.13228438	4.588733221	0	0
41.83229386	4.58634798	0	0
41.53230334	4.583962664	0	0
41.23231283	4.581576491	0	0
40.93232232	4.579191249	0	0
40.6323318	4.576806001	0	0
40.33234128	4.574420694	0	0
40.03235077	4.57203452	0	0
39.73236025	4.569649278	0	0
39.43236974	4.56726403	0	0
39.13237922	4.564878724	0	0
38.83238871	4.562492548	0	0
38.53239819	4.5601073	0	0
38.23240767	4.557721995	0	0
37.93241716	4.555335818	0	0
37.63242665	4.552950577	0	0
37.33243613	4.550565329	0	0
37.03244561	4.548180025	0	0
36.7324551	4.545793846	0	0
36.43246458	4.543408598	0	0
36.13247407	4.541023357	0	0
35.83248355	4.538638055	0	0
35.53249304	4.536251875	0	0
35.23250252	4.533866627	0	0
34.93251201	4.531481326	0	0
34.6325215	4.529095145	0	0
34.33253098	4.526709897	0	0
34.03254046	4.524324656	0	0
33.73254994	4.521939356	0	0
33.43255943	4.519553174	0	0
33.13256892	4.517167926	0	0
32.8325784	4.514782685	0	0
32.53258788	4.512397385	0	0
32.23259737	4.510011195	0	0
31.93260685	4.507625954	0	0
31.63261634	4.505240657	0	0
31.33262583	4.502854472	0	0
31.03263531	4.500469224	0	0
30.73264479	4.498083983	0	0
30.43265427	4.495698686	0	0
30.13266376	4.493312494	0	0
29.83267325	4.490927253	0	0
29.53268273	4.488541957	0	0
29.23269222	4.486155771	0	0
28.9327017	4.483770523	0	0
28.63271118	4.481385282	0	0
28.33272067	4.478999987	0	0
28.03273016	4.476613792	0	0
27.73273964	4.474228552	0	0
27.43274912	4.471843311	0	0
27.1327586	4.469458017	0	0
26.8327681	4.467071821	0	0
26.53277758	4.46468658	0	0
26.23278706	4.462301288	0	0
25.93279655	4.459915098	0	0
25.63280603	4.45752985	0	0
25.33281552	4.455144609	0	0
25.032825	4.452759318	0	0
24.73283449	4.45037312	0	0
24.43284397	4.447987879	0	0
24.13285345	4.445602638	0	0
23.83286294	4.443217348	0	0
23.53287243	4.440831149	0	0
23.23288191	4.438445908	0	0
22.93289139	4.436060667	0	0
22.63290087	4.433675418	0	0
22.33291035	4.431290367	0	0
22.0329198	4.42891011	0	0
21.73292904	4.426555551	0	0
21.43293718	4.424350298	0	0
21.13294118	4.42298625	0	0
20.83294774	4.424969061	0	0
20.53303198	4.417889234	0	0
20.23304661	4.415256418	0	0
19.93305103	4.413642549	0	0
19.63305447	4.412207796	0	0
19.33305774	4.410806174	0	0
19.03306099	4.409411067	0	0
18.73306422	4.408017507	0	0
18.43306746	4.40662418	0	0
18.1330707	4.405230177	0	0
17.83307393	4.403836526	0	0
17.53307717	4.402443199	0	0
17.23308041	4.401049872	0	0
16.93308364	4.399655991	0	0
16.63308688	4.398262216	0	0
16.33309012	4.396868887	0	0
16.03309335	4.39547556	0	0
15.73309659	4.394082233	0	0
15.43309983	4.392688504	0	0
15.13310306	4.391294579	0	0
14.8331063	4.389901252	0	0
14.53310954	4.388507926	0	0
14.23311277	4.387114318	0	0
13.93311601	4.385720021	0	0
13.63311926	4.384325285	0	0
13.33312252	4.382925445	0	0
13.03312593	4.381494849	0	0
12.7331295	4.380038065	0	0
12.43313922	4.37988826	0	0
12.13318158	4.384255267	0	0
11.83318194	4.384717151	0	0
11.53318251	4.385300583	0	0
11.23318312	4.385906576	0	0
10.93318377	4.386531309	0	0
10.63318446	4.387172996	0	0
10.33318518	4.387828866	0	0
10.03318592	4.388496798	0	0
9.733186688	4.389175527	0	0
9.433187479	4.389864133	0	0
9.133188286	4.390560001	0	0
8.833189107	4.391261896	0	0
8.533189941	4.391969305	0	0
8.233190785	4.392681148	0	0
7.933191636	4.393395707	0	0
7.633192492	4.394112088	0	0
7.333193352	4.39483072	0	0
7.033194217	4.395550937	0	0
6.733195094	4.396276235	0	0
6.433196045	4.397031397	0	0
6.133197507	4.397961696	0	0
5.833204157	4.399873677	0	0
5.533223197	4.403195217	0	0
5.23326176	4.407966766	0	0
4.933326851	4.414188309	0	0
4.63341863	4.421595914	0	0
4.334620525	4.445219336	0	0
4.04208124	4.509948654	0	0
3.762605299	4.618238063	0	0
3.502810774	4.767474267	0	0
3.267392241	4.952674733	0	0
3.061140042	5.170087368	0	0
2.891205295	5.416982678	0	0
2.759493456	5.686035036	0	0
2.658500246	5.968421933	0	0
2.565078948	6.253504133	0	0
2.476152894	6.540012111	0	0
2.403389549	6.830898144	0	0
2.322946616	7.114015176	0	0
2.301631492	7.413256015	0	0
2.278726047	7.712375739	0	0
2.24451885	8.010419138	0	0
2.327796278	8.296466781	0	0
2.229588505	8.560412943	0	0
2.283310441	8.833011499	0	0
2.251449181	9.129266705	0	0
2.261761086	9.429057817	0	0
2.277350333	9.728652025	0	0
2.293589188	10.02821219	0	0
2.309908089	10.32776802	0	0
2.326237248	10.62732329	0	0
2.342567538	10.9268785	0	0
2.358897835	11.2264337	0	0
2.375228102	11.52598891	0	0
2.391557935	11.82554414	0	0
2.407887661	12.12509938	0	0
2.424217959	12.42465458	0	0
2.440548225	12.72420979	0	0
2.456878492	13.023765	0	0
2.473208781	13.32332021	0	0
2.489539079	13.62287541	0	0
2.505869345	13.92243062	0	0
2.522199612	14.22198583	0	0
2.538529901	14.52154103	0	0
2.554860199	14.82109624	0	0
2.571190466	15.12065145	0	0
2.587520732	15.42020665	0	0
2.603851021	15.71976186	0	0
2.62018132	16.01931707	0	0
2.636511586	16.31887227	0	0
2.652841853	16.61842748	0	0
2.669172141	16.91798269	0	0
2.685502044	17.21753791	0	0
2.70183171	17.51709316	0	0
2.718161976	17.81664836	0	0
2.734492243	18.11620357	0	0
2.75082253	18.41575878	0	0
2.76715283	18.71531398	0	0
2.783483096	19.01486919	0	0
2.799813363	19.3144244	0	0
2.81614365	19.6139796	0	0
2.83247395	19.91353481	0	0
2.848804217	20.21309002	0	0
2.865134483	20.51264523	0	0
2.88146477	20.81220043	0	0
2.897795071	21.11175564	0	0
2.914125337	21.41131084	0	0
2.930455604	21.71086605	0	0
2.94678589	22.01042126	0	0
2.963116191	22.30997646	0	0
2.979446457	22.60953167	0	0
2.995776367	22.9090869	0	0
3.012106013	23.20864214	0	0
3.028436314	23.50819735	0	0
3.044766581	23.80775255	0	0
3.061096847	24.10730776	0	0
3.077427114	24.40686297	0	0
3.093757399	24.70641818	0	0
3.110087701	25.00597338	0	0
3.126417968	25.30552859	0	0
3.142748234	25.6050838	0	0
3.159078519	25.904639	0	0
3.175408822	26.20419421	0	0
3.191739088	26.50374942	0	0
3.208069355	26.80330462	0	0
3.224399639	27.10285983	0	0
3.240729942	27.40241504	0	0
3.257060208	27.70197024	0	0
3.273390475	28.00152545	0	0
3.289720759	28.30108066	0	0
3.306050744	28.60063588	0	0
3.322380332	28.90019113	0	0
3.338710598	29.19974633	0	0
3.355039322	29.49930162	0	0
3.371354114	29.79885768	0	0
3.387765095	30.09840842	0	0
3.404689589	30.39793045	0	0
3.421734704	30.69744551	0	0
3.438210133	30.99699277	0	0
3.454662865	31.29654127	0	0
3.471113388	31.5960899	0	0
3.487563304	31.89563856	0	0
3.504012817	32.19518724	0	0
3.52046207	32.49473594	0	0
3.536911952	32.7942846	0	0
3.553361833	33.09383327	0	0
3.569811715	33.39338193	0	0
3.586261597	33.69293059	0	0
3.602711478	33.99247926	0	0
3.619161008	34.29202794	0	0
3.635610244	34.59157664	0	0
3.652060145	34.8911253	0	0
3.668509717	35.19067398	0	0
3.684956547	35.49022281	0	0
3.701384123	35.78977269	0	0
3.717921279	36.08931649	0	0
3.735255116	36.38881459	0	0
3.753441194	36.68826286	0	0
3.771730006	36.98770487	0	0
3.79056835	37.28711265	0	0
3.813242347	37.58625086	0	0
3.841061755	37.88495477	0	0
3.873736662	38.183165	0	0
3.911152556	38.48081587	0	0
3.95329878	38.77783304	0	0
4.000165118	39.07414206	0	0
4.051740203	39.36966872	0	0
4.108009502	39.6643393	0	0
4.165832418	39.958714	0	0
4.223871634	40.2530462	0	0
4.282544821	40.5472517	0	0
4.321920125	40.79167269	0	0
4.431183143	41.07106601	0	0
4.539237368	41.35093077	0	0
4.648582727	41.6302931	0	0
4.758804918	41.90931098	0	0
4.869221635	42.1882521	0	0
4.979662794	42.46718354	0	0
5.090106793	42.74611386	0	0
5.200551698	43.02504382	0	0
5.310996754	43.30397372	0	0
5.421441811	43.58290362	0	0
5.531886189	43.86183379	0	0
5.64233106	44.14076377	0	0
5.752776117	44.41969367	0	0
5.863221174	44.69862357	0	0
5.973665585	44.97755373	0	0
6.084110423	45.25648371	0	0
6.19455548	45.53541361	0	0
6.305000536	45.81434351	0	0
6.415444981	46.09327366	0	0
6.525889786	46.37220366	0	0
6.636334842	46.65113356	0	0
6.746779666	46.93006355	0	0
6.857224034	47.20899372	0	0
6.967668806	47.48792374	0	0
7.078113863	47.76685364	0	0
7.188558919	48.04578354	0	0
7.29900343	48.32471366	0	0
7.409448169	48.60364368	0	0
7.519893225	48.88257358	0	0
7.630338282	49.16150348	0	0
7.740783339	49.44043338	0	0
7.851227891	49.71936348	0	0
7.961672588	49.99829353	0	0
8.072117645	50.27722343	0	0
8.182562701	50.55615333	0	0
8.293007286	50.83508342	0	0
8.40345195	51.11401347	0	0
8.513897007	51.39294337	0	0
8.624342064	51.67187327	0	0
8.734786682	51.95080335	0	0
8.845231313	52.22973342	0	0
8.95567637	52.50866332	0	0
9.066121427	52.78759322	0	0
9.176566078	53.06652328	0	0
9.287010676	53.34545336	0	0
9.397455732	53.62438326	0	0
9.507900789	53.90331316	0	0
9.618345473	54.18224321	0	0
9.728790038	54.46117331	0	0
9.839235095	54.74010321	0	0
9.949680152	55.01903311	0	0
10.06012487	55.29796314	0	0
10.1705694	55.57689325	0	0
10.28101446	55.85582315	0	0
10.39145939	56.1347531	0	0
10.50190392	56.41368321	0	0
10.61234842	56.69261333	0	0
10.72279348	56.97154323	0	0
10.83323853	57.25047313	0	0
10.94368332	57.52940314	0	0
11.05412778	57.80833327	0	0
11.16457284	58.08726318	0	0
11.2750179	58.36619308	0	0
11.38546295	58.64512298	0	0
11.49590778	58.92405297	0	0
11.6063522	59.20298312	0	0
11.71679726	59.48191302	0	0
11.82724232	59.76084292	0	0
11.93768717	60.0397729	0	0
12.04813157	60.31870306	0	0
12.15857662	60.59763297	0	0
12.26902168	60.87656287	0	0
12.37946657	61.15549283	0	0
12.48991093	61.43442301	0	0
12.60035599	61.71335291	0	0
12.71080104	61.99228281	0	0
12.82124597	62.27121276	0	0
12.93169029	62.55014295	0	0
13.04213535	62.82907285	0	0
13.1525804	63.10800275	0	0
13.26302536	63.38693269	0	0
13.37346965	63.6658629	0	0
13.48391471	63.9447928	0	0
13.59435977	64.2237227	0	0
13.70480476	64.50265263	0	0
13.81524902	64.78158284	0	0
13.92569407	65.06051274	0	0
14.03613911	65.33944265	0	0
14.14658381	65.61837269	0	0
14.25702804	65.89730292	0	0
14.36747309	66.17623282	0	0
14.47791815	66.45516272	0	0
14.58836321	66.73409262	0	0
14.69880826	67.01302253	0	0
14.80925247	67.29195276	0	0
14.91969751	67.57088267	0	0
15.03014257	67.84981257	0	0
15.14058598	68.12874312	0	0
15.25102314	68.40767615	0	0
15.36147199	68.68660056	0	0
15.47682367	68.96353736	0	0
15.58735615	69.24241434	0	0
15.716335	69.51252205	0	0
15.87390102	69.76742518	0	0
16.077134	69.98736653	0	0
16.3025459	70.18531514	0	0
16.53146625	70.37919591	0	0
16.7683184	70.56324123	0	0
16.99457314	70.74413742	0	0
17.22870111	70.79385582	0	0
17.52704117	70.82536864	0	0
17.82532584	70.85740306	0	0
18.12357009	70.88981201	0	0
18.42177812	70.92255295	0	0
18.71995143	70.95560859	0	0
19.01807766	70.98908595	0	0
19.31543993	71.02864643	0	0
19.61298043	71.06695514	0	0
19.9109378	71.10188419	0	0
20.20894341	71.13641897	0	0
20.50694463	71.17099171	0	0
20.80494552	71.20556722	0	0
21.10294618	71.2401448	0	0
21.40094549	71.27473399	0	0
21.6989353	71.3094048	0	0
21.99619118	71.34928945	0	0
22.29249661	71.39617318	0	0
22.5904906	71.43005866	0	0
22.88905571	71.45936509	0	0
23.18761457	71.48873526	0	0
23.48617263	71.51811358	0	0
23.78473056	71.54749321	0	0
24.0832885	71.5768727	0	0
24.38184644	71.60625222	0	0
24.68040433	71.63563227	0	0
24.97896226	71.66501187	0	0
25.27752021	71.69439129	0	0
25.57607811	71.72377131	0	0
25.87463603	71.75315098	0	0
26.17319399	71.78253035	0	0
26.47175188	71.81191038	0	0
26.77030979	71.84129014	0	0
27.06886776	71.8706694	0	0
27.36742567	71.90004922	0	0