-21.3174561643334	-38.0805275489227	0	1
-21.1292125216875	-37.8469387833091	0	1
-20.9429056323887	-37.6118015362886	0	1
-20.757441392715	-37.3760003097557	0	1
-20.5698593030371	-37.141878733553	0	1
-20.3819168829272	-36.9080467933983	0	1
-20.1955310094686	-36.672975575468	0	1
-20.0125164708566	-36.4352680550911	0	1
-19.83456445191	-36.1939719376091	0	1
-19.6891214424952	-35.9305100222422	0	1
-19.5436784330804	-35.6670481068754	0	1
-19.3982354236656	-35.4035861915085	0	1
-19.2527924142508	-35.1401242761417	0	1
-19.107349404836	-34.8766623607748	0	1
-18.9619063954213	-34.613200445408	0	1
-18.8164633860065	-34.3497385300411	0	1
-18.6710203765917	-34.0862766146742	0	1
-18.5255773671769	-33.8228146993074	0	1
-18.3801343577621	-33.5593527839405	0	1
-18.2346913483473	-33.2958908685737	0	1
-18.0892483389325	-33.0324289532068	0	1
-17.9438053295177	-32.76896703784	0	1
-17.7983623201029	-32.5055051224731	0	1
-17.6529193106881	-32.2420432071063	0	1
-17.5074763012733	-31.9785812917394	0	1
-17.3620332918585	-31.7151193763725	0	1
-17.2165902824438	-31.4516574610057	0	1
-17.071147273029	-31.1881955456388	0	1
-16.9257042636142	-30.924733630272	0	1
-16.7802612541994	-30.6612717149051	0	1
-16.6348182447846	-30.3978097995383	0	1
-16.4893752353698	-30.1343478841714	0	1
-16.343932225955	-29.8708859688045	0	1
-16.1984892165402	-29.6074240534377	0	1
-16.0530462071254	-29.3439621380708	0	1
-15.9076031977106	-29.080500222704	0	1
-15.7621601882958	-28.8170383073371	0	1
-15.616717178881	-28.5535763919703	0	1
-15.4712741694663	-28.2901144766034	0	1
-15.3258311600515	-28.0266525612366	0	1
-15.1803881506367	-27.7631906458697	0	1
-15.0349451412219	-27.4997287305028	0	1
-14.8895021318071	-27.236266815136	0	1
-14.7440591223923	-26.9728048997691	0	1
-14.5986161129775	-26.7093429844023	0	1
-14.4531731035627	-26.4458810690354	0	1
-14.3077300941479	-26.1824191536686	0	1
-14.1622870847331	-25.9189572383017	0	1
-14.0168440753183	-25.6554953229348	0	1
-13.8714010659035	-25.392033407568	0	1
-13.7259580564888	-25.1285714922011	0	1
-13.580515047074	-24.8651095768343	0	1
-13.4350720376592	-24.6016476614674	0	1
-13.2896290282444	-24.3381857461006	0	1
-13.1441860188296	-24.0747238307337	0	1
-12.9987430094148	-23.8112619153669	0	1
-12.8533	-23.5478	0	1
-12.6639643292683	-23.3152673780488	0	1
-12.4746286585366	-23.0827347560976	0	1
-12.2852929878049	-22.8502021341463	0	1
-12.0959573170732	-22.6176695121951	0	1
-11.9066216463415	-22.3851368902439	0	1
-11.7172859756098	-22.1526042682927	0	1
-11.527950304878	-21.9200716463415	0	1
-11.3386146341463	-21.6875390243902	0	1
-11.1492789634146	-21.455006402439	0	1
-10.9599432926829	-21.2224737804878	0	1
-10.7706076219512	-20.9899411585366	0	1
-10.5812719512195	-20.7574085365854	0	1
-10.3919362804878	-20.5248759146341	0	1
-10.2026006097561	-20.2923432926829	0	1
-10.0132649390244	-20.0598106707317	0	1
-9.82392926829268	-19.8272780487805	0	1
-9.63459359756098	-19.5947454268293	0	1
-9.44525792682927	-19.362212804878	0	1
-9.25592225609756	-19.1296801829268	0	1
-9.06658658536585	-18.8971475609756	0	1
-8.87725091463415	-18.6646149390244	0	1
-8.68791524390244	-18.4320823170732	0	1
-8.49857957317073	-18.1995496951219	0	1
-8.30924390243903	-17.9670170731707	0	1
-8.11990823170732	-17.7344844512195	0	1
-7.93057256097561	-17.5019518292683	0	1
-7.7412368902439	-17.2694192073171	0	1
-7.5519012195122	-17.0368865853659	0	1
-7.36256554878049	-16.8043539634146	0	1
-7.17322987804878	-16.5718213414634	0	1
-6.98389420731707	-16.3392887195122	0	1
-6.79455853658537	-16.106756097561	0	1
-6.60522286585366	-15.8742234756098	0	1
-6.41588719512195	-15.6416908536585	0	1
-6.22655152439024	-15.4091582317073	0	1
-6.03721585365854	-15.1766256097561	0	1
-5.84788018292683	-14.9440929878049	0	1
-5.65854451219512	-14.7115603658537	0	1
-5.46920884146341	-14.4790277439024	0	1
-5.27987317073171	-14.2464951219512	0	1
-5.0905375	-14.0139625	0	1
-4.90120182926829	-13.7814298780488	0	1
-4.71186615853659	-13.5488972560976	0	1
-4.52253048780488	-13.3163646341463	0	1
-4.33319481707317	-13.0838320121951	0	1
-4.14385914634146	-12.8512993902439	0	1
-3.95452347560976	-12.6187667682927	0	1
-3.76518780487805	-12.3862341463415	0	1
-3.57585213414634	-12.1537015243902	0	1
-3.38651646341463	-11.921168902439	0	1
-3.19718079268293	-11.6886362804878	0	1
-3.00784512195122	-11.4561036585366	0	1
-2.81850945121951	-11.2235710365854	0	1
-2.62917378048781	-10.9910384146341	0	1
-2.4398381097561	-10.7585057926829	0	1
-2.25050243902439	-10.5259731707317	0	1
-2.06116676829268	-10.2934405487805	0	1
-1.87183109756097	-10.0609079268293	0	1
-1.68249542682927	-9.82837530487805	0	1
-1.49315975609756	-9.59584268292683	0	1
-1.30382408536585	-9.36331006097561	0	1
-1.11448841463415	-9.13077743902439	0	1
-0.925152743902439	-8.89824481707317	0	1
-0.735817073170731	-8.66571219512195	0	1
-0.546481402439024	-8.43317957317073	0	1
-0.357145731707316	-8.20064695121951	0	1
-0.167810060975608	-7.96811432926829	0	1
0.0215256097560985	-7.73558170731707	0	1
0.210861280487807	-7.50304908536585	0	1
0.400196951219513	-7.27051646341463	0	1
0.589532621951221	-7.03798384146341	0	1
0.77886829268293	-6.80545121951219	0	1
0.968203963414634	-6.57291859756097	0	1
1.15753963414634	-6.34038597560975	0	1
1.34687530487805	-6.10785335365853	0	1
1.53621097560976	-5.87532073170731	0	1
1.72554664634146	-5.64278810975609	0	1
1.91488231707317	-5.41025548780487	0	1
2.10421798780488	-5.17772286585366	0	1
2.29355365853659	-4.94519024390243	0	1
2.48288932926829	-4.71265762195122	0	1
2.672225	-4.480125	0	1
2.86156067073171	-4.24759237804878	0	1
3.05089634146342	-4.01505975609756	0	1
3.24023201219513	-3.78252713414634	0	1
3.42956768292683	-3.54999451219512	0	1
3.61890335365854	-3.3174618902439	0	1
3.80823902439024	-3.08492926829268	0	1
3.99757469512195	-2.85239664634146	0	1
4.18691036585366	-2.61986402439024	0	1
4.37624603658537	-2.38733140243902	0	1
4.56558170731707	-2.1547987804878	0	1
4.75491737804878	-1.92226615853658	0	1
4.94425304878049	-1.68973353658536	0	1
5.1335887195122	-1.45720091463414	0	1
5.32292439024391	-1.22466829268292	0	1
5.51226006097561	-0.992135670731706	0	1
5.70159573170732	-0.759603048780484	0	1
5.89093140243903	-0.527070426829265	0	1
6.08026707317073	-0.294537804878047	0	1
6.26960274390244	-0.0620051829268249	0	1
6.45893841463415	0.170527439024394	0	1
6.64827408536586	0.403060060975612	0	1
6.83760975609756	0.635592682926834	0	1
7.02694542682927	0.868125304878053	0	1
7.21628109756098	1.10065792682927	0	1
7.40561676829268	1.33319054878049	0	1
7.59495243902439	1.56572317073171	0	1
7.7842881097561	1.79825579268293	0	1
7.97362378048781	2.03078841463415	0	1
8.16295945121951	2.26332103658537	0	1
8.35229512195122	2.49585365853659	0	1
8.54163079268293	2.72838628048781	0	1
8.73096646341464	2.96091890243903	0	1
8.92030213414634	3.19345152439025	0	1
9.10963780487805	3.42598414634147	0	1
9.29897347560976	3.65851676829269	0	1
9.48830914634147	3.8910493902439	0	1
9.67764481707317	4.12358201219513	0	1
9.86698048780488	4.35611463414634	0	1
10.0563161585366	4.58864725609757	0	1
10.2456518292683	4.82117987804878	0	1
10.4349875	5.05371250000001	0	1
10.6243231707317	5.28624512195122	0	1
10.8136588414634	5.51877774390244	0	1
11.0029945121951	5.75131036585366	0	1
11.1923301829268	5.98384298780488	0	1
11.3816658536585	6.2163756097561	0	1
11.5710015243902	6.44890823170732	0	1
11.760337195122	6.68144085365854	0	1
11.9496728658537	6.91397347560976	0	1
12.1390085365854	7.14650609756098	0	1
12.3283442073171	7.3790387195122	0	1
12.5176798780488	7.61157134146342	0	1
12.7070155487805	7.84410396341464	0	1
12.8963512195122	8.07663658536586	0	1
13.0856868902439	8.30916920731708	0	1
13.2750225609756	8.54170182926829	0	1
13.4643582317073	8.77423445121952	0	1
13.653693902439	9.00676707317074	0	1
13.8430295731707	9.23929969512195	0	1
14.0323652439024	9.47183231707318	0	1
14.2217009146342	9.70436493902439	0	1
14.4110365853659	9.93689756097561	0	1
14.6003722560976	10.1694301829268	0	1
14.7897079268293	10.4019628048781	0	1
14.979043597561	10.6344954268293	0	1
15.1683792682927	10.8670280487805	0	1
15.3577149390244	11.0995606707317	0	1
15.5470506097561	11.3320932926829	0	1
15.7363862804878	11.5646259146341	0	1
15.9257219512195	11.7971585365854	0	1
16.1150576219512	12.0296911585366	0	1
16.3043932926829	12.2622237804878	0	1
16.4937289634146	12.494756402439	0	1
16.6830646341463	12.7272890243902	0	1
16.8724003048781	12.9598216463415	0	1
17.0617359756098	13.1923542682927	0	1
17.2510716463415	13.4248868902439	0	1
17.4404073170732	13.6574195121951	0	1
17.6297429878049	13.8899521341463	0	1
17.8190786585366	14.1224847560976	0	1
18.0084143292683	14.3550173780488	0	1
18.19775	14.58755	0	1
18.3870856707317	14.8200826219512	0	1
18.5764213414634	15.0526152439024	0	1
18.7657570121951	15.2851478658537	0	1
18.9550926829268	15.5176804878049	0	1
19.1444283536585	15.7502131097561	0	1
19.3337640243903	15.9827457317073	0	1
19.523099695122	16.2152783536585	0	1
19.7124353658537	16.4478109756098	0	1
19.9017710365854	16.680343597561	0	1
20.0911067073171	16.9128762195122	0	1
20.2804423780488	17.1454088414634	0	1
20.4697780487805	17.3779414634146	0	1
20.6591137195122	17.6104740853659	0	1
20.8484493902439	17.8430067073171	0	1
21.0377850609756	18.0755393292683	0	1
21.2271207317073	18.3080719512195	0	1
21.416456402439	18.5406045731707	0	1
21.6057920731707	18.773137195122	0	1
21.7951277439024	19.0056698170732	0	1
21.9844634146341	19.2382024390244	0	1
22.1737990853659	19.4707350609756	0	1
22.3631347560976	19.7032676829268	0	1
22.5524704268293	19.9358003048781	0	1
22.741806097561	20.1683329268293	0	1
22.9311417682927	20.4008655487805	0	1
23.1204774390244	20.6333981707317	0	1
23.3098131097561	20.8659307926829	0	1
23.4991487804878	21.0984634146341	0	1
23.6884844512195	21.3309960365854	0	1
23.8778201219512	21.5635286585366	0	1
24.0671557926829	21.7960612804878	0	1
24.2564914634146	22.028593902439	0	1
24.4458271341463	22.2611265243902	0	1
24.6351628048781	22.4936591463415	0	1
24.8244984756098	22.7261917682927	0	1
25.0138341463415	22.9587243902439	0	1
25.2031698170732	23.1912570121951	0	1
25.3925054878049	23.4237896341463	0	1
25.5818411585366	23.6563222560976	0	1
25.7711768292683	23.8888548780488	0	1
25.9605125	24.1213875	0	1
26.1498481707317	24.3539201219512	0	1
26.3391838414634	24.5864527439024	0	1
26.5285195121951	24.8189853658537	0	1
26.7178551829268	25.0515179878049	0	1
26.9071908536585	25.2840506097561	0	1
27.0965265243902	25.5165832317073	0	1
27.285862195122	25.7491158536585	0	1
27.4751978658537	25.9816484756098	0	1
27.6645335365854	26.214181097561	0	1
27.8538692073171	26.4467137195122	0	1
28.0432048780488	26.6792463414634	0	1
28.2325405487805	26.9117789634146	0	1
28.4218762195122	27.1443115853659	0	1
28.6112118902439	27.3768442073171	0	1
28.8005475609756	27.6093768292683	0	1
28.9898832317073	27.8419094512195	0	1
29.179218902439	28.0744420731707	0	1
29.3685545731707	28.306974695122	0	1
29.5578902439024	28.5395073170732	0	1
29.7472259146342	28.7720399390244	0	1
29.9365615853659	29.0045725609756	0	1
30.1258972560976	29.2371051829268	0	1
30.3152329268293	29.4696378048781	0	1
30.504568597561	29.7021704268293	0	1
30.6939042682927	29.9347030487805	0	1
30.8832399390244	30.1672356707317	0	1
31.0725756097561	30.3997682926829	0	1
31.2619112804878	30.6323009146342	0	1
31.4512469512195	30.8648335365854	0	1
31.6405826219512	31.0973661585366	0	1
31.8299182926829	31.3298987804878	0	1
32.0192539634146	31.562431402439	0	1
32.2085896341463	31.7949640243903	0	1
32.3979253048781	32.0274966463415	0	1
32.5872609756098	32.2600292682927	0	1
32.7765966463415	32.4925618902439	0	1
32.9659323170732	32.7250945121951	0	1
33.1552679878049	32.9576271341463	0	1
33.3446036585366	33.1901597560976	0	1
33.5339393292683	33.4226923780488	0	1
33.723275	33.655225	0	1
33.9126106707317	33.8877576219512	0	1
34.1019463414634	34.1202902439024	0	1
34.2912820121951	34.3528228658537	0	1
34.4806176829268	34.5853554878049	0	1
34.6699533536585	34.8178881097561	0	1
34.8592890243903	35.0504207317073	0	1
35.048624695122	35.2829533536585	0	1
35.2379603658537	35.5154859756098	0	1
35.4272960365854	35.748018597561	0	1
35.6166317073171	35.9805512195122	0	1
35.8059673780488	36.2130838414634	0	1
35.9953030487805	36.4456164634146	0	1
36.1846387195122	36.6781490853659	0	1
36.3739743902439	36.9106817073171	0	1
36.5633100609756	37.1432143292683	0	1
36.7526457317073	37.3757469512195	0	1
36.941981402439	37.6082795731707	0	1
37.1313170731707	37.840812195122	0	1
37.3206527439024	38.0733448170732	0	1
37.5099884146342	38.3058774390244	0	1
37.6993240853659	38.5384100609756	0	1
37.8886597560976	38.7709426829268	0	1
38.0779954268293	39.0034753048781	0	1
38.267331097561	39.2360079268293	0	1
38.4566667682927	39.4685405487805	0	1
38.6460024390244	39.7010731707317	0	1
38.8353381097561	39.9336057926829	0	1
39.0246737804878	40.1661384146341	0	1
39.2140094512195	40.3986710365854	0	1
39.4033451219512	40.6312036585366	0	1
39.5926807926829	40.8637362804878	0	1
39.7820164634146	41.096268902439	0	1
39.9713521341464	41.3288015243903	0	1
40.1606878048781	41.5613341463415	0	1
40.3500234756098	41.7938667682927	0	1
40.5393591463415	42.0263993902439	0	1
40.7286948170732	42.2589320121951	0	1
40.9180304878049	42.4914646341464	0	1
41.1073661585366	42.7239972560976	0	1
41.2967018292683	42.9565298780488	0	1
41.4860375	43.1890625	0	1
41.6753731707317	43.4215951219512	0	1
41.8647088414634	43.6541277439024	0	1
42.0540445121951	43.8866603658537	0	1
42.2433801829268	44.1191929878049	0	1
42.4327158536585	44.3517256097561	0	1
42.6220515243902	44.5842582317073	0	1
42.811387195122	44.8167908536585	0	1
43.0007228658537	45.0493234756098	0	1
43.1900585365854	45.281856097561	0	1
43.3793942073171	45.5143887195122	0	1
43.5687298780488	45.7469213414634	0	1
43.7580655487805	45.9794539634146	0	1
43.9474012195122	46.2119865853659	0	1
44.1367368902439	46.4445192073171	0	1
44.3260725609756	46.6770518292683	0	1
44.5154082317073	46.9095844512195	0	1
44.704743902439	47.1421170731708	0	1
44.8940795731707	47.374649695122	0	1
45.0834152439024	47.6071823170732	0	1
45.2727509146341	47.8397149390244	0	1
45.4620865853659	48.0722475609756	0	1
45.6514222560976	48.3047801829268	0	1
45.8407579268293	48.5373128048781	0	1
46.030093597561	48.7698454268293	0	1
46.2194292682927	49.0023780487805	0	1
46.4087649390244	49.2349106707317	0	1
46.5981006097561	49.4674432926829	0	1
46.7874362804878	49.6999759146342	0	1
46.9767719512195	49.9325085365854	0	1
47.1661076219512	50.1650411585366	0	1
47.3554432926829	50.3975737804878	0	1
47.5447789634146	50.630106402439	0	1
47.7341146341464	50.8626390243903	0	1
47.9234503048781	51.0951716463415	0	1
48.1127859756098	51.3277042682927	0	1
48.3021216463415	51.5602368902439	0	1
48.4914573170732	51.7927695121951	0	1
48.6807929878049	52.0253021341463	0	1
48.8701286585366	52.2578347560976	4	1
49.0594643292683	52.4903673780488	4	1
49.2820460945962	52.6924684509136	4	1
49.5046278599242	52.8945695237784	4	1
49.7272096252521	53.0966705966431	4	1
49.9497913905801	53.2987716695079	4	1
50.172373155908	53.5008727423727	4	1
50.394954921236	53.7029738152375	4	1
50.6175366865639	53.9050748881023	4	1
50.8401184518919	54.107175960967	4	1
51.0627002172198	54.3092770338318	4	1
51.2852819825478	54.5113781066966	4	1
51.5078637478757	54.7134791795614	4	1
51.7304455132036	54.9155802524262	4	1
51.9530272785316	55.1176813252909	4	1
52.1756090438595	55.3197823981557	4	1
52.3981908091875	55.5218834710205	4	1
52.6207725745154	55.7239845438853	4	1
52.8433543398434	55.9260856167501	4	1
53.0659361051713	56.1281866896148	4	1
53.2885178704993	56.3302877624796	4	1
53.5110996358272	56.5323888353444	4	1
53.7336814011552	56.7344899082092	4	1
53.9562631664831	56.936590981074	4	1
54.1788449318111	57.1386920539387	4	1
54.401426697139	57.3407931268035	4	1
54.624008462467	57.5428941996683	4	1
54.8465902277949	57.7449952725331	4	1
55.0691719931228	57.9470963453979	4	1
55.2917537584508	58.1491974182627	4	1
55.5143355237787	58.3512984911274	4	1
55.7369172891067	58.5533995639922	4	1
55.9594990544346	58.755500636857	4	1
56.1820808197626	58.9576017097218	4	1
56.4046625850905	59.1597027825866	4	1
56.6272443504185	59.3618038554513	4	1
56.8498261157464	59.5639049283161	4	1
57.0724078810744	59.7660060011809	4	1
57.2949896464023	59.9681070740457	4	1
57.5175714117303	60.1702081469105	4	1
57.7401531770582	60.3723092197752	4	1
57.9627349423861	60.57441029264	4	1
58.1853167077141	60.7765113655048	4	1
58.407898473042	60.9786124383696	4	1
58.63048023837	61.1807135112344	4	1
58.8530620036979	61.3828145840992	4	1
59.0756437690259	61.5849156569639	4	1
59.2982255343538	61.7870167298287	4	1
59.5208072996818	61.9891178026935	4	1
59.7433890650097	62.1912188755583	0	1
59.9659708303377	62.3933199484231	0	1
60.1885525956656	62.5954210212878	0	1
60.4111343609936	62.7975220941526	0	1
60.6337161263215	62.9996231670174	0	1
60.8252925644421	63.2304831744586	0	1
61.010232369935	63.4666974097822	0	1
61.1936497703816	63.7040956334433	0	1
61.3755104415638	63.9426857287312	0	1
61.5626834139101	64.1771298539277	0	1
61.7430365739043	64.4168645620395	0	1
61.923001467114	64.6568908798377	0	1
62.1030490139305	64.8968506065256	0	1
62.27634161847	65.1417344738178	1	1
62.4554650065095	65.3823894338512	1	1
62.6346264327299	65.6230129818111	1	1
62.8081551359572	65.8677325604969	1	1
62.9832247390583	66.1113521211831	1	1
63.1563729063431	66.3563388819646	1	1
63.3243174440111	66.6049237157104	1	1
63.4898263844798	66.8551313931534	1	1
63.6471212073498	67.1105884431773	1	1
63.8031515684897	67.3668085483834	1	1
63.9473661600562	67.6298713904325	1	1
64.0896711950206	67.8939601670885	1	1
64.2192819667563	68.1645170562415	1	1
64.3479193068375	68.4355317924217	1	1
64.4668369346899	68.7109512360571	1	1
64.5770846074572	68.9899572161302	1	1
64.6815721209572	69.2711683534452	1	1
64.7771196279119	69.5555352691536	1	1
64.8595679865247	69.8439833013245	1	1
64.9416688961138	70.1325284065247	1	1
65.017422592543	70.4227874689241	1	1
65.0751949965312	70.7171715784632	1	1
65.1294018805416	71.0122255218601	1	1
65.1714332590355	71.3092615633093	1	1
65.2036877798816	71.6075120589536	1	1
65.2219216414669	71.9069488850499	1	1
65.22767716222	72.2068891261825	1	1
65.2241716093806	72.5068607147242	1	1
65.2085318196901	72.8064421822253	1	1
65.1789717117907	73.1049710718936	1	1
65.1353396961704	73.401773436567	1	1
65.0801350538208	73.6966456441018	1	1
65.0158331727283	73.9896675103372	1	1
64.9416005373887	74.2803315311133	1	1
64.8570044266723	74.5681533874558	1	1
64.7646913068139	74.853586547297	1	1
64.659552503474	75.1345424645782	1	1
64.5394199456533	75.4094390070838	1	1
64.4174963304094	75.6835218346304	1	1
64.2783119587685	75.949272938343	1	1
64.1297683964186	76.2099122433924	1	1
63.9746529068311	76.4666890686459	1	1
63.809341252863	76.7170018718717	1	1
63.6272292773847	76.9553935835649	1	1
63.4361453617403	77.1866538057138	1	1
63.235775846967	77.4099285375167	1	1
63.0324319557768	77.6304764352843	1	1
62.8173539179095	77.8396105353865	1	1
62.594919436404	78.0409115001833	1	1
62.3691122545979	78.2384077882805	1	1
62.1350215935355	78.4260266351351	1	1
61.8982322396122	78.6102296425055	1	1
61.6607273256529	78.793509253306	1	1
61.4232138015211	78.9767773936506	1	1
61.1846667914964	79.1586985922152	1	1
60.9462429987099	79.3407812490597	1	1
60.7078938111909	79.522961416191	1	1
60.4688586142424	79.704240680092	1	1
60.2298790656125	79.8855907703379	1	1
59.9880224430093	80.0630882620389	1	1
59.7464264530033	80.240938376935	1	1
59.502284087717	80.4152780296346	1	1
59.2566920869427	80.5875626593702	1	1
59.0064340791954	80.7529999797299	1	1
58.7527824694902	80.9131842200633	1	1
58.4954681062712	81.0674206435452	1	1
58.2362694548498	81.2184589536632	1	1
57.9724470536917	81.3612789438712	1	1
57.7074575617402	81.5019148392398	1	1
57.4390158582268	81.6358445333319	1	1
57.1674152315016	81.7632385309125	1	1
56.8917168210691	81.8815156950255	1	1
56.6139979372097	81.9949406280453	1	1
56.3314994685745	82.0959053571167	1	1
56.0474249721629	82.1923112668319	1	1
55.7591283111863	82.2752596652874	1	1
55.4679715975906	82.3475302937614	1	1
55.1743233665598	82.4088997650508	1	1
54.8786442765358	82.4595979218304	1	1
54.5814728367878	82.5006396843176	1	1
54.2829841238094	82.530645423486	1	1
53.9836291820682	82.5501212028341	1	1
53.683695746422	82.5557539668116	1	1
53.3838564147573	82.5466066342083	1	1
53.0850996060649	82.5194760043709	1	1
52.7880264181691	82.4777799133081	1	1
52.4934147859874	82.4212283420031	1	1
52.2013645862363	82.3526625482799	1	1
51.9122395144794	82.2726600508227	1	1
51.6267356893301	82.180560471958	1	1
51.3449578073668	82.077617105525	1	1
51.0666780436739	81.9655501922536	1	1
50.7908242764053	81.8476707636824	1	1
50.5211753911738	81.7161930324048	1	1
50.2555617172738	81.5767494587512	1	1
49.9953884848023	81.427419937801	0	1
49.7436923532727	81.2642068948345	0	1
49.5010509013274	81.0877976287459	0	1
49.2649548577299	80.9027125947552	0	1
49.0333743694032	80.712003603904	0	1
48.8043251686316	80.5182691332878	0	1
48.5811805159462	80.317755887037	0	1
48.3612326246106	80.1137417255815	0	1
48.1447240675029	79.9060786790314	0	1
47.9274602932397	79.6992154507884	0	1
47.7167027279501	79.4857206639515	0	1
47.5024506626356	79.2757342538011	0	1
47.2926711565175	79.0612756812674	0	1
47.0838548618935	78.8458789514824	0	1
46.8752506739464	78.6302767883071	0	1
46.6667179883254	78.4146058721722	0	1
46.4596249597319	78.1975518065037	0	1
46.253098349255	77.9799634517531	0	1
46.0515026278449	77.7577943919751	0	1
45.8489806638173	77.5364692086099	0	1
45.6471484049382	77.3145196814871	0	1
45.4502455610701	77.0881844237029	0	1
45.2489339602847	76.8657580111979	0	1
45.0489237861921	76.6421604954255	0	1
44.8498922308503	76.4176912723308	0	1
44.6505820969999	76.1934694276482	0	1
44.4519141677545	75.9686782990789	0	1
44.2531567559408	75.7439668395488	0	1
44.0562306428979	75.5176488354905	0	1
43.8610484744386	75.2898248913832	0	1
43.6648791563069	75.0628672951496	0	1
43.4796553479146	74.8269354987311	0	1
43.3136352907438	74.5770609127424	0	1
43.1479765105754	74.3269518564014	0	1
42.9763894691404	74.0808668394249	0	1
42.805758199725	73.8341189753272	0	1
42.6377185096531	73.5855986606451	0	1
42.4717143597378	73.3357135011615	0	1
42.3051395682381	73.086208519209	0	1
42.1397854942178	72.835892737802	0	1
41.9754145352054	72.5849335351239	0	1
41.8157295884649	72.3309644724986	0	1
41.6535233777857	72.0785976178639	0	1
41.4900626453289	71.8270412893428	0	1
41.3267751672021	71.5753724697863	0	1
41.1632413821229	71.3238636254363	0	1
40.9998249115685	71.0722787520442	0	1
40.8352707960849	70.8214366611196	0	1
40.672465550819	70.5694566893281	0	1
40.5121742557941	70.3158720053297	0	1
40.3473528872358	70.0652050833724	0	1
40.1831839237941	69.8141143890031	0	1
40.0242668650211	69.5596632899958	0	1
39.8649655196688	69.3054529289526	0	1
39.7041401322124	69.0522036822028	0	1
39.5440687244368	68.798482478907	0	1
39.3897982880059	68.5411925834634	0	1
39.2298407486264	68.2873974423781	0	1
39.0746577515193	68.0306521801025	0	1
38.9204002281979	67.773354097565	0	1
38.7604958417116	67.5195223121522	0	1
38.6005255790674	67.2657376776031	0	1
38.4468934097125	67.0080615966844	0	1
38.2948220694847	66.7494612231963	0	1
38.141511342328	66.4915957951832	0	1
37.9920013405144	66.2315121186361	0	1
37.8360257101458	65.9752499329962	0	1
37.684257465332	65.7164712650739	0	1
37.5324312095775	65.4577267633094	0	1
37.3816200019958	65.1983892111046	0	1
37.2308951903852	64.9390073742881	0	1
37.0739730538094	64.6833261090439	0	1
36.9228927758511	64.4241452517413	0	1
36.7708647644383	64.1655227742259	0	1
36.6142869351109	63.9096392588394	0	1
36.4671359880568	63.6482144223079	0	1
36.3129988523053	63.390840261407	0	1
36.1609443197062	63.1322303332906	0	1
36.0107181277392	62.8725572329483	0	1
35.8536749611505	62.6170727953509	0	1
35.669673358964	62.3801278390052	0	1
35.4876626308056	62.1416536610175	0	1
35.3011798892731	61.9066588932952	0	1
35.1184716944469	61.6687204484065	0	1
34.9303049415462	61.4350688524238	0	1
34.7435892883305	61.2002556153964	0	1
34.5571037433216	60.9652597981127	0	1
34.3695730598292	60.731096947266	0	1
34.1822303473195	60.4967897733755	0	1
33.9999675106291	60.2585082911346	0	1
33.8133427955886	60.0236294885971	0	1
33.6323611784678	59.7843688606283	0	1
33.4508419558263	59.5455202525527	0	1
33.2648965063146	59.3100989059161	0	1
33.0823341385618	59.0720426358125	0	1
32.90125110402	58.8328590130198	0	1
32.7213258508914	58.5928029720416	0	1
32.5415351074802	58.3526463883727	0	1
32.3630475073792	58.111523087651	0	1
32.1885904871256	57.8674671745983	0	1
32.0101180342553	57.6263295251893	0	1
31.830101879815	57.3863417388822	0	1
31.6493605654179	57.146899576935	0	1
31.4676968329768	56.9081644205287	0	1
31.2798090819602	56.6742881108449	0	1
31.0912413614004	56.4409602857498	0	1
30.9041492136466	56.2064536511305	0	1
30.7117445197337	55.9762809878424	0	1
30.5223791786483	55.7435993030192	0	1
30.3330466500785	55.5108919746935	0	1
30.1456210015609	55.2766490755476	0	1
29.9542812078399	55.0455941956835	0	1
29.7680712884776	54.8103797557867	0	1
29.5822977458161	54.5748213766427	0	1
29.3944497366634	54.3409130180404	0	1
29.2064976801634	54.1070890222833	0	1
29.0205223591058	53.8716896626226	0	1
28.8361122385259	53.635063515966	0	1
28.6487298500869	53.4007823613115	0	1
28.4622915549743	53.1657562245529	0	1
28.2702443480038	52.9352835011297	0	1
28.079591522006	52.7036557673208	0	1
27.8896585467558	52.4714395916392	0	1
27.6965642053863	52.2418430875324	0	1
27.5041697571791	52.0116637608368	0	1
27.3156138047044	51.7783304256259	0	1
27.1224934168608	51.5487560212157	0	1
26.9283521195202	51.3200441331945	0	1
26.7337249313105	51.0917455475796	0	1
26.5394463527542	50.8631501982746	0	1
26.3452327891155	50.6344996423246	0	1
26.1514454250653	50.4054879355715	0	1
25.9585418203185	50.1757312197386	0	1
25.7652725762322	49.9462873207814	0	1
25.5765367002281	49.7130980593249	0	1
25.3840023683638	49.4830318113058	0	1
25.191003903161	49.25335749465	0	1
25.0013548687168	49.0209074420537	0	1
24.8101632201742	48.7897250739514	0	1
24.6169892236031	48.5601957919477	0	1
24.4250674348356	48.3296212078123	0	1
24.2363985819208	48.0963795140542	0	1
24.0431087904737	47.8669474993452	0	1
23.8500274831272	47.6373400975679	0	1
23.6562681431796	47.4083044804774	0	1
23.4624059978425	47.1793563453754	0	1
23.2701059080041	46.9490956284662	0	1
23.0800123237213	46.7170123831678	0	1
22.8859558119938	46.4882285827445	0	1
22.6924965567359	46.2589394451333	0	1
22.4987497509217	46.0298932460208	0	1
22.3046793213101	45.8011211965298	0	1
22.1109764571228	45.5720378467002	0	1
21.9168464071278	45.3433163629645	0	1
21.7224370467353	45.1148323147976	0	1
21.5274434503486	44.8868465805591	0	1
21.3325949293158	44.6587368399408	0	1
21.1378338560506	44.4305526364713	0	1
20.9440102237435	44.2015714719541	0	1
20.750625604442	43.9722194476849	0	1
20.5567402877373	43.7432907949628	0	1
20.3641655125384	43.5132593282262	0	1
20.1736277284595	43.2815368179086	0	1
19.9824525992906	43.0503404410482	0	1
19.7896321766399	42.8205138008373	0	1
19.597136890672	42.5904197690651	0	1
19.4088792073739	42.3568460452704	0	1
19.2159548655285	42.1271069116761	0	1
19.0220087992024	41.8982294738501	0	1
18.8286112104587	41.6688884790679	0	1
18.6343858733194	41.4402478994657	0	1
18.4403339133538	41.2114601479565	0	1
18.2461898951643	40.9827505435163	0	1
18.0526964728033	40.7534941024148	0	1
17.8629590493223	40.5211182647637	0	1
17.6699334780133	40.2914640553093	0	1
17.4760705349074	40.0625162058936	0	1
17.2812820998557	39.8343612424625	0	1
17.0818942078632	39.6102122399562	0	1
16.8863474846322	39.3827009795829	0	1
16.6917489654073	39.1543779276063	0	1
16.4971568216933	38.9260495984869	0	1
16.3033292766471	38.6970717180358	0	1
16.1091616128953	38.4683821513318	0	1
15.9149027739807	38.2397700770568	0	1
15.7201975497165	38.0115380117909	0	1
15.5254705371415	37.7833245379893	0	1
15.3305952915251	37.5552378171691	0	1
15.1345953395569	37.3281206997085	0	1
14.9348780094515	37.104263927119	0	1
14.7379651626356	36.8779381498946	0	1
14.5370189752362	36.6551812842726	0	1
14.3341330584524	36.4345274698825	4	1
14.0997797120637	36.2472454493316	4	1
13.8702712212293	36.054046795823	4	1
13.6415725635518	35.8598904639652	4	1
13.4118288083664	35.6669736071521	4	1
13.1841825121383	35.4715882873301	4	1
12.9535604254265	35.2797258266371	4	1
12.7266585888212	35.0834721768733	4	1
12.5004191701172	34.886455287067	4	1
12.2749240083847	34.688587366424	4	1
12.0507043049557	34.4892756061122	4	1
11.8280268318518	34.288241673786	4	1
11.6060304076943	34.0864569245753	4	1
11.3823281689931	33.8865642694968	4	1
11.1600210823005	33.6851229275338	4	1
10.9402352884775	33.4809314988433	4	1
10.7209592571565	33.2761942033341	4	1
10.4996617179095	33.0736422659759	4	1
10.2794765564204	32.8698864054809	4	1
10.062811145413	32.6623888664471	4	1
9.84397267876479	32.4571865717858	4	1
9.62845226034097	32.2484987588229	4	1
9.41176049676271	32.0410357845213	4	1
9.20007409554053	31.8284599912507	4	1
8.98656363262591	31.6177169167346	4	1
8.77106659708879	31.4090049422292	4	1
8.55681683741005	31.1990173076607	4	1
8.33891387223946	30.9928214606321	4	1
8.12409317356201	30.783414595823	4	1
7.90699366215294	30.5763697703512	4	1
7.69118053740272	30.3679838513749	4	1
7.47565365497212	30.1593029180793	4	1
7.2617135908834	29.9489954994315	4	1
7.04620493584407	29.7402963419837	4	1
6.83293960359512	29.5293042964634	4	1
6.62063373211587	29.3173550944491	4	1
6.40357416266908	29.1102729694745	4	1
6.1900909638546	28.8995035719342	4	1
5.97403238553334	28.6913762504425	4	1
5.76135579915517	28.479790177888	4	1
5.5482662959372	28.2686243911311	4	1
5.33189315310743	28.0608245096497	4	1
5.11941182890981	27.8490502436103	4	1
4.91367896399327	27.6308979007831	0	1
4.73290926079854	27.3914801642426	0	1
4.54869404832988	27.1547002417384	0	1
4.36507643609123	26.9174576152093	0	1
4.1831000027917	26.6789600016965	0	1
3.9959325826427	26.4445073604755	0	1
3.81035726621786	26.2087918498936	0	1
3.62471206276353	25.9731316373675	0	1
3.43777579549495	25.7384981100441	0	1
3.24725383764433	25.5067670022375	0	1
3.06081613751877	25.2717331148642	0	1
2.87491391616056	25.0362760954694	0	1
2.68764694062601	24.8019066165557	0	1
2.5041251373095	24.5645919353842	0	1
2.31703154486625	24.3300804557232	0	1
2.12840428245607	24.0968007461564	0	1
1.94147671282386	23.8621565259855	0	1
1.75565640676052	23.6266342510717	0	1
1.56927483094326	23.3915572934192	0	1
1.38514672125136	23.1547104873614	0	1
1.1993261250381	22.9191892067026	0	1
1.01523435210628	22.682313795776	0	1
0.829806750829257	22.4464824069154	0	1
0.645406782463589	22.2098466591607	0	1
0.460178269652518	21.9738633786874	0	1
0.279238987811188	21.7345708065866	0	1
0.0989010131071224	21.4948246899371	0	1
-0.0811373306445625	21.254853520083	0	1
-0.261632618179741	21.0152259000632	0	1
-0.441497326813991	20.7751245356908	0	1
-0.621774565308061	20.5353327151585	0	1
-0.802041429163001	20.2955331055607	0	1
-0.982940682552701	20.0562179803644	0	1
-1.16885898753632	19.8207795320837	0	1
-1.34975572234202	19.581454964623	0	1
-1.52964856419622	19.3413746408822	0	1
-1.70941893446449	19.1012026820392	0	1
-1.88988532697247	18.8615536071169	0	1
-2.07188106759013	18.6230663204848	0	1
-2.25715747155049	18.387115792646	0	1
-2.44276469380883	18.151426971633	0	1
-2.63081238435915	17.9176792910612	0	1
-2.81951356671618	17.6844597848015	0	1
-3.00601989778957	17.4494819745187	0	1
-3.19021125189903	17.212684944908	0	1
-3.37649105745146	16.9775283716309	0	1
-3.55995172761192	16.7401656765838	0	1
-3.74625751475534	16.5050275213912	0	1
-3.93140515944037	16.2689761982295	0	1
-4.11737058057236	16.0335692218529	0	1
-4.30168795631578	15.7968694765813	0	1
-4.48745536998233	15.5613061867998	0	1
-4.67154709889692	15.3244304114059	0	1
-4.85617673396294	15.08797821985	0	1
-5.03666598434125	14.8483459443868	0	1
-5.21732500757426	14.6088416387003	0	1
-5.39867479905725	14.3698699812002	0	1
-5.58593303408995	14.1354897768507	0	1
-5.77172137371463	13.8999422180591	0	1
-5.9569937982582	13.6639886065647	0	1
-6.14262269883912	13.4283153872131	0	1
-6.32789458135718	13.1923633446329	0	1
-6.51586995954184	12.9585573811207	0	1
-6.70411935080713	12.7249733216895	0	1
-6.89012431388249	12.4895968360121	0	1
-7.07551691318627	12.2537378094621	0	1
-7.26175194720868	12.0185432239549	0	1
-7.44771824294635	11.7831365046325	0	1
-7.63521350172883	11.5489486184706	0	1
-7.82620841643782	11.3176037468822	0	1
-8.01915868886864	11.087886533383	0	1
-8.21330204474258	10.8591763815477	0	1
-8.40791576940564	10.6308664836443	0	1
-8.60328810216324	10.4032052371634	0	1
-8.79885695446056	10.1757215513533	0	1
-8.99922855243597	9.95245398752715	0	1
-9.1953871533064	9.72547045523317	0	1
-9.39305882941468	9.49980368990566	0	1
-9.59231604518365	9.27553506443792	0	1
-9.79058576366081	9.05039262550227	0	1
-9.98858347381671	8.82501265014384	0	1
-10.1842064887228	8.59756722575309	0	1
-10.378590938334	8.36906194230961	0	1
-10.5726292574016	8.14026266844231	0	1
-10.7670294162018	7.91177075424214	0	1
-10.961007035939	7.68291999036873	0	1
-11.1547900710472	7.45390468258159	0	1
-11.3494952002556	7.22567253651555	0	1
-11.5445116647329	6.9977098422928	0	1
-11.7428333753727	6.77261329160439	0	1
-11.941715735044	6.54801190990566	0	1
-12.1409372855051	6.32371154416613	0	1
-12.3393634591484	6.09870734792874	0	1
-12.5386732349338	5.87448620436576	0	1
-12.7360529706408	5.64856397503684	0	1
-12.9322392625333	5.42161118871654	0	1
-13.1327301358615	5.19845128673035	0	1
-13.328889223108	4.97146840481558	0	1
-13.5268018056427	4.74601317310495	0	1
-13.7262823091325	4.52194742058552	0	1
-13.9223662871362	4.29490225829315	0	1
-14.1213958094089	4.07043421284444	0	1
-14.3173609541419	3.84328347976014	0	1
-14.5121243441292	3.61510109221669	0	1
-14.7065059201817	3.38659333071361	0	1
-14.90071965316	3.15794292362058	0	1
-15.0952172983203	2.9295340695929	0	1
-15.2890828304399	2.70058832519197	0	1
-15.4830876092626	2.4717606182137	0	1
-15.6774778063115	2.24326022831332	0	1
-15.8714112562426	2.01437218324893	0	1
-16.0646853668848	1.78492717271694	0	1
-16.2583105829526	1.55578829042226	0	1
-16.4467258940637	1.32234428583069	0	1
-16.6400401550287	1.09293294789132	0	1
-16.8325722817177	0.862868521378892	0	1
-17.0216699049105	0.629969217194564	0	1
-17.2107143703914	0.397028326653408	0	1
-17.397436755051	0.162220619934046	0	1
-17.5835176962082	-0.0730949257947781	0	1
-17.7714587571361	-0.306928476230049	0	1
-17.9597011439862	-0.540518806292114	0	1
-18.1462513317068	-0.775463025197641	0	1
-18.3316118009535	-1.01134709996559	0	1
-18.5179188149143	-1.24648267963556	0	1
-18.7017969683796	-1.48352366209771	0	1
-18.8870326257129	-1.71950264693367	0	1
-19.069197315679	-1.95785933607928	0	1
-19.2549616111681	-2.19342375493908	0	1
-19.4383864805153	-2.43081228589353	0	1
-19.6251418522122	-2.66558824994887	0	1
-19.8080088486573	-2.90340466662677	0	1
-19.9952728692834	-3.1377798571846	0	1
-20.1807701020745	-3.3735568201861	0	1
-20.3661726435749	-3.60940817080422	0	1
-20.551095945618	-3.84563550946513	0	1
-20.7365786967821	-4.08142201746135	0	1
-20.9239495073865	-4.31570189560321	0	1
-21.1053780076319	-4.55462380947313	0	1
-21.2869357593259	-4.79343880065684	0	1
-21.4733799096872	-5.0284594777927	0	1
-21.6545987209876	-5.26754023948992	0	1
-21.8349452973306	-5.50727964162317	0	1
-22.0166900939725	-5.74595395447325	0	1
-22.2028026322821	-5.98123774116237	0	1
-22.3839630857347	-6.22036290684268	0	1
-22.5660218957619	-6.45880071784253	0	1
-22.7515954608658	-6.69451635014435	0	1
-22.9353485432955	-6.93165388129793	0	1
-23.120893098356	-7.16739185124526	0	1
-23.3039416562014	-7.40507428261787	0	1
-23.4860611061208	-7.64346173317392	0	1
-23.6732868815387	-7.8778683620399	0	1
-23.8597333886516	-8.11289295501139	0	1
-24.0437005352392	-8.34986269503147	0	1
-24.2306713118265	-8.5844725511468	0	1
-24.4167174337529	-8.81981654094696	0	1
-24.6037778053156	-9.05434733225235	0	1
-24.7954107064126	-9.28516071812437	0	1
-24.9837619345971	-9.51866028165123	0	1
-25.1755390215422	-9.7493581171493	0	1
-25.3675512983416	-9.9798550975588	0	1
-25.5561279465878	-10.213166561983	0	1
-25.750109918543	-10.4420136598352	0	1
-25.9441546487232	-10.6708070579509	0	1
-26.1398063476365	-10.898220588903	0	1
-26.3396785179806	-11.1219356900645	0	1
-26.5357814224007	-11.3489656658035	0	1
-26.7343809938998	-11.5738171887151	0	1
-26.9325313798111	-11.7990604631927	0	1
-27.1272764427153	-12.0272585194806	0	1
-27.3218084538943	-12.2556382394206	0	1
-27.5169021985051	-12.4835266498109	0	1
-27.7172028210974	-12.7068561484157	0	1
-27.9128577153861	-12.9342746170782	0	1
-28.1086959869267	-13.1615313585613	0	1
-28.3075585773519	-13.3861483707356	0	1
-28.5039992765734	-13.6128875916972	0	1
-28.6989687783718	-13.8408938635071	0	1
-28.8943223744002	-14.0685710250309	0	1
-29.0888858061066	-14.2969237240402	0	1
-29.28260190746	-14.525995921968	0	1
-29.4762705252919	-14.7551082616104	0	1
-29.669279298191	-14.984765464832	0	1
-29.8569446069894	-15.218815126647	0	1
-30.0481986565291	-15.4499412915616	0	1
-30.2358951721875	-15.6839621828783	0	1
-30.4287690296824	-15.9137439791656	0	1
-30.6217519864957	-16.1434341368553	0	1
-30.815062859124	-16.3728481429375	0	1
-31.009239128377	-16.6015304023493	0	1
-31.2034557620594	-16.8301783594869	0	1
-31.397502515691	-17.0589702210992	0	1
-31.5925519519102	-17.2869079713395	0	1
-31.7887542441624	-17.5138485251242	0	1
-31.9887764041403	-17.7374346373563	0	1
-32.1875036081115	-17.9621715287791	0	1
-32.3881695068415	-18.1851781061778	0	1
-32.5864097317004	-18.4103430071587	0	1
-32.7877528059053	-18.6327410223806	0	1
-32.9892632930246	-18.8549750471926	0	1
-33.1855984618635	-19.0817954488082	0	1
-33.3873233190981	-19.303847416996	0	1
-33.589184625358	-19.5257711608464	0	1
-33.794101772364	-19.744879247698	0	1
-33.9974911699752	-19.9654032758014	0	1
-34.203834127516	-20.1831667920384	0	1
-34.4074080036083	-20.4035224686469	0	1
-34.6134869241787	-20.6215392178143	0	1
-34.8205377080678	-20.838633603986	0	1
-35.0271639397205	-21.0561257256062	0	1
-35.2302885074335	-21.2768907073595	0	1
-35.4376939564922	-21.4936460750779	0	1
-35.6458774950993	-21.709654128066	0	1
-35.8548224354244	-21.9249257256772	0	1
-36.062936510915	-22.1410008157262	0	1
-36.2717306984346	-22.3564189840463	0	1
-36.4806872850133	-22.5716782515841	0	1
-36.6909506608962	-22.7856528481327	0	1
-36.8966749969944	-23.0040031113642	0	1
-37.1043274499733	-23.2205219765218	0	1
-37.3124534506727	-23.4365857729059	1	1
-37.5206435615877	-23.6525875396517	1	1
-37.7280462911522	-23.8693457151567	1	1
-37.9353684302889	-24.0861809761625	1	1
-38.1423649111588	-24.3033233495463	1	1
-38.346601080932	-24.5230654986578	1	1
-38.553208862817	-24.7405812956206	1	1
-38.760494815357	-24.9574509806522	1	1
-38.9666920351192	-25.1753469594815	1	1
-39.1683006639939	-25.3975038998366	1	1
-39.3704681045873	-25.6191368486869	1	1
-39.5661536255118	-25.8465284174278	1	1
-39.760419065591	-26.0751332832736	1	1
-39.9516095772062	-26.3062844697987	1	1
-40.1322669070969	-26.5457696443547	1	1
-40.3039996157192	-26.7917290031845	1	1
-40.4657562304273	-27.0443618410767	1	1
-40.6178727869905	-27.3029289566895	1	1
-40.7632534356485	-27.565292858836	1	1
-40.8927735131379	-27.8358856825948	1	1
-41.0157279098938	-28.1095183862648	1	1
-41.1291966074629	-28.3871780349415	1	1
-41.2263497136858	-28.6710107180401	1	1
-41.320719058366	-28.9557540802962	1	1
-41.4029994860151	-29.2442495077754	1	1
-41.4812042813342	-29.5337762685609	1	1
-41.5358594595335	-29.8287553891383	1	1
-41.5882053770209	-30.1241287951926	1	1
-41.6276721366514	-30.4215028238501	1	1
-41.6552476920616	-30.7201962007206	1	1
-41.6679803777992	-31.0199253380954	1	1
-41.67726068649	-31.319735994746	1	1
-41.6701721373028	-31.6196520941436	1	1
-41.6625841275003	-31.9195231419461	1	1
-41.6404018048922	-32.2186943619864	1	1
-41.610929272671	-32.5172359157383	1	1
-41.5743440959065	-32.8149895775499	1	1
-41.5313664117185	-33.1118951468518	1	1
-41.4873957602766	-33.4086342785848	1	1
-41.4316895285541	-33.7034043301646	1	1
-41.3670293205838	-33.9963465892867	1	1
-41.2963692012004	-34.2879064389699	1	1
-41.2244518053363	-34.5791356676446	1	1
-41.141316412688	-34.8673858112032	1	1
-41.0552744849798	-35.1547594947228	1	1
-40.9582523956665	-35.4386365584818	1	1
-40.8579203984909	-35.7213346893986	1	1
-40.7461024786887	-35.9997168415313	1	1
-40.6312885725782	-36.2767967009475	1	1
-40.4974216551636	-36.5452728192578	1	1
-40.3617053746288	-36.8128125919948	1	1
-40.219996635017	-37.0772187435467	1	1
-40.0697188760596	-37.3368460564923	1	1
-39.910780843664	-37.5912834180256	1	1
-39.7491784361562	-37.8440009432338	1	1
-39.5764069825363	-38.0892555202025	1	1
-39.4012658977318	-38.3327803314279	1	1
-39.2140441541403	-38.567172534516	1	1
-39.0197038457799	-38.7957129144763	1	1
-38.8225822332642	-39.0218581051625	1	1
-38.621786876868	-39.2447172644428	1	1
-38.4116142278455	-39.4587706612149	1	1
-38.1955263456584	-39.6668631136763	1	1
-37.9830261423575	-39.8786165909665	1	1
-37.7665297288384	-40.0862864263301	1	1
-37.553037095266	-40.2970414852848	1	1
-37.3357568364174	-40.503897150367	1	1
-37.1189070910522	-40.7112035672126	1	1
-36.902484060533	-40.9189382331857	1	1
-36.6805087032827	-41.1207465623435	1	1
-36.4590433056834	-41.3230902190512	1	1
-36.2308589798428	-41.5178471119269	1	1
-35.9996230985164	-41.7089591021122	1	1
-35.7633636245071	-41.8938367548093	1	1
-35.5240237880576	-42.0746836249178	1	1
-35.2782180995643	-42.2466466047269	1	1
-35.0273329282535	-42.4111336362548	1	1
-34.7746124819076	-42.572763083021	1	1
-34.5169626569674	-42.7264293702653	1	1
-34.2558868860528	-42.874150978088	1	1
-33.9885258397333	-43.0102262900347	1	1
-33.7191779651032	-43.1423172894908	1	1
-33.4468797841133	-43.2681886167703	1	1
-33.1703378229437	-43.3844550602257	1	1
-32.8906544269457	-43.4929656532764	1	1
-32.6089455242895	-43.5960859153623	1	1
-32.324244253696	-43.6905469195984	1	1
-32.0350471020599	-43.770254655198	1	1
-31.7430534471964	-43.8390411930968	1	1
-31.4490602662787	-43.8987367340397	1	1
-31.1535930903779	-43.9504106565684	1	1
-30.8556123586824	-43.9850269537153	1	1
-30.5566103331265	-44.0090584119772	1	1
-30.2567775115481	-44.0181417926866	1	1
-29.9568385292391	-44.0133236460408	1	1
-29.6573751871712	-43.9959818705433	1	1
-29.3591892797018	-43.9633753609401	1	1
-29.0630856864453	-43.9153783966485	1	1
-28.7696919809925	-43.8529567457828	1	1
-28.4799754068097	-43.775168228695	1	1
-28.1937606890656	-43.6853983121504	1	1
-27.9123074066796	-43.5815699540555	1	1
-27.6331644418116	-43.4716849897017	1	1
-27.3566440301108	-43.3553531189445	1	1
-27.083024496239	-43.2324453204351	1	1
-26.8162275515134	-43.0952716855026	0	1
-26.5522207850678	-42.9528222521613	0	1
-26.2926635567014	-42.8023936096959	0	1
-26.0355111388438	-42.6479367011993	0	1
-25.7849221522053	-42.4830046919013	0	1
-25.537336798943	-42.3135985207526	0	1
-25.2933543320917	-42.1390635959597	0	1
-25.0553178702093	-41.9564816198788	0	1
-24.8206480972114	-41.7696004037497	0	1
-24.5906657335418	-41.5769700592967	0	1
-24.3632855679123	-41.3812714407783	0	1
-24.1369705641843	-41.1843412201029	0	1
-23.9111803034209	-40.9868333829655	0	1
-23.6917859130527	-40.782225654592	0	1
-23.4757473786242	-40.5740910568704	0	1
-23.2656837304812	-40.3599151666726	0	1
-23.0589443218862	-40.1425289743678	0	1
-22.85543081581	-39.9221157527852	0	1
-22.6537465042331	-39.7000445983837	0	1
-22.4584620974066	-39.4723093013785	0	1
-22.2649522373334	-39.2430628643817	0	1
-22.071952800563	-39.0134009535663	0	1
-21.8842017628689	-38.7794270933971	0	1
-21.6911170420311	-38.5498232389412	0	1
-21.5003654910329	-38.3183057508439	0	1