2.66700000000128	-5.26949999999488	0	1
2.85994802243541	-5.039780473968	0	1
3.05391897015773	-4.81092403131865	0	1
3.24367591274115	-4.57856159320229	0	1
3.43402752333673	-4.34668606604616	0	1
3.62726796929497	-4.11721247364552	0	1
3.8195838247181	-3.88696348703909	0	1
4.00670856298981	-3.65247619866429	0	1
4.20064671091209	-3.42359196030594	0	1
4.39411914685217	-3.19431392718147	0	1
4.58783498467011	-2.96524150605297	0	1
4.78179098242502	-2.73637239297474	0	1
4.97586506448183	-2.50760340408076	0	1
5.17057002481997	-2.27937111368936	0	1
5.36548186442957	-2.05131547466171	0	1
5.56092996460527	-1.82371925310903	0	1
5.75611113628442	-1.59589410832998	0	1
5.95495084083264	-1.37125492421837	0	1
6.15105143721769	-1.14422066905107	0	1
6.34557705691312	-0.915835509187121	0	1
6.53881283896281	-0.68635803704101	0	1
6.7277628511171	-0.453339112252277	0	1
6.92367511465994	-0.226142324824664	0	1
7.12115066625086	-0.000303004895574402	0	1
7.31673441242588	0.227176656585325	0	1
7.51323342353705	0.453865799792189	0	1
7.71827017272439	0.672863263170935	0	1
7.91910405532609	0.895721383343634	0	1
8.12187987340647	1.11681404916881	0	1
8.32515672621274	1.33744609071446	0	1
8.52565368492272	1.56060724741173	0	1
8.73070283890838	1.77959305126087	0	1
8.93142306455297	2.00255356226784	0	1
9.1328114429477	2.224910580794	0	1
9.33867320076027	2.44313257712084	0	1
9.53951175086667	2.66598650090002	0	1
9.74151389648416	2.88778625895813	0	1
9.94316598396333	3.10990402085344	0	1
10.1393338780227	3.33687995279256	0	1
10.3398036260311	3.56006535664094	0	1
10.534495641879	3.78830868813948	0	1
10.72954623329	4.01624566638773	0	1
10.9241963482599	4.24452473289751	0	1
11.119184911806	4.47251476499539	0	1
11.3130948157714	4.70142293206197	0	1
11.5072110723696	4.93015613652389	0	1
11.7014753530297	5.15876363689048	0	1
11.8956497976579	5.38744744343566	0	1
12.0892222065415	5.61664106706101	0	1
12.2838763812489	5.84491666849112	0	1
12.4778646106008	6.07375845824873	0	1
12.6725311450168	6.3020235225088	0	1
12.8667786786566	6.53064525107934	0	1
13.0614633598986	6.75889481910829	0	1
13.2547082279932	6.98836468396915	0	1
13.4486197574224	7.21727145337904	0	1
13.6410684477663	7.44740920040051	0	1
13.8284054929838	7.6817268692922	0	1
14.0193455552925	7.9131178643969	0	1
14.2056984288646	8.14821913205313	0	1
14.3917547802844	8.38355508508961	0	1
14.5799168642189	8.61721087280148	0	1
14.7687950258608	8.85028760440686	0	1
14.9507015657553	9.08884549760907	0	1
15.1376123012542	9.32350311089719	0	1
15.3189487192556	9.56249492308211	0	1
15.5020260256081	9.80015569888326	0	1
15.6881318004528	10.0354525425525	0	1
15.8718705685886	10.2726022767731	0	1
16.0588450211704	10.5072094508072	0	1
16.2478135633018	10.7402135056038	0	1
16.4365160209658	10.9734330952187	0	1
16.6260619696545	11.2059676578842	0	1
16.8144288104604	11.4394582542039	0	1
16.999709827713	11.6754051461324	0	1
17.1860497330272	11.9105166452209	0	1
17.3740202995891	12.144326079985	0	1
17.5569419007417	12.3821063772895	0	1
17.7449793816382	12.6158624559548	0	1
17.9325976021444	12.8499551192852	0	1
18.1184314826674	13.0854668282515	0	1
18.3036215286954	13.3214851339227	0	1
18.4896251340137	13.5568627698105	0	1
18.6739093341467	13.7935888276532	0	1
18.854896617467	14.0328445616795	0	1
19.0413754726408	14.2678452797058	0	1
19.2223801345937	14.5070884570924	0	1
19.4046632455892	14.7453566519571	0	1
19.5973588285075	14.9752873715412	0	1
19.7849795876582	15.2093774754716	0	1
19.9776279335019	15.439348310196	0	1
20.1685969718398	15.6707153511147	0	1
20.3562543944465	15.9047766305523	0	1
20.5430343144662	16.1395380328264	0	1
20.7352806934436	16.3698443853545	0	1
20.922326754751	16.6043936903482	0	1
21.1151509956757	16.8342169839773	0	1
21.3056055649094	17.0660078095336	0	1
21.4936085202825	17.2997915134506	0	1
21.6792085129193	17.5354875853738	0	1
21.8654011849733	17.7707156584631	0	1
22.0497409904109	18.0073985469443	0	1
22.2360337452348	18.2425473005556	0	1
22.4247203204851	18.4757797515184	0	1
22.6135165693877	18.708923412976	0	1
22.803158328936	18.94137986607	0	1
22.9926149174635	19.1739872588666	0	1
23.1816494327435	19.4069366241374	0	1
23.3644601066094	19.6448019779921	0	1
23.5521639922909	19.8788259985555	0	1
23.7406379914816	20.1122300397177	0	1
23.9264361896552	20.3477699059371	0	1
24.1125052171117	20.5830958050486	0	1
24.3001596237418	20.8171595200076	0	1
24.4880120146898	21.0510632452617	0	1
24.6701182246792	21.2894676927906	0	1
24.8586436264866	21.5228303511476	0	1
25.0455350762509	21.7575036421313	0	1
25.2310348891128	21.9932784989433	0	1
25.41802595655	22.2278723860174	0	1
25.6066356522483	22.4611654198658	0	1
25.7887255533844	22.699582407926	0	1
25.976765771531	22.9333362597857	0	1
26.1639011322323	23.1678145858737	0	1
26.3471432870744	23.4053479549091	0	1
26.5338337948612	23.6401811636999	0	1
26.7195200975881	23.8758092497772	0	1
26.9055268601042	24.1111843996551	0	1
27.0904282362193	24.3474289098276	0	1
27.2761700979902	24.5830130155368	0	1
27.4639978744968	24.8169363543274	0	1
27.6463380186641	25.0551622466228	0	1
27.8336694134262	25.2894833063898	0	1
28.0155723016241	25.5280431887586	0	1
28.2025688957769	25.7626312634705	0	1
28.3835754159284	26.0018730629677	0	1
28.5643527484825	26.2412880907218	0	1
28.7452851444747	26.480585935015	0	1
28.9255079407201	26.7204186749937	0	1
29.105895026529	26.9601278678252	0	1
29.2860299781921	27.2000248172238	0	1
29.4726712726697	27.4348957676714	0	1
29.6535716597503	27.6742178130479	0	1
29.8351884695207	27.9129957389294	0	1
30.0215197835126	28.1481132789014	0	1
30.2120952815214	28.3798045616598	0	1
30.4001897811994	28.6135146866605	0	1
30.5870433452307	28.8482168214744	0	1
30.7792943799581	29.0785185855224	0	1
30.9662230785308	29.313160723658	0	1
31.1588944956309	29.5431122715838	0	1
31.3521835959007	29.7725436437136	0	1
31.5404595865555	30.0061073303765	0	1
31.73131073729	30.2375711688668	0	1
31.9183948715638	30.4720900486827	0	1
32.1098323436427	30.7030693180051	0	1
32.3046636832861	30.9311937148267	0	1
32.4989109937398	31.1598155203202	0	1
32.6945617984145	31.3872357610988	0	1
32.8843570663456	31.6195667352083	0	1
33.0723299732474	31.8533746060987	0	1
33.2585957161759	32.0885448560187	0	1
33.443827536837	32.3245299813735	0	1
33.6319364654354	32.5582285636118	0	1
33.8203467747392	32.7916824419354	0	1
34.0029060719167	33.0297399902958	0	1
34.1908816029014	33.2635457870931	0	1
34.3774141433527	33.4985044034044	0	1
34.5624068930155	33.7346771883736	0	1
34.7494225208191	33.9692514435137	0	1
34.9381266533016	34.2024695975445	0	1
35.1255208692511	34.436741635953	0	1
35.312049192083	34.6717036852984	0	1
35.4994593384741	34.9059630222413	0	1
35.6867225456189	35.1403381094024	0	1
35.8684982367147	35.3789939708915	0	1
36.0563229964253	35.6129195188892	0	1
36.239091733465	35.8508160229777	0	1
36.4274976437581	36.0842752147098	0	1
36.6150474600973	36.3184226286486	0	1
36.8012626419271	36.5536313672528	0	1
36.992616452076	36.7846791710518	0	1
37.1792018444766	37.019595946405	0	1
37.3658724106545	37.2544434137018	0	1
37.5576607289004	37.4851304906891	0	1
37.744451756559	37.7198837340433	0	1
37.932115603358	37.9539378411925	0	1
38.1140323132222	38.192486056461	0	1
38.3020061262427	38.426291355835	0	1
38.4843517666274	38.664512565738	0	1
38.6716718318765	38.8988429246832	0	1
38.8549937231016	39.1363142239176	0	1
39.0423586860313	39.3706096199764	0	1
39.2307346325554	39.6040902024204	0	1
39.4125193204314	39.8427390728419	0	1
39.6002391882641	40.0767501276339	0	1
39.7863458205928	40.3120463582852	0	1
39.9720605142696	40.5476519530882	0	1
40.1590776139166	40.7822245860272	0	1
40.3430991434667	41.0191544840291	0	1
40.5303130983125	41.2535699060476	0	1
40.7208777803112	41.4852699451263	0	1
40.9137884706494	41.7150189695388	0	1
41.1016510795726	41.9489137566883	0	1
41.2947052653941	42.1785440529524	0	1
41.4882593955724	42.4077531225164	0	1
41.6815984465214	42.637143459562	0	1
41.8733109890584	42.8678949742447	0	1
42.0639894684021	43.099501024692	0	1
42.2579324095522	43.3283812018903	0	1
42.4518946956705	43.5572448749997	0	1
42.6445151365041	43.7872367804557	0	1
42.8314699706762	44.0218577715105	0	1
43.0234851333365	44.2523554420751	0	1
43.2101083636604	44.4872394516037	0	1
43.402806799748	44.7171660579315	0	1
43.589950626673	44.9516360154108	0	1
43.7826183419445	45.1815906560751	0	1
43.9745530301438	45.4121564782446	0	1
44.1628152889699	45.6457299672778	0	1
44.3557589363034	45.8754531645107	0	1
44.5483782366661	46.1054462755059	0	1
44.7356349876713	46.3398282475088	0	1
44.9226979336596	46.574363744056	0	1
45.1057252101794	46.8120625849612	0	1
45.2915465729592	47.0475826047943	0	1
45.4727425490256	47.2866794212906	0	1
45.6585718559595	47.5221942489231	0	1
45.8417223070758	47.7597984821047	0	1
46.0228608337456	47.9989401003999	0	1
46.2059335669282	48.2366043313786	0	1
46.390535699283	48.4730818493038	0	1
46.5715544386402	48.7123143980385	0	1
46.7522250745858	48.9518098935073	0	1
46.9319799463714	49.191993517357	0	1
47.1123287661319	49.4317313991967	0	1
47.2913288895375	49.672476226684	0	1
47.4652360551132	49.9169258391818	0	1
47.6437233282395	50.1580528910684	0	1
47.823278836713	50.3983856170104	0	1
48.0029320268444	50.6386452887072	0	1
48.1833799007899	50.8783087288821	0	1
48.3637524825939	51.1180288316284	0	1
48.5445656762229	51.3574154199377	0	1
48.7297087473693	51.5934705451051	0	1
48.9141183016263	51.8300989384617	0	1
49.1003628912333	52.0652859974046	0	1
49.2867931792364	52.3003235378061	4	1
49.4790969506708	52.5305522710924	4	1
49.690139396532	52.743761640826	4	1
49.9088949963456	52.9490565048093	4	1
50.1279958248103	53.1539828688706	4	1
50.3466868950268	53.3593448356297	4	1
50.5689756026816	53.560808265944	4	1
50.7892257020235	53.7644989151769	4	1
51.0099503904136	53.967674979289	4	1
51.229302188314	54.1723326104413	4	1
51.4495806475163	54.3759926055735	4	1
51.6703093301778	54.5791628740983	4	1
51.894589485367	54.778406363569	4	1
52.1160644367118	54.9807626425406	4	1
52.3413248666496	55.1788977466288	4	1
52.5645247311212	55.3793512827614	4	1
52.7858788195293	55.5818403837519	4	1
53.0101975529078	55.7810367204366	4	1
53.2286340874915	55.9866698238886	4	1
53.4501288668456	56.1890062688214	4	1
53.6708526013253	56.3921821637029	4	1
53.8883817034233	56.598772544453	4	1
54.111129579601	56.7997282012318	4	1
54.3320001330193	57.0027453004487	4	1
54.5549940858848	57.2034282887839	4	1
54.7771762314125	57.4050096785332	4	1
54.9984629274514	57.6075724952251	4	1
55.2167390025625	57.8133770858803	4	1
55.4356522545987	58.018503369251	4	1
55.6527011860877	58.2256014514207	4	1
55.8714051922519	58.4309512493892	4	1
56.0906659889124	58.635706404751	4	1
56.3092409621115	58.8411931379966	4	1
56.5296168738913	59.0447475813285	4	1
56.749125074441	59.249237148697	4	1
56.9702350174748	59.4519907463606	4	1
57.1864077707293	59.6600026512361	4	1
57.4051442576453	59.8653156327052	4	1
57.6198134825278	60.0748786101297	4	1
57.8375155533695	60.2812899965198	4	1
58.0567667280794	60.486054026301	4	1
58.2727446070422	60.6942680699616	4	1
58.4915323856294	60.899526297346	4	1
58.7061857769608	61.1091054611383	4	1
58.9237484584709	61.3156620128294	4	1
59.1373332435174	61.5263311486856	4	1
59.3519299920681	61.7359694921401	4	1
59.5665801202949	61.9455529021037	4	1
59.7797372080132	62.1566547822329	4	1
59.9919732593047	62.36868200267	0	1
60.2066187431822	62.5782704419759	0	1
60.4210262965598	62.7881021086049	0	1
60.6337161263215	62.9996231670174	0	1
60.8252925644421	63.2304831744586	0	1
61.010232369935	63.4666974097822	0	1
61.1936497703816	63.7040956334433	0	1
61.3755104415638	63.9426857287312	0	1
61.5626834139101	64.1771298539277	0	1
61.7430365739043	64.4168645620395	0	1
61.923001467114	64.6568908798377	0	1
62.1030490139305	64.8968506065256	0	1
62.27634161847	65.1417344738178	0	1
62.4554650065095	65.3823894338512	1	1
62.6346264327299	65.6230129818111	1	1
62.8081551359572	65.8677325604969	1	1
62.9832247390583	66.1113521211831	1	1
63.1563729063431	66.3563388819646	1	1
63.3243174440111	66.6049237157104	1	1
63.4898263844798	66.8551313931534	1	1
63.6471212073498	67.1105884431773	1	1
63.8031515684897	67.3668085483834	1	1
63.9473661600562	67.6298713904325	1	1
64.0896711950206	67.8939601670885	1	1
64.2192819667563	68.1645170562415	1	1
64.3479193068375	68.4355317924217	1	1
64.4668369346899	68.7109512360571	1	1
64.5770846074572	68.9899572161302	1	1
64.6815721209572	69.2711683534452	1	1
64.7771196279119	69.5555352691536	1	1
64.8595679865247	69.8439833013245	1	1
64.9416688961138	70.1325284065247	1	1
65.017422592543	70.4227874689241	1	1
65.0751949965312	70.7171715784632	1	1
65.1294018805416	71.0122255218601	1	1
65.1714332590355	71.3092615633093	1	1
65.2036877798816	71.6075120589536	1	1
65.2219216414669	71.9069488850499	1	1
65.22767716222	72.2068891261825	1	1
65.2241716093806	72.5068607147242	1	1
65.2085318196901	72.8064421822253	1	1
65.1789717117907	73.1049710718936	1	1
65.1353396961704	73.401773436567	1	1
65.0801350538208	73.6966456441018	1	1
65.0158331727283	73.9896675103372	1	1
64.9416005373887	74.2803315311133	1	1
64.8570044266723	74.5681533874558	1	1
64.7646913068139	74.853586547297	1	1
64.659552503474	75.1345424645782	1	1
64.5394199456533	75.4094390070838	1	1
64.4174963304094	75.6835218346304	1	1
64.2783119587685	75.949272938343	1	1
64.1297683964186	76.2099122433924	1	1
63.9746529068311	76.4666890686459	1	1
63.809341252863	76.7170018718717	1	1
63.6272292773847	76.9553935835649	1	1
63.4361453617403	77.1866538057138	1	1
63.235775846967	77.4099285375167	1	1
63.0324319557768	77.6304764352843	1	1
62.8173539179095	77.8396105353865	1	1
62.594919436404	78.0409115001833	1	1
62.3691122545979	78.2384077882805	1	1
62.1350215935355	78.4260266351351	1	1
61.8982322396122	78.6102296425055	1	1
61.6607273256529	78.793509253306	1	1
61.4232138015211	78.9767773936506	1	1
61.1846667914964	79.1586985922152	1	1
60.9462429987099	79.3407812490597	1	1
60.7078938111909	79.522961416191	1	1
60.4688586142424	79.704240680092	1	1
60.2298790656125	79.8855907703379	1	1
59.9880224430093	80.0630882620389	1	1
59.7464264530033	80.240938376935	1	1
59.502284087717	80.4152780296346	1	1
59.2566920869427	80.5875626593702	1	1
59.0064340791954	80.7529999797299	1	1
58.7527824694902	80.9131842200633	1	1
58.4954681062712	81.0674206435452	1	1
58.2362694548498	81.2184589536632	1	1
57.9724470536917	81.3612789438712	1	1
57.7074575617402	81.5019148392398	1	1
57.4390158582268	81.6358445333319	1	1
57.1674152315016	81.7632385309125	1	1
56.8917168210691	81.8815156950255	1	1
56.6139979372097	81.9949406280453	1	1
56.3314994685745	82.0959053571167	1	1
56.0474249721629	82.1923112668319	1	1
55.7591283111863	82.2752596652874	1	1
55.4679715975906	82.3475302937614	1	1
55.1743233665598	82.4088997650508	1	1
54.8786442765358	82.4595979218304	1	1
54.5814728367878	82.5006396843176	1	1
54.2829841238094	82.530645423486	1	1
53.9836291820682	82.5501212028341	1	1
53.683695746422	82.5557539668116	1	1
53.3838564147573	82.5466066342083	1	1
53.0850996060649	82.5194760043709	1	1
52.7880264181691	82.4777799133081	1	1
52.4934147859874	82.4212283420031	1	1
52.2013645862363	82.3526625482799	1	1
51.9122395144794	82.2726600508227	1	1
51.6267356893301	82.180560471958	1	1
51.3449578073668	82.077617105525	1	1
51.0666780436739	81.9655501922536	1	1
50.7908242764053	81.8476707636824	1	1
50.5211753911738	81.7161930324048	1	1
50.2555617172738	81.5767494587512	1	1
49.9953884848023	81.427419937801	1	1
49.7436923532727	81.2642068948345	0	1
49.5010509013274	81.0877976287459	0	1
49.2649548577299	80.9027125947552	0	1
49.0333743694032	80.712003603904	0	1
48.8043251686316	80.5182691332878	0	1
48.5811805159462	80.317755887037	0	1
48.3612326246106	80.1137417255815	0	1
48.1447240675029	79.9060786790314	0	1
47.9274602932397	79.6992154507884	0	1
47.7167027279501	79.4857206639515	0	1
47.5024506626356	79.2757342538011	0	1
47.2926711565175	79.0612756812674	0	1
47.0838548618935	78.8458789514824	0	1
46.8752506739464	78.6302767883071	0	1
46.6667179883254	78.4146058721722	0	1
46.4596249597319	78.1975518065037	0	1
46.253098349255	77.9799634517531	0	1
46.0515026278449	77.7577943919751	0	1
45.8489806638173	77.5364692086099	0	1
45.6471484049382	77.3145196814871	0	1
45.4502455610701	77.0881844237029	0	1
45.2489339602847	76.8657580111979	0	1
45.0489237861921	76.6421604954255	0	1
44.8498922308503	76.4176912723308	0	1
44.6505820969999	76.1934694276482	0	1
44.4519141677545	75.9686782990789	0	1
44.2531567559408	75.7439668395488	0	1
44.0562306428979	75.5176488354905	0	1
43.8610484744386	75.2898248913832	0	1
43.6648791563069	75.0628672951496	0	1
43.4796553479146	74.8269354987311	0	1
43.3136352907438	74.5770609127424	0	1
43.1479765105754	74.3269518564014	0	1
42.9763894691404	74.0808668394249	0	1
42.805758199725	73.8341189753272	0	1
42.6377185096531	73.5855986606451	0	1
42.4717143597378	73.3357135011615	0	1
42.3051395682381	73.086208519209	0	1
42.1397854942178	72.835892737802	0	1
41.9754145352054	72.5849335351239	0	1
41.8157295884649	72.3309644724986	0	1
41.6535233777857	72.0785976178639	0	1
41.4900626453289	71.8270412893428	0	1
41.3267751672021	71.5753724697863	0	1
41.1632413821229	71.3238636254363	0	1
40.9998249115685	71.0722787520442	0	1
40.8352707960849	70.8214366611196	0	1
40.672465550819	70.5694566893281	0	1
40.5121742557941	70.3158720053297	0	1
40.3473528872358	70.0652050833724	0	1
40.1831839237941	69.8141143890031	0	1
40.0242668650211	69.5596632899958	0	1
39.8649655196688	69.3054529289526	0	1
39.7041401322124	69.0522036822028	0	1
39.5440687244368	68.798482478907	0	1
39.3897982880059	68.5411925834634	0	1
39.2298407486264	68.2873974423781	0	1
39.0746577515193	68.0306521801025	0	1
38.9204002281979	67.773354097565	0	1
38.7604958417116	67.5195223121522	0	1
38.6005255790674	67.2657376776031	0	1
38.4468934097125	67.0080615966844	0	1
38.2948220694847	66.7494612231963	0	1
38.141511342328	66.4915957951832	0	1
37.9920013405144	66.2315121186361	0	1
37.8360257101458	65.9752499329962	0	1
37.684257465332	65.7164712650739	0	1
37.5324312095775	65.4577267633094	0	1
37.3816200019958	65.1983892111046	0	1
37.2308951903852	64.9390073742881	0	1
37.0739730538094	64.6833261090439	0	1
36.9228927758511	64.4241452517413	0	1
36.7708647644383	64.1655227742259	0	1
36.6142869351109	63.9096392588394	0	1
36.4671359880568	63.6482144223079	0	1
36.3129988523053	63.390840261407	0	1
36.1609443197062	63.1322303332906	0	1
36.0107181277392	62.8725572329483	0	1
35.8536749611505	62.6170727953509	0	1
35.669673358964	62.3801278390052	0	1
35.4876626308056	62.1416536610175	0	1
35.3011798892731	61.9066588932952	0	1
35.1184716944469	61.6687204484065	0	1
34.9303049415462	61.4350688524238	0	1
34.7435892883305	61.2002556153964	0	1
34.5571037433216	60.9652597981127	0	1
34.3695730598292	60.731096947266	0	1
34.1822303473195	60.4967897733755	0	1
33.9999675106291	60.2585082911346	0	1
33.8133427955886	60.0236294885971	0	1
33.6323611784678	59.7843688606283	0	1
33.4508419558263	59.5455202525527	0	1
33.2648965063146	59.3100989059161	0	1
33.0823341385618	59.0720426358125	0	1
32.90125110402	58.8328590130198	0	1
32.7213258508914	58.5928029720416	0	1
32.5415351074802	58.3526463883727	0	1
32.3630475073792	58.111523087651	0	1
32.1885904871256	57.8674671745983	0	1
32.0101180342553	57.6263295251893	0	1
31.830101879815	57.3863417388822	0	1
31.6493605654179	57.146899576935	0	1
31.4676968329768	56.9081644205287	0	1
31.2798090819602	56.6742881108449	0	1
31.0912413614004	56.4409602857498	0	1
30.9041492136466	56.2064536511305	0	1
30.7117445197337	55.9762809878424	0	1
30.5223791786483	55.7435993030192	0	1
30.3330466500785	55.5108919746935	0	1
30.1456210015609	55.2766490755476	0	1
29.9542812078399	55.0455941956835	0	1
29.7680712884776	54.8103797557867	0	1
29.5822977458161	54.5748213766427	0	1
29.3944497366634	54.3409130180404	0	1
29.2064976801634	54.1070890222833	0	1
29.0205223591058	53.8716896626226	0	1
28.8361122385259	53.635063515966	0	1
28.6487298500869	53.4007823613115	0	1
28.4622915549743	53.1657562245529	0	1
28.2702443480038	52.9352835011297	0	1
28.079591522006	52.7036557673208	0	1
27.8896585467558	52.4714395916392	0	1
27.6965642053863	52.2418430875324	0	1
27.5041697571791	52.0116637608368	0	1
27.3156138047044	51.7783304256259	0	1
27.1224934168608	51.5487560212157	0	1
26.9283521195202	51.3200441331945	0	1
26.7337249313105	51.0917455475796	0	1
26.5394463527542	50.8631501982746	0	1
26.3452327891155	50.6344996423246	0	1
26.1514454250653	50.4054879355715	0	1
25.9585418203185	50.1757312197386	0	1
25.7652725762322	49.9462873207814	0	1
25.5765367002281	49.7130980593249	0	1
25.3840023683638	49.4830318113058	0	1
25.191003903161	49.25335749465	0	1
25.0013548687168	49.0209074420537	0	1
24.8101632201742	48.7897250739514	0	1
24.6169892236031	48.5601957919477	0	1
24.4250674348356	48.3296212078123	0	1
24.2363985819208	48.0963795140542	0	1
24.0431087904737	47.8669474993452	0	1
23.8500274831272	47.6373400975679	0	1
23.6562681431796	47.4083044804774	0	1
23.4624059978425	47.1793563453754	0	1
23.2701059080041	46.9490956284662	0	1
23.0800123237213	46.7170123831678	0	1
22.8859558119938	46.4882285827445	0	1
22.6924965567359	46.2589394451333	0	1
22.4987497509217	46.0298932460208	0	1
22.3046793213101	45.8011211965298	0	1
22.1109764571228	45.5720378467002	0	1
21.9168464071278	45.3433163629645	0	1
21.7224370467353	45.1148323147976	0	1
21.5274434503486	44.8868465805591	0	1
21.3325949293158	44.6587368399408	0	1
21.1378338560506	44.4305526364713	0	1
20.9440102237435	44.2015714719541	0	1
20.750625604442	43.9722194476849	0	1
20.5567402877373	43.7432907949628	0	1
20.3641655125384	43.5132593282262	0	1
20.1736277284595	43.2815368179086	0	1
19.9824525992906	43.0503404410482	0	1
19.7896321766399	42.8205138008373	0	1
19.597136890672	42.5904197690651	0	1
19.4088792073739	42.3568460452704	0	1
19.2159548655285	42.1271069116761	0	1
19.0220087992024	41.8982294738501	0	1
18.8286112104587	41.6688884790679	0	1
18.6343858733194	41.4402478994657	0	1
18.4403339133538	41.2114601479565	0	1
18.2461898951643	40.9827505435163	0	1
18.0526964728033	40.7534941024148	0	1
17.8629590493223	40.5211182647637	0	1
17.6699334780133	40.2914640553093	0	1
17.4760705349074	40.0625162058936	0	1
17.2812820998557	39.8343612424625	0	1
17.0818942078632	39.6102122399562	0	1
16.8863474846322	39.3827009795829	0	1
16.6917489654073	39.1543779276063	0	1
16.4971568216933	38.9260495984869	0	1
16.3033292766471	38.6970717180358	0	1
16.1091616128953	38.4683821513318	0	1
15.9149027739807	38.2397700770568	0	1
15.7201975497165	38.0115380117909	0	1
15.5254705371415	37.7833245379893	0	1
15.3305952915251	37.5552378171691	0	1
15.1345953395569	37.3281206997085	0	1
14.9348780094515	37.104263927119	0	1
14.7379651626356	36.8779381498946	0	1
14.5370189752362	36.6551812842726	0	1
14.3341330584524	36.4345274698825	0	1
14.0997797120637	36.2472454493316	4	1
13.8702712212293	36.054046795823	4	1
13.6415725635518	35.8598904639652	4	1
13.4118288083664	35.6669736071521	4	1
13.1841825121383	35.4715882873301	4	1
12.9535604254265	35.2797258266371	4	1
12.7266585888212	35.0834721768733	4	1
12.5004191701172	34.886455287067	4	1
12.2749240083847	34.688587366424	4	1
12.0507043049557	34.4892756061122	4	1
11.8280268318518	34.288241673786	4	1
11.6060304076943	34.0864569245753	4	1
11.3823281689931	33.8865642694968	4	1
11.1600210823005	33.6851229275338	4	1
10.9402352884775	33.4809314988433	4	1
10.7209592571565	33.2761942033341	4	1
10.4996617179095	33.0736422659759	4	1
10.2794765564204	32.8698864054809	4	1
10.062811145413	32.6623888664471	4	1
9.84397267876479	32.4571865717858	4	1
9.62845226034097	32.2484987588229	4	1
9.41176049676271	32.0410357845213	4	1
9.20007409554053	31.8284599912507	4	1
8.98656363262591	31.6177169167346	4	1
8.77106659708879	31.4090049422292	4	1
8.55681683741005	31.1990173076607	4	1
8.33891387223946	30.9928214606321	4	1
8.12409317356201	30.783414595823	4	1
7.90699366215294	30.5763697703512	4	1
7.69118053740272	30.3679838513749	4	1
7.47565365497212	30.1593029180793	4	1
7.2617135908834	29.9489954994315	4	1
7.04620493584407	29.7402963419837	4	1
6.83293960359512	29.5293042964634	4	1
6.62063373211587	29.3173550944491	4	1
6.40357416266908	29.1102729694745	4	1
6.1900909638546	28.8995035719342	4	1
5.97403238553334	28.6913762504425	4	1
5.76135579915517	28.479790177888	4	1
5.5482662959372	28.2686243911311	4	1
5.33189315310743	28.0608245096497	4	1
5.11941182890981	27.8490502436103	4	1
4.91367896399327	27.6308979007831	4	1
4.73290926079854	27.3914801642426	0	1
4.54869404832988	27.1547002417384	0	1
4.36507643609123	26.9174576152093	0	1
4.1831000027917	26.6789600016965	0	1
3.9959325826427	26.4445073604755	0	1
3.81035726621786	26.2087918498936	0	1
3.62471206276353	25.9731316373675	0	1
3.43777579549495	25.7384981100441	0	1
3.24725383764433	25.5067670022375	0	1
3.06081613751877	25.2717331148642	0	1
2.87491391616056	25.0362760954694	0	1
2.68764694062601	24.8019066165557	0	1
2.5041251373095	24.5645919353842	0	1
2.31703154486625	24.3300804557232	0	1
2.12840428245607	24.0968007461564	0	1
1.94147671282386	23.8621565259855	0	1
1.75565640676052	23.6266342510717	0	1
1.56927483094326	23.3915572934192	0	1
1.38514672125136	23.1547104873614	0	1
1.1993261250381	22.9191892067026	0	1
1.01523435210628	22.682313795776	0	1
0.829806750829257	22.4464824069154	0	1
0.645406782463589	22.2098466591607	0	1
0.460178269652518	21.9738633786874	0	1
0.279238987811188	21.7345708065866	0	1
0.0989010131071224	21.4948246899371	0	1
-0.0811373306445625	21.254853520083	0	1
-0.261632618179741	21.0152259000632	0	1
-0.441497326813991	20.7751245356908	0	1
-0.621774565308061	20.5353327151585	0	1
-0.802041429163001	20.2955331055607	0	1
-0.982940682552701	20.0562179803644	0	1
-1.16885898753632	19.8207795320837	0	1
-1.34975572234202	19.581454964623	0	1
-1.52964856419622	19.3413746408822	0	1
-1.70941893446449	19.1012026820392	0	1
-1.88988532697247	18.8615536071169	0	1
-2.07188106759013	18.6230663204848	0	1
-2.25715747155049	18.387115792646	0	1
-2.44276469380883	18.151426971633	0	1
-2.63081238435915	17.9176792910612	0	1
-2.81951356671618	17.6844597848015	0	1
-3.00601989778957	17.4494819745187	0	1
-3.19021125189903	17.212684944908	0	1
-3.37649105745146	16.9775283716309	0	1
-3.55995172761192	16.7401656765838	0	1
-3.74625751475534	16.5050275213912	0	1
-3.93140515944037	16.2689761982295	0	1
-4.11737058057236	16.0335692218529	0	1
-4.30168795631578	15.7968694765813	0	1
-4.48745536998233	15.5613061867998	0	1
-4.67154709889692	15.3244304114059	0	1
-4.85617673396294	15.08797821985	0	1
-5.03666598434125	14.8483459443868	0	1
-5.21732500757426	14.6088416387003	0	1
-5.39867479905725	14.3698699812002	0	1
-5.58593303408995	14.1354897768507	0	1
-5.77172137371463	13.8999422180591	0	1
-5.9569937982582	13.6639886065647	0	1
-6.14262269883912	13.4283153872131	0	1
-6.32789458135718	13.1923633446329	0	1
-6.51586995954184	12.9585573811207	0	1
-6.70411935080713	12.7249733216895	0	1
-6.89012431388249	12.4895968360121	0	1
-7.07551691318627	12.2537378094621	0	1
-7.26175194720868	12.0185432239549	0	1
-7.44771824294635	11.7831365046325	0	1
-7.63521350172883	11.5489486184706	0	1
-7.82620841643782	11.3176037468822	0	1
-8.01915868886864	11.087886533383	0	1
-8.21330204474258	10.8591763815477	0	1
-8.40791576940564	10.6308664836443	0	1
-8.60328810216324	10.4032052371634	0	1
-8.79885695446056	10.1757215513533	0	1
-8.99922855243597	9.95245398752715	0	1
-9.1953871533064	9.72547045523317	0	1
-9.39305882941468	9.49980368990566	0	1
-9.59231604518365	9.27553506443792	0	1
-9.79058576366081	9.05039262550227	0	1
-9.98858347381671	8.82501265014384	0	1
-10.1842064887228	8.59756722575309	0	1
-10.378590938334	8.36906194230961	0	1
-10.5726292574016	8.14026266844231	0	1
-10.7670294162018	7.91177075424214	0	1
-10.961007035939	7.68291999036873	0	1
-11.1547900710472	7.45390468258159	0	1
-11.3494952002556	7.22567253651555	0	1
-11.5445116647329	6.9977098422928	0	1
-11.7428333753727	6.77261329160439	0	1
-11.941715735044	6.54801190990566	0	1
-12.1409372855051	6.32371154416613	0	1
-12.3393634591484	6.09870734792874	0	1
-12.5386732349338	5.87448620436576	0	1
-12.7360529706408	5.64856397503684	0	1
-12.9322392625333	5.42161118871654	0	1
-13.1327301358615	5.19845128673035	0	1
-13.328889223108	4.97146840481558	0	1
-13.5268018056427	4.74601317310495	0	1
-13.7262823091325	4.52194742058552	0	1
-13.9223662871362	4.29490225829315	0	1
-14.1213958094089	4.07043421284444	0	1
-14.3173609541419	3.84328347976014	0	1
-14.5121243441292	3.61510109221669	0	1
-14.7065059201817	3.38659333071361	0	1
-14.90071965316	3.15794292362058	0	1
-15.0952172983203	2.9295340695929	0	1
-15.2890828304399	2.70058832519197	0	1
-15.4830876092626	2.4717606182137	0	1
-15.6774778063115	2.24326022831332	0	1
-15.8714112562426	2.01437218324893	0	1
-16.0646853668848	1.78492717271694	0	1
-16.2583105829526	1.55578829042226	0	1
-16.4467258940637	1.32234428583069	0	1
-16.6400401550287	1.09293294789132	0	1
-16.8325722817177	0.862868521378892	0	1
-17.0216699049105	0.629969217194564	0	1
-17.2107143703914	0.397028326653408	0	1
-17.397436755051	0.162220619934046	0	1
-17.5835176962082	-0.0730949257947781	0	1
-17.7714587571361	-0.306928476230049	0	1
-17.9597011439862	-0.540518806292114	0	1
-18.1462513317068	-0.775463025197641	0	1
-18.3316118009535	-1.01134709996559	0	1
-18.5179188149143	-1.24648267963556	0	1
-18.7017969683796	-1.48352366209771	0	1
-18.8870326257129	-1.71950264693367	0	1
-19.069197315679	-1.95785933607928	0	1
-19.2549616111681	-2.19342375493908	0	1
-19.4383864805153	-2.43081228589353	0	1
-19.6251418522122	-2.66558824994887	0	1
-19.8080088486573	-2.90340466662677	0	1
-19.9952728692834	-3.1377798571846	0	1
-20.1807701020745	-3.3735568201861	0	1
-20.3661726435749	-3.60940817080422	0	1
-20.551095945618	-3.84563550946513	0	1
-20.7365786967821	-4.08142201746135	0	1
-20.9239495073865	-4.31570189560321	0	1
-21.1053780076319	-4.55462380947313	0	1
-21.2869357593259	-4.79343880065684	0	1
-21.4733799096872	-5.0284594777927	0	1
-21.6545987209876	-5.26754023948992	0	1
-21.8349452973306	-5.50727964162317	0	1
-22.0166900939725	-5.74595395447325	0	1
-22.2028026322821	-5.98123774116237	0	1
-22.3839630857347	-6.22036290684268	0	1
-22.5660218957619	-6.45880071784253	0	1
-22.7515954608658	-6.69451635014435	0	1
-22.9353485432955	-6.93165388129793	0	1
-23.120893098356	-7.16739185124526	0	1
-23.3039416562014	-7.40507428261787	0	1
-23.4860611061208	-7.64346173317392	0	1
-23.6732868815387	-7.8778683620399	0	1
-23.8597333886516	-8.11289295501139	0	1
-24.0437005352392	-8.34986269503147	0	1
-24.2306713118265	-8.5844725511468	0	1
-24.4167174337529	-8.81981654094696	0	1
-24.6037778053156	-9.05434733225235	0	1
-24.7954107064126	-9.28516071812437	0	1
-24.9837619345971	-9.51866028165123	0	1
-25.1755390215422	-9.7493581171493	0	1
-25.3675512983416	-9.9798550975588	0	1
-25.5561279465878	-10.213166561983	0	1
-25.750109918543	-10.4420136598352	0	1
-25.9441546487232	-10.6708070579509	0	1
-26.1398063476365	-10.898220588903	0	1
-26.3396785179806	-11.1219356900645	0	1
-26.5357814224007	-11.3489656658035	0	1
-26.7343809938998	-11.5738171887151	0	1
-26.9325313798111	-11.7990604631927	0	1
-27.1272764427153	-12.0272585194806	0	1
-27.3218084538943	-12.2556382394206	0	1
-27.5169021985051	-12.4835266498109	0	1
-27.7172028210974	-12.7068561484157	0	1
-27.9128577153861	-12.9342746170782	0	1
-28.1086959869267	-13.1615313585613	0	1
-28.3075585773519	-13.3861483707356	0	1
-28.5039992765734	-13.6128875916972	0	1
-28.6989687783718	-13.8408938635071	0	1
-28.8943223744002	-14.0685710250309	0	1
-29.0888858061066	-14.2969237240402	0	1
-29.28260190746	-14.525995921968	0	1
-29.4762705252919	-14.7551082616104	0	1
-29.669279298191	-14.984765464832	0	1
-29.8569446069894	-15.218815126647	0	1
-30.0481986565291	-15.4499412915616	0	1
-30.2358951721875	-15.6839621828783	0	1
-30.4287690296824	-15.9137439791656	0	1
-30.6217519864957	-16.1434341368553	0	1
-30.815062859124	-16.3728481429375	0	1
-31.009239128377	-16.6015304023493	0	1
-31.2034557620594	-16.8301783594869	0	1
-31.397502515691	-17.0589702210992	0	1
-31.5925519519102	-17.2869079713395	0	1
-31.7887542441624	-17.5138485251242	0	1
-31.9887764041403	-17.7374346373563	0	1
-32.1875036081115	-17.9621715287791	0	1
-32.3881695068415	-18.1851781061778	0	1
-32.5864097317004	-18.4103430071587	0	1
-32.7877528059053	-18.6327410223806	0	1
-32.9892632930246	-18.8549750471926	0	1
-33.1855984618635	-19.0817954488082	0	1
-33.3873233190981	-19.303847416996	0	1
-33.589184625358	-19.5257711608464	0	1
-33.794101772364	-19.744879247698	0	1
-33.9974911699752	-19.9654032758014	0	1
-34.203834127516	-20.1831667920384	0	1
-34.4074080036083	-20.4035224686469	0	1
-34.6134869241787	-20.6215392178143	0	1
-34.8205377080678	-20.838633603986	0	1
-35.0271639397205	-21.0561257256062	0	1
-35.2302885074335	-21.2768907073595	0	1
-35.4376939564922	-21.4936460750779	0	1
-35.6458774950993	-21.709654128066	0	1
-35.8548224354244	-21.9249257256772	0	1
-36.062936510915	-22.1410008157262	0	1
-36.2717306984346	-22.3564189840463	0	1
-36.4806872850133	-22.5716782515841	0	1
-36.6909506608962	-22.7856528481327	0	1
-36.8966749969944	-23.0040031113642	0	1
-37.1043274499733	-23.2205219765218	0	1
-37.3124534506727	-23.4365857729059	0	1
-37.5206435615877	-23.6525875396517	1	1
-37.7280462911522	-23.8693457151567	1	1
-37.9353684302889	-24.0861809761625	1	1
-38.1423649111588	-24.3033233495463	1	1
-38.346601080932	-24.5230654986578	1	1
-38.553208862817	-24.7405812956206	1	1
-38.760494815357	-24.9574509806522	1	1
-38.9666920351192	-25.1753469594815	1	1
-39.1683006639939	-25.3975038998366	1	1
-39.3704681045873	-25.6191368486869	1	1
-39.5661536255118	-25.8465284174278	1	1
-39.760419065591	-26.0751332832736	1	1
-39.9516095772062	-26.3062844697987	1	1
-40.1322669070969	-26.5457696443547	1	1
-40.3039996157192	-26.7917290031845	1	1
-40.4657562304273	-27.0443618410767	1	1
-40.6178727869905	-27.3029289566895	1	1
-40.7632534356485	-27.565292858836	1	1
-40.8927735131379	-27.8358856825948	1	1
-41.0157279098938	-28.1095183862648	1	1
-41.1291966074629	-28.3871780349415	1	1
-41.2263497136858	-28.6710107180401	1	1
-41.320719058366	-28.9557540802962	1	1
-41.4029994860151	-29.2442495077754	1	1
-41.4812042813342	-29.5337762685609	1	1
-41.5358594595335	-29.8287553891383	1	1
-41.5882053770209	-30.1241287951926	1	1
-41.6276721366514	-30.4215028238501	1	1
-41.6552476920616	-30.7201962007206	1	1
-41.6679803777992	-31.0199253380954	1	1
-41.67726068649	-31.319735994746	1	1
-41.6701721373028	-31.6196520941436	1	1
-41.6625841275003	-31.9195231419461	1	1
-41.6404018048922	-32.2186943619864	1	1
-41.610929272671	-32.5172359157383	1	1
-41.5743440959065	-32.8149895775499	1	1
-41.5313664117185	-33.1118951468518	1	1
-41.4873957602766	-33.4086342785848	1	1
-41.4316895285541	-33.7034043301646	1	1
-41.3670293205838	-33.9963465892867	1	1
-41.2963692012004	-34.2879064389699	1	1
-41.2244518053363	-34.5791356676446	1	1
-41.141316412688	-34.8673858112032	1	1
-41.0552744849798	-35.1547594947228	1	1
-40.9582523956665	-35.4386365584818	1	1
-40.8579203984909	-35.7213346893986	1	1
-40.7461024786887	-35.9997168415313	1	1
-40.6312885725782	-36.2767967009475	1	1
-40.4974216551636	-36.5452728192578	1	1
-40.3617053746288	-36.8128125919948	1	1
-40.219996635017	-37.0772187435467	1	1
-40.0697188760596	-37.3368460564923	1	1
-39.910780843664	-37.5912834180256	1	1
-39.7491784361562	-37.8440009432338	1	1
-39.5764069825363	-38.0892555202025	1	1
-39.4012658977318	-38.3327803314279	1	1
-39.2140441541403	-38.567172534516	1	1
-39.0197038457799	-38.7957129144763	1	1
-38.8225822332642	-39.0218581051625	1	1
-38.621786876868	-39.2447172644428	1	1
-38.4116142278455	-39.4587706612149	1	1
-38.1955263456584	-39.6668631136763	1	1
-37.9830261423575	-39.8786165909665	1	1
-37.7665297288384	-40.0862864263301	1	1
-37.553037095266	-40.2970414852848	1	1
-37.3357568364174	-40.503897150367	1	1
-37.1189070910522	-40.7112035672126	1	1
-36.902484060533	-40.9189382331857	1	1
-36.6805087032827	-41.1207465623435	1	1
-36.4590433056834	-41.3230902190512	1	1
-36.2308589798428	-41.5178471119269	1	1
-35.9996230985164	-41.7089591021122	1	1
-35.7633636245071	-41.8938367548093	1	1
-35.5240237880576	-42.0746836249178	1	1
-35.2782180995643	-42.2466466047269	1	1
-35.0273329282535	-42.4111336362548	1	1
-34.7746124819076	-42.572763083021	1	1
-34.5169626569674	-42.7264293702653	1	1
-34.2558868860528	-42.874150978088	1	1
-33.9885258397333	-43.0102262900347	1	1
-33.7191779651032	-43.1423172894908	1	1
-33.4468797841133	-43.2681886167703	1	1
-33.1703378229437	-43.3844550602257	1	1
-32.8906544269457	-43.4929656532764	1	1
-32.6089455242895	-43.5960859153623	1	1
-32.324244253696	-43.6905469195984	1	1
-32.0350471020599	-43.770254655198	1	1
-31.7430534471964	-43.8390411930968	1	1
-31.4490602662787	-43.8987367340397	1	1
-31.1535930903779	-43.9504106565684	1	1
-30.8556123586824	-43.9850269537153	1	1
-30.5566103331265	-44.0090584119772	1	1
-30.2567775115481	-44.0181417926866	1	1
-29.9568385292391	-44.0133236460408	1	1
-29.6573751871712	-43.9959818705433	1	1
-29.3591892797018	-43.9633753609401	1	1
-29.0630856864453	-43.9153783966485	1	1
-28.7696919809925	-43.8529567457828	1	1
-28.4799754068097	-43.775168228695	1	1
-28.1937606890656	-43.6853983121504	1	1
-27.9123074066796	-43.5815699540555	1	1
-27.6331644418116	-43.4716849897017	1	1
-27.3566440301108	-43.3553531189445	1	1
-27.083024496239	-43.2324453204351	1	1
-26.8162275515134	-43.0952716855026	1	1
-26.5522207850678	-42.9528222521613	0	1
-26.2926635567014	-42.8023936096959	0	1
-26.0355111388438	-42.6479367011993	0	1
-25.7849221522053	-42.4830046919013	0	1
-25.537336798943	-42.3135985207526	0	1
-25.2933543320917	-42.1390635959597	0	1
-25.0553178702093	-41.9564816198788	0	1
-24.8206480972114	-41.7696004037497	0	1
-24.5906657335418	-41.5769700592967	0	1
-24.3632855679123	-41.3812714407783	0	1
-24.1369705641843	-41.1843412201029	0	1
-23.9111803034209	-40.9868333829655	0	1
-23.6917859130527	-40.782225654592	0	1
-23.4757473786242	-40.5740910568704	0	1
-23.2656837304812	-40.3599151666726	0	1
-23.0589443218862	-40.1425289743678	0	1
-22.85543081581	-39.9221157527852	0	1
-22.6537465042331	-39.7000445983837	0	1
-22.4584620974066	-39.4723093013785	0	1
-22.2649522373334	-39.2430628643817	0	1
-22.071952800563	-39.0134009535663	0	1
-21.8842017628689	-38.7794270933971	0	1
-21.6911170420311	-38.5498232389412	0	1
-21.5003654910329	-38.3183057508439	0	1
-21.3174561643334	-38.0805275489227	0	1
-21.1292125216875	-37.8469387833091	0	1
-20.9429056323887	-37.6118015362886	0	1
-20.757441392715	-37.3760003097557	0	1
-20.5698593030371	-37.141878733553	0	1
-20.3819168829272	-36.9080467933983	0	1
-20.1955310094686	-36.672975575468	0	1
-20.0125164708566	-36.4352680550911	0	1
-19.83456445191	-36.1939719376091	0	1
-19.6830010746289	-35.9350906010332	0	1
-19.5386142073587	-35.6721259913544	0	1
-19.3909428156504	-35.4109904999091	0	1
-19.2460070074503	-35.1483258978517	0	1
-19.0989742167462	-34.886830014034	0	1
-18.9549801869399	-34.6236469194089	0	1
-18.8118772558706	-34.3599871042824	0	1
-18.6629010935721	-34.0995916869458	0	1
-18.5126878145433	-33.8399082409447	0	1
-18.3640663652236	-33.5793100482333	0	1
-18.2135450379046	-33.3198133582155	0	1
-18.0577940987697	-33.0634132747392	0	1
-17.9037335713666	-32.8059946811777	0	1
-17.7469102524488	-32.5502493452151	0	1
-17.5879419223476	-32.2958302664972	0	1
-17.4299248745454	-32.040834648328	0	1
-17.2787486660314	-31.7817098171732	0	1
-17.1270794750645	-31.522873851222	0	1
-16.976726247675	-31.2632717832793	0	1
-16.8245752423856	-31.0047191078574	0	1
-16.6742423694056	-30.7451040692626	0	1
-16.523386569472	-30.4857925578963	0	1
-16.3726814417022	-30.226398500589	0	1
-16.2183187635976	-29.9691621152555	0	1
-16.066562476399	-29.7103820217702	0	1
-15.9109925564728	-29.4538736876251	0	1
-15.758444928122	-29.1955537354923	0	1
-15.6061542550817	-28.9370824733077	0	1
-15.4529213271638	-28.6791684230336	0	1
-15.300715834073	-28.4206585961208	0	1
-15.1538884172695	-28.1590571239036	0	1
-15.0019022966977	-27.9004311598972	0	1
-14.8585270006352	-27.6369113490527	0	1
-14.7130182549642	-27.3745624113905	0	1
-14.5689025782853	-27.1114457727593	0	1
-14.4257515091164	-26.8478060194233	0	1
-14.2789666191252	-26.5861696987252	0	1
-14.1308678485882	-26.3252823107059	0	1
-13.9870997782749	-26.0619934569164	0	1
-13.8353853676611	-25.8031842803544	0	1
-13.6819017650914	-25.545419339596	0	1
-13.5289700902301	-25.2873274924786	0	1
-13.3775484616469	-25.0283468975574	0	1
-13.2249630766586	-24.7700576960253	0	1
-13.0771839912227	-24.508982839142	0	1
-12.9266392425634	-24.2494904912053	0	1
-12.775791850747	-23.9901759872533	0	1
-12.6187680288797	-23.7348646525499	0	1
-12.4316886419607	-23.5003494145888	0	1
-12.2402827479481	-23.2693433892622	0	1
-12.0488768542241	-23.0383373636964	0	1
-11.8574709602103	-22.8073313383707	0	1
-11.6660650661572	-22.5763253130776	0	1
-11.4746591721052	-22.3453192877835	0	1
-11.2832532780794	-22.1143132624678	0	1
-11.0918473843933	-21.8833072368706	0	1
-10.9004414904076	-21.6523012115216	0	1
-10.7090355962926	-21.4212951862797	0	1
-10.5176297022284	-21.1902891609958	0	1
-10.3262238081762	-20.9592831357019	0	1
-10.1348179141499	-20.7282771103866	0	1
-9.94341202045849	-20.4972710847938	0	1
-9.75200612648053	-20.2662650594383	0	1
-9.56060023236533	-20.0352590341966	0	1
-9.36919433829836	-19.804253008915	0	1
-9.17778844427004	-19.5732469836014	0	1
-8.98638255057245	-19.3422409580136	0	1
-8.79497665660626	-19.1112349326485	0	1
-8.60357076253072	-18.8802289073739	0	1
-8.41216486843239	-18.6492228821183	0	1
-8.22075897441228	-18.4182168567979	0	1
-8.02935308069387	-18.1872108312274	0	1
-7.83794718673091	-17.9562048058596	0	1
-7.64654129267765	-17.7251987805666	0	1
-7.45513539860244	-17.4941927552918	0	1
-7.26372950450335	-17.2631867300368	0	1
-7.07232361046243	-17.0321807047335	0	1
-6.88091771675192	-16.8011746791565	0	1
-6.68951182279956	-16.5701686537799	0	1
-6.49810592873017	-16.3391626285003	0	1
-6.30670003466977	-16.1081566032132	0	1
-6.11529414061926	-15.8771505779179	0	1
-5.92388824689391	-15.6461445523532	0	1
-5.73248235292886	-15.415138526987	0	1
-5.54107645887049	-15.1841325016983	0	1
-5.3496705648015	-14.9531264764183	0	1
-5.15826467078107	-14.7221204510982	0	1
-4.96685877702194	-14.4911144255614	0	1
-4.7754528830511	-14.2601084002001	0	1
-4.5840469889952	-14.0291023749094	0	1
-4.39264109494347	-13.7980963496151	0	1
-4.20123520091281	-13.5670903243033	0	1
-4.00982930718	-13.3360842987448	0	1
-3.81842341320718	-13.1050782733851	0	1
-3.62701751912299	-12.8740722481178	0	1
-3.43561162506381	-12.6430662228297	0	1
-3.24420573103417	-12.4120601975171	0	1
-3.05279983730072	-12.1810541719591	0	1
-2.86139394336883	-11.9500481465655	0	1
-2.66998804926089	-11.7190421213178	0	1
-2.47858215518841	-11.4880360960407	0	1
-2.28717626113673	-11.2570300707464	0	1
-2.09577036710513	-11.0260240454354	0	1
-1.90436447336409	-10.7950180198836	0	1
-1.71295857943992	-10.5640119944838	0	1
-1.5215526853331	-10.3330059692351	0	1
-1.33014679125925	-10.1019999439591	0	1
-1.13874089724479	-9.87099391863399	0	1
-0.947335003488114	-9.63998789309526	0	1
-0.755929109567553	-9.40898186769238	0	1
-0.564523215511169	-9.17797584240196	0	1
-0.373117321406787	-8.94696981715132	0	1
-0.181711427367005	-8.71596379184715	0	1
0.00969446637944423	-8.48495776629991	0	1
0.201100360302179	-8.2539517408988	0	1
0.392506254362103	-8.02294571561131	0	1
0.583912148433563	-7.79193969033336	0	1
0.77531804252896	-7.56093366507524	0	1
0.966723936563617	-7.32992763976681	0	1
1.15812983033157	-7.09892161423748	0	1
1.34953572423916	-6.86791558882379	0	1
1.54094161829114	-6.63690956352972	0	1
1.73234751236209	-6.40590353825136	0	1
1.92375340642268	-6.17489751296439	0	1
2.11515930019988	-5.94389148744269	0	1
2.30656519410818	-5.71288546202955	0	1
2.49797108816681	-5.48187943674098	0	1
2.54799999999886	-5.42149999999674	0	1
