3.14023448279841	-2.2388827590039	0	1
3.32765517240114	-2.00467241398292	0	1
3.51507586209846	-1.77046206902014	0	1
3.70249655170119	-1.53625172399916	0	1
3.88991724139851	-1.30204137897817	0	1
4.07733793100124	-1.0678310340154	0	1
4.26475862069856	-0.833620689983945	0	1
4.45217931030129	-0.59941034502117	0	1
4.63959999999861	-0.365200000000186	0	1
4.82702068969957	-0.130989654979203	0	1
5.01444137929866	0.103220689983573	0	1
5.20186206899962	0.337431034015026	0	1
5.38928275859871	0.571641378977802	0	1
5.57670344829967	0.805851723998785	0	1
5.76412413789876	1.04006206901977	0	1
5.95154482759972	1.27427241398254	0	1
6.13896551719881	1.50848275900353	0	1
6.32638620689977	1.74269310297677	0	1
6.51380689649886	1.97690344799776	0	1
6.70122758619982	2.21111379301874	0	1
6.88864827590078	2.44532413798152	0	1
7.07606896549987	2.6795344830025	0	1
7.26348965520083	2.91374482802348	0	1
7.45091034479992	3.14795517199673	0	1
7.63833103450088	3.38216551701771	0	1
7.82575172409997	3.61637586198049	0	1
8.01317241380093	3.85058620700147	0	1
8.20059310340002	4.08479655202245	0	1
8.38801379310098	4.31900689698523	0	1
8.5754344827983	4.55321724101668	0	1
8.76285517240103	4.78742758597946	0	1
8.95027586209835	5.02163793100044	0	1
9.13769655170108	5.25584827602142	0	1
9.3251172413984	5.4900586209842	0	1
9.51253793100113	5.72426896600518	0	1
9.69995862069845	5.95847930997843	0	1
9.88737931030118	6.19268965499941	0	1
10.0747999999985	6.4269000000204	0	1
10.2622206896995	6.66111034498317	0	1
10.4496413792986	6.89532069000416	0	1
10.6370620689995	7.12953103502514	0	1
10.8244827585986	7.36374137899838	0	1
11.0119034482996	7.59795172401937	0	1
11.1993241378987	7.83216206898214	0	1
11.3867448275996	8.06637241400313	0	1
11.5741655171987	8.30058275902411	0	1
11.7615862068997	8.53479310299736	0	1
11.9490068966006	8.76900344801834	0	1
12.1364275861997	9.00321379298111	0	1
12.3238482759007	9.2374241380021	0	1
12.5112689654998	9.47163448302308	0	1
12.6986896552007	9.70584482798586	0	1
12.8861103447998	9.94005517201731	0	1
13.0735310345008	10.1742655169801	0	1
13.2609517240999	10.4084758620011	0	1
13.4483724138008	10.6426862070221	0	1
13.6357931033999	10.8768965519848	0	1
13.8232137931009	11.1111068970058	0	1
14.0106344827982	11.3453172409791	0	1
14.1980551724009	11.579527586	0	1
14.3854758620982	11.813737931021	0	1
14.572896551701	12.0479482759838	0	1
14.7603172413983	12.2821586210048	0	1
14.947737931001	12.5163689660258	0	1
15.1351586206983	12.750579309999	0	1
15.3225793103011	12.98478965502	0	1
15.5099999999984	13.2189999999828	0	1
15.6974206896994	13.4532103450038	0	1
15.8848413792985	13.6874206900247	0	1
16.0722620689994	13.9216310349875	0	1
16.2596827585985	14.155841379019	0	1
16.4471034482995	14.3900517239817	0	1
16.6345241378986	14.6242620690027	0	1
16.8219448275995	14.8584724140237	0	1
17.0093655171986	15.0926827589865	0	1
17.1967862068996	15.3268931030179	0	1
17.3842068966005	15.5611034479807	0	1
17.5716275861996	15.7953137930017	0	1
17.7590482759006	16.0295241380227	0	1
17.9464689654997	16.2637344829855	0	1
18.1338896552006	16.4979448280064	0	1
18.3213103447997	16.7321551719797	0	1
18.5087310345007	16.9663655170007	0	1
18.6961517240998	17.2005758620217	0	1
18.8835724138007	17.4347862069844	0	1
19.0709931033998	17.6689965520054	0	1
19.2584137931008	17.9032068970264	0	1
19.4458344828017	18.1374172409996	0	1
19.6332551724008	18.3716275860206	0	1
19.8206758621018	18.6058379309834	0	1
20.0080965517009	18.8400482760044	0	1
20.1955172413982	19.0742586210254	0	1
20.3829379310009	19.3084689659881	0	1
20.5703586206982	19.5426793100196	0	1
20.757779310301	19.7768896549824	0	1
20.9451999999983	20.0111000000034	0	1
21.1326206896993	20.2453103450243	0	1
21.3200413792983	20.4795206899871	0	1
21.5074620689993	20.7137310340186	0	1
21.6948827585984	20.9479413789813	0	1
21.8823034482994	21.1821517240023	0	1
22.0697241378984	21.4163620690233	0	1
22.2571448275994	21.6505724139861	0	1
22.4445655171985	21.8847827590071	0	1
22.6319862068995	22.1189931029803	0	1
22.8194068966004	22.3532034480013	0	1
23.0068275861995	22.5874137930223	0	1
23.1942482759005	22.8216241379851	0	1
23.3816689654996	23.055834483006	0	1
23.5690896552005	23.290044828027	0	1
23.7565103447996	23.5242551720003	0	1
23.9439310345006	23.7584655170212	0	1
24.1313517240997	23.992675861984	0	1
24.3187724138006	24.226886207005	0	1
24.5061931035016	24.461096552026	0	1
24.6936137931007	24.6953068969888	0	1
24.8810344828016	24.9295172410202	0	1
25.0684551724007	25.163727585983	0	1
25.2558758621017	25.397937931004	0	1
25.4432965517008	25.632148276025	0	1
25.6307172414017	25.8663586209877	0	1
25.8181379310008	26.1005689660087	0	1
26.0055586207018	26.334779309982	0	1
26.1929793103009	26.568989655003	0	1
26.3803999999982	26.8032000000239	0	1
26.5678206896991	27.0374103449867	0	1
26.7552413792982	27.2716206900077	0	1
26.9426620689992	27.5058310350287	0	1
27.1300827585983	27.7400413790019	0	1
27.3175034482992	27.9742517240229	0	1
27.5049241378983	28.2084620689857	0	1
27.6923448275993	28.4426724140067	0	1
27.8797655171984	28.6768827590276	0	1
28.0671862068994	28.9110931030009	0	1
28.2546068966003	29.1453034480219	0	1
28.4420275861994	29.3795137929847	0	1
28.6294482759004	29.6137241380056	0	1
28.8168689654995	29.8479344830266	0	1
29.0042896552004	30.0821448279894	0	1
29.1917103447995	30.3163551720208	0	1
29.3791310345005	30.5505655169836	0	1
29.5665517240996	30.7847758620046	0	1
29.7539724138005	31.0189862070256	0	1
29.9413931035015	31.2531965519884	0	1
30.1288137931006	31.4874068970094	0	1
30.3162344828015	31.7216172409826	0	1
30.5036551724006	31.9558275860036	0	1
30.6910758621016	32.1900379310246	0	1
30.8784965517007	32.4242482759873	0	1
31.0659172414016	32.6584586210083	0	1
31.2533379310007	32.8926689659711	0	1
31.4407586207017	33.1268793100026	0	1
31.6281793103008	33.3610896550235	0	1
31.8156000000017	33.5952999999863	0	1
32.003020689699	33.8295103450073	0	1
32.1904413793018	34.0637206900283	0	1
32.3778620689991	34.2979310349911	0	1
32.5652827585982	34.5321413790225	0	1
32.7527034482991	34.7663517239853	0	1
32.9401241378982	35.0005620690063	0	1
33.1275448275992	35.2347724140272	0	1
33.3149655171983	35.46898275899	0	1
33.5023862068992	35.7031931030215	0	1
33.6898068966002	35.9374034479843	0	1
33.8772275861993	36.1716137930052	0	1
34.0646482759003	36.4058241380262	0	1
34.2520689654993	36.640034482989	0	1
34.4394896552003	36.87424482801	0	1
34.6269103447994	37.1084551719832	0	1
34.8143310345004	37.3426655170042	0	1
35.0017517240994	37.5768758620252	0	1
35.1891724138004	37.811086206988	0	1
35.3765931035014	38.0452965520089	0	1
35.5640137931005	38.2795068969717	0	1
35.7514344828014	38.5137172410032	0	1
35.9388551724005	38.7479275860242	0	1
36.1262758621015	38.9821379309869	0	1
36.3136965517006	39.2163482760079	0	1
36.5011172414015	39.4505586210289	0	1
36.6885379310006	39.6847689659917	0	1
36.8759586207016	39.9189793100231	0	1
37.0633793103007	40.1531896549859	0	1
37.2508000000016	40.3874000000069	0	1
37.4382206896989	40.6216103450279	0	1
37.6256413793017	40.8558206899907	0	1
37.813062068999	41.0900310340221	0	1
38.0004827586017	41.3242413789849	0	1
38.187903448299	41.5584517240059	0	1
38.3753241379018	41.7926620690268	0	1
38.5627448275991	42.0268724139896	0	1
38.7501655171982	42.2610827590106	0	1
38.9375862068991	42.4952931029839	0	1
39.1250068966001	42.7295034480048	0	1
39.3124275861992	42.9637137930258	0	1
39.4998482759001	43.1979241379886	0	1
39.6872689654992	43.4321344830096	0	1
39.8746896552002	43.6663448279724	0	1
40.0621103447993	43.9005551720038	0	1
40.2495310345003	44.1347655170248	0	1
40.4369517240993	44.3689758619876	0	1
40.6243724138003	44.6031862070085	0	1
40.8117931035013	44.8373965519713	0	1
40.9992137931004	45.0716068969923	0	1
41.1866344828013	45.3058172410238	0	1
41.3740551724004	45.5400275859865	0	1
41.5614758621014	45.7742379310075	0	1
41.7488965517005	46.0084482760285	0	1
41.9363172414014	46.2426586209913	0	1
42.1237379310005	46.4768689660123	0	1
42.3111586207015	46.7110793099855	0	1
42.4985793103006	46.9452896550065	4	1
42.6860000000015	47.1795000000275	4	1
42.9056216216013	47.3812162160175	4	1
43.1252432432011	47.5829324320075	4	1
43.3448648648991	47.7846486489871	4	1
43.5644864864989	47.9863648649771	4	1
43.7841081080987	48.1880810810253	4	1
44.0037297296985	48.3897972970153	4	1
44.2233513514002	48.5915135139949	4	1
44.442972973	48.7932297299849	4	1
44.6625945945998	48.9949459459749	4	1
44.8822162161996	49.1966621620231	4	1
45.1018378377994	49.3983783780131	4	1
45.3214594595011	49.6000945949927	4	1
45.5410810811009	49.8018108109827	4	1
45.7607027027007	50.0035270269727	4	1
45.9803243243005	50.205243243021	4	1
46.1999459459003	50.406959459011	4	1
46.4195675675983	50.6086756759905	4	1
46.6391891892017	50.8103918919805	4	1
46.8588108108015	51.0121081080288	4	1
47.0784324324013	51.2138243240188	4	1
47.2980540540993	51.4155405409983	4	1
47.5176756756991	51.6172567569884	4	1
47.7372972972989	51.8189729729784	4	1
47.9569189188987	52.0206891890266	4	1
48.1765405404985	52.2224054050166	4	1
48.3961621622002	52.4241216219962	4	1
48.6157837838	52.6258378379862	4	1
48.8354054053998	52.8275540539762	4	1
49.0550270269996	53.0292702700244	4	1
49.2746486487013	53.2309864860144	4	1
49.4942702703011	53.432702702994	4	1
49.7138918919009	53.634418918984	4	1
49.9335135135007	53.836135134974	4	1
50.1531351351005	54.0378513510223	0	1
50.3727567567985	54.2395675680018	0	1
50.5923783783983	54.4412837839918	0	1
50.785963738701	54.6693290540134	0	1
50.9795490990982	54.8973743239767	0	1
51.1731344594991	55.1254195949878	0	1
51.3667198198018	55.3534648650093	0	1
51.5603051801991	55.5815101349726	0	1
51.7538905405017	55.8095554049942	0	1
51.947475900899	56.0376006760052	0	1
52.1410612612999	56.2656459460268	0	1
52.3346466215989	56.4936912159901	0	1
52.5282319819999	56.7217364860117	0	1
52.7218173422989	56.9497817570227	0	1
52.9154027026998	57.1778270269861	0	1
53.1089880631007	57.4058722970076	0	1
53.3025734233997	57.6339175680187	0	1
53.4961587838006	57.861962837982	0	1
53.6897441440997	58.0900081080035	0	1
53.8833295045006	58.3180533780251	0	1
54.0769148649015	58.5460986489779	0	1
54.2705002252005	58.7741439189995	0	1
54.4640855856014	59.002189189021	0	1
54.6576709459005	59.2302344589843	0	1
54.8512563063014	59.4582797299954	0	1
55.0448416666986	59.686325000017	0	1
55.2384270270013	59.9143702699803	0	1
55.4320123873986	60.1424155409914	0	1
55.6255977477012	60.3704608110129	0	1
55.8191831080985	60.5985060809762	0	1
56.0127684684994	60.8265513509978	0	1
56.2063538287985	61.0545966220088	0	1
56.3999391891994	61.2826418919722	0	1
56.5935245494984	61.5106871619937	0	1
56.7871099098993	61.7387324320152	0	1
56.9806952703002	61.9667777030263	0	1
57.1742806305992	62.1948229729896	0	1
57.3678659910001	62.4228682430112	0	1
57.561451351401	62.6509135129745	0	1
57.7550367117001	62.8789587839856	0	1
57.948622072101	63.1070040540071	0	1
58.1422074324	63.3350493240287	0	1
58.3357927928009	63.5630945949815	0	1
58.5293781531982	63.7911398650031	0	1
58.7229635135009	64.0191851350246	0	1
58.9165488739018	64.2472304049879	0	1
59.1101342342008	64.475275675999	0	1
59.3037195946017	64.7033209460205	0	1
59.497304954999	64.9313662159839	0	1
59.6908903153017	65.1594114860054	1	1
59.8844756756989	65.3874567570165	1	1
60.0780610360016	65.6155020269798	1	1
60.2716463963989	65.8435472970014	1	1
60.4652317567998	66.0715925680124	1	1
60.6588171170988	66.2996378379758	1	1
60.8524024774997	66.5276831079973	1	1
61.0459878377987	66.7557283780188	1	1
61.2395731981997	66.9837736489717	1	1
61.4331585586006	67.2118189189932	1	1
61.6267439188996	67.4398641890148	1	1
61.8203292793005	67.6679094589781	1	1
62.0139146395995	67.8959547299892	1	1
62.2159113310991	68.1226439509774	1	1
62.4056418565997	68.3582316699903	1	1
62.5831362964018	68.6021796599962	1	1
62.7484247307984	68.8539496960002	1	1
62.9015372401991	69.1130035489914	1	1
63.0425039049005	69.3788029939751	1	1
63.1713548051994	69.6508098029881	1	1
63.2881200215015	69.9284857509774	1	1
63.3928296339	70.2112926099799	1	1
63.4855137228988	70.4986921540112	1	1
63.5662023687983	70.7901461559813	1	1
63.6349256518006	71.0851163889747	1	1
63.6917136523007	71.3830646270071	1	1
63.7365964507007	71.6834526419989	1	1
63.7696041271993	71.9857422090136	1	1
63.7907667621002	72.2893951010192	1	1
63.8001144357986	72.5938730909838	1	1
63.7976772285983	72.8986379510025	1	1
63.7834852207016	73.2031514570117	1	1
63.7575685453012	73.5068754110252	1	1
63.7199671306989	73.8092772950185	1	1
63.6707421210012	74.1098368890234	1	1
63.6099574346008	74.4080355829792	1	1
63.5376769897011	74.7033547629835	1	1
63.4539647046004	74.9952758179861	1	1
63.3588844976002	75.283280135016	1	1
63.2525002869006	75.5668491050019	1	1
63.1348759907996	75.8454641129938	1	1
63.006075527599	76.1186065489892	1	1
62.8661628156005	76.385757800017	1	1
62.7152017730987	76.6463992550271	1	1
62.5532563183006	76.9000123019796	1	1
62.3803903695007	77.1460783290095	1	1
62.1966678450008	77.3840787240188	1	1
62.002152663099	77.6134948760155	1	1
61.7969087419988	77.8338081720285	1	1
61.5809999999983	78.0445000000182	1	1
61.339181818199	78.2421363639878	1	1
61.0973636363997	78.4397727270261	1	1
60.8555454544985	78.6374090909958	1	1
60.6137272726992	78.8350454550236	1	1
60.3719090908999	79.0326818180038	1	1
60.1300909091005	79.2303181819734	1	1
59.8882727273012	79.4279545450117	1	1
59.6464545454983	79.6255909089814	1	1
59.4046363636007	79.8232272730093	1	1
59.1628181818014	80.0208636359894	1	1
58.9209999999985	80.2185000000172	1	1
58.6798700658001	80.3977968249819	1	1
58.4344190697993	80.5757270759786	1	1
58.1846873083014	80.7511234019767	1	1
57.9307150774002	80.9228184520034	1	1
57.6725426734993	81.0896448770072	1	1
57.4102103928017	81.2504353260156	1	1
57.1437585316016	81.4040224479977	1	1
56.8732273860987	81.5492388919811	1	1
56.5986572524998	81.6849173079827	1	1
56.320088427201	81.8098903460195	1	1
56.0375612064017	81.9229906550026	1	1
55.7511158863017	82.0230508850073	1	1
55.4607927631005	82.1089036840131	1	1
55.1666321332996	82.1793817030266	1	1
54.8687456791013	82.2334481889848	1	1
54.567731060899	82.270955466025	1	1
54.2643884762983	82.2921263920143	1	1
53.959518792999	82.2971850510221	1	1
53.6539228785005	82.2863555260119	1	1
53.3484016004986	82.2598619000055	1	1
53.0437558267004	82.2179282589932	1	1
52.7407864246015	82.1607786840177	1	1
52.4402942619017	82.0886372610112	1	1
52.1430802063005	82.0017280720058	1	1
51.8499451253992	81.9002752010128	1	1
51.5616898867993	81.7845027309959	1	1
51.2791153582002	81.6546347470139	1	1
51.0030224071015	81.5108953319723	1	1
50.734211901301	81.3535085699987	1	1
50.4734847084001	81.1826985430089	1	1
50.221641696	80.9986893369933	1	1
49.9794837316986	80.801705033984	1	1
49.7478116833008	80.5919697179925	1	1
49.5274264182008	80.3697074740194	1	1
49.3191288041999	80.135142382991	1	1
49.1036121547986	79.7403457380133	0	1
48.888095505401	79.3455490929773	0	1
48.6725788561016	78.9507524489891	0	1
48.4570622067004	78.5559558040113	0	1
48.2415455572991	78.1611591589754	0	1
48.0773882067006	77.9161084539955	0	1
47.9132308560984	77.6710577500053	0	1
47.7490735056017	77.4260070450255	0	1
47.5849161549995	77.180956340977	0	1
47.4207588044992	76.9359056359972	0	1
47.2566014539007	76.6908549320069	0	1
47.0924441034003	76.4458042270271	0	1
46.9282867528018	76.2007535229786	0	1
46.7641294021996	75.9557028179988	0	1
46.5999720516993	75.7106521140086	0	1
46.4358147011008	75.4656014090287	0	1
46.2896239660986	75.2023713390226	0	1
46.1434332309982	74.939141268027	0	1
45.9972424959014	74.6759111980209	0	1
45.8510517608993	74.4126811270253	0	1
45.7048610257989	74.1494510570192	0	1
45.5586702908004	73.8862209860235	0	1
45.4124795557	73.6229909160174	0	1
45.2662888207014	73.3597608450218	0	1
45.1200980856011	73.0965307750157	0	1
44.9739073505989	72.8333007050096	0	1
44.8277166154985	72.570070634014	0	1
44.6815258804018	72.3068405640079	0	1
44.5353351453996	72.0436104930122	0	1
44.3891444102992	71.7803804230061	0	1
44.2429536753007	71.5171503520105	0	1
44.0967629402003	71.2539202820044	0	1
43.9505722052018	70.9906902110088	0	1
43.8043814701014	70.7274601410027	0	1
43.6581907350992	70.464230070007	0	1
43.5119999999988	70.2010000000009	0	1
43.3218386076005	69.9688987340196	0	1
43.1316772151986	69.7367974679801	0	1
42.9415158228003	69.5046962029883	0	1
42.7513544303984	69.2725949370069	0	1
42.5611930380001	69.0404936710256	0	1
42.3710316456018	68.8083924049861	0	1
42.1808702531998	68.5762911390048	0	1
41.9907088608015	68.3441898730234	0	1
41.8005474683996	68.1120886079734	0	1
41.6103860758994	67.8799873419921	0	1
41.4202246835011	67.6478860760108	0	1
41.2300632910992	67.4157848099712	0	1
41.0399018987009	67.1836835439899	0	1
40.849740506299	66.9515822780086	0	1
40.6595791139007	66.7194810130168	0	1
40.4694177214988	66.4873797469772	0	1
40.2792563291005	66.2552784809959	0	1
40.0890949366985	66.0231772150146	0	1
39.8989335443002	65.791075948975	0	1
39.7087721518983	65.5589746839833	0	1
39.5186107595	65.3268734180019	0	1
39.3284493671017	65.0947721520206	0	1
39.1382879746998	64.8626708859811	0	1
38.9481265823015	64.6305696199997	0	1
38.7579651898996	64.3984683540184	0	1
38.5678037975013	64.1663670890266	0	1
38.3776424050993	63.9342658229871	0	1
38.187481012701	63.7021645570057	0	1
37.9973196202991	63.4700632910244	0	1
37.8071582277989	63.2379620249849	0	1
37.6169968354006	63.0058607590036	0	1
37.4268354429987	62.7737594940118	0	1
37.2366740506004	62.5416582279722	0	1
37.0465126581985	62.3095569619909	0	1
36.8563512658002	62.0774556960096	0	1
36.6661898733983	61.8453544300282	0	1
36.476028481	61.6132531649782	0	1
36.2858670886017	61.3811518989969	0	1
36.0957056961997	61.1490506330156	0	1
35.9055443038014	60.916949366976	0	1
35.7153829113995	60.6848481009947	0	1
35.5252215190012	60.4527468350134	0	1
35.3350601265993	60.2206455700216	0	1
35.144898734201	59.9885443039821	0	1
34.954737341799	59.7564430380007	0	1
34.7645759494008	59.5243417720194	0	1
34.5744145569988	59.2922405059799	0	1
34.3842531646005	59.0601392409881	0	1
34.1940917721986	58.8280379750067	0	1
34.0039303796984	58.5959367090254	0	1
33.8137689873001	58.3638354429859	0	1
33.6236075948982	58.1317341770045	0	1
33.4334462024999	57.8996329110232	0	1
33.2432848101016	57.6675316459732	0	1
33.0531234176997	57.4354303799919	0	1
32.8629620253014	57.2033291140106	0	1
32.6728006328995	56.971227847971	0	1
32.4826392405012	56.7391265819897	0	1
32.2924778480992	56.5070253160084	0	1
32.1023164557009	56.2749240510166	0	1
31.912155063299	56.042822784977	0	1
31.7219936709007	55.8107215189957	0	1
31.5318322784988	55.5786202530144	0	1
31.3416708861005	55.3465189869748	0	1
31.1515094936985	55.114417721983	0	1
30.9613481013002	54.8823164560017	0	1
30.7711867088983	54.6502151900204	0	1
30.5810253165	54.4181139239809	0	1
30.3908639241017	54.1860126579995	0	1
30.2007025316016	53.9539113920182	0	1
30.0105411391996	53.7218101270264	0	1
29.8203797468013	53.4897088609869	0	1
29.6302183543994	53.2576075950055	0	1
29.4400569620011	53.0255063290242	0	1
29.2498955695992	52.7934050629847	0	1
29.0597341772009	52.5613037970033	0	1
28.8695727847989	52.3292025320115	0	1
28.6794113924007	52.097101265972	0	1
28.4892499999987	51.8649999999907	0	1
28.2990886076004	51.6328987340094	0	1
28.1089272151985	51.400797468028	0	1
27.9187658228002	51.168696202978	0	1
27.7286044303983	50.9365949369967	0	1
27.538443038	50.7044936710154	0	1
27.3482816456017	50.4723924049758	0	1
27.1581202531997	50.2402911389945	0	1
26.9679588608014	50.0081898730132	0	1
26.7777974683995	49.7760886080214	0	1
26.5876360758994	49.5439873419818	0	1
26.3974746835011	49.3118860760005	0	1
26.2073132910991	49.0797848100192	0	1
26.0171518987008	48.8476835439797	0	1
25.8269905062989	48.6155822779983	0	1
25.6368291139006	48.3834810130065	0	1
25.4466677214987	48.1513797470252	0	1
25.2565063291004	47.9192784809857	0	1
25.0663449366984	47.6871772150043	0	1
24.8761835443001	47.455075949023	0	1
24.6860221518982	47.222974683973	0	1
24.4958607594999	46.9908734179917	0	1
24.3056993671016	46.7587721520104	0	1
24.1155379746997	46.526670886029	0	1
23.9253765823014	46.2945696199895	0	1
23.7352151898995	46.0624683540082	0	1
23.5450537975012	45.8303670890164	0	1
23.3548924050992	45.5982658229768	0	1
23.1647310127009	45.3661645569955	0	1
22.974569620299	45.1340632910142	0	1
22.7844082277988	44.9019620249746	0	1
22.5942468354006	44.6698607589933	0	1
22.4040854429986	44.4377594940015	0	1
22.2139240506003	44.2056582280202	0	1
22.0237626581984	43.9735569619806	0	1
21.8336012658001	43.7414556959993	0	1
21.6434398734018	43.509354430018	0	1
21.4532784809999	43.2772531650262	0	1
21.2631170886016	43.0451518989867	0	1
21.0729556961996	42.8130506330053	0	1
20.8827943038013	42.580949367024	0	1
20.6926329113994	42.3488481009845	0	1
20.5024715190011	42.1167468350031	0	1
20.3123101265992	41.8846455700113	0	1
20.1221487342009	41.6525443039718	0	1
19.931987341799	41.4204430379905	0	1
19.7418259494007	41.1883417720092	0	1
19.5516645569987	40.9562405060278	0	1
19.3615031646004	40.7241392409778	0	1
19.1713417721985	40.4920379749965	0	1
18.9811803796983	40.2599367090152	0	1
18.7910189873	40.0278354429756	0	1
18.6008575949018	39.7957341769943	0	1
18.4106962024998	39.563632911013	0	1
18.2205348101015	39.3315316460212	0	1
18.0303734176996	39.0994303799816	0	1
17.8402120253013	38.8673291140003	0	1
17.6500506328994	38.635227848019	0	1
17.4598892405011	38.4031265819794	0	1
17.2697278480991	38.1710253159981	0	1
17.0795664557008	37.9389240510063	0	1
16.8894050632989	37.706822785025	0	1
16.6992436709006	37.4747215189855	0	1
16.5090822784987	37.2426202530041	0	1
16.3189208861004	37.0105189870228	0	1
16.1287594936985	36.7784177219728	0	1
15.9385981013002	36.5463164559915	0	1
15.7484367088982	36.3142151900101	0	1
15.5582753164999	36.0821139240288	0	1
15.3681139241016	35.8500126579893	0	1
15.1779525316015	35.617911392008	0	1
14.9877911391995	35.3858101270162	0	1
14.7976297468012	35.1537088609766	0	1
14.6074683543993	34.9216075949953	0	1
14.417306962001	34.689506329014	0	1
14.2271455695991	34.4574050629744	0	1
14.0369841772008	34.2253037969931	0	1
13.8468227847989	33.9932025320013	0	1
13.6566613924006	33.76110126602	4	1
13.4379219738985	33.5560981010203	4	1
13.2191825554	33.3510949370102	4	1
13.0004431369016	33.1460917720105	4	1
12.7817037183995	32.9410886080004	4	1
12.5629642997992	32.7360854430008	4	1
12.3442248813008	32.5310822780011	4	1
12.1254854627987	32.326079113991	4	1
11.9067460443002	32.1210759489913	4	1
11.6880066258018	31.9160727849812	4	1
11.4692672072997	31.7110696199816	4	1
11.2505277888013	31.5060664559714	4	1
11.0317883702992	31.3010632909718	4	1
10.8130489516989	31.0960601270199	4	1
10.5943095332004	30.8910569620202	4	1
10.3755701146983	30.6860537970206	4	1
10.1568306961999	30.4810506330105	4	1
9.93809127770146	30.2760474680108	4	1
9.71935185919938	30.0710443040007	4	1
9.50061244070093	29.866041139001	4	1
9.28187302219885	29.6610379749909	4	1
9.06313360359854	29.4560348099913	4	1
8.8443941851001	29.2510316459811	4	1
8.62565476660166	29.0460284809815	4	1
8.40691534809957	28.8410253159818	4	1
8.18817592960113	28.6360221519717	4	1
7.96943651109905	28.431018986972	4	1
7.7506970926006	28.2260158230201	4	1
7.53195767409852	28.0210126580205	4	1
7.31321825549821	27.8160094940104	4	1
7.09447883699977	27.6110063290107	4	1
6.87573941850133	27.4060031650006	4	1
6.65699999999924	27.2010000000009	4	1
6.46611087870042	26.9691338909906	4	1
6.27522175729973	26.7372677819803	4	1
6.08433263600091	26.5054016740178	4	1
5.89344351460022	26.2735355650075	0	1
5.7025543933014	26.0416694559972	0	1
5.51166527199894	25.8098033469869	0	1
5.32077615059825	25.5779372390243	0	1
5.12988702929943	25.346071130014	0	1
4.93899790789874	25.1142050210037	0	1
4.74810878659991	24.8823389119934	0	1
4.55721966530109	24.6504728029831	0	1
4.3663305439004	24.4186066950206	0	1
4.17544142260158	24.1867405860103	0	1
3.98455230129912	23.954874477	0	1
3.79366317989843	23.7230083679897	0	1
3.60277405859961	23.4911422589794	0	1
3.41188493719892	23.2592761510168	0	1
3.2209958159001	23.0274100420065	0	1
3.03010669460127	22.7955439329962	0	1
2.83921757320059	22.5636778239859	0	1
2.64832845190176	22.3318117149756	0	1
2.45743933050107	22.0999456070131	0	1
2.26655020919861	21.8680794980028	0	1
2.07566108789979	21.6362133889925	0	1
1.8847719664991	21.4043472799822	0	1
1.69388284520028	21.1724811720196	0	1
1.50299372390145	20.9406150630093	0	1
1.31210460250077	20.708748953999	0	1
1.12121548119831	20.4768828449887	0	1
0.930326359801256	20.2450167359784	0	1
0.739437238498795	20.0131506280159	0	1
0.548548117199971	19.7812845190056	0	1
0.357658995799284	19.5494184099953	0	1
0.16676987450046	19.317552300985	0	1
-0.0241192469002272	19.0856861919747	0	1
-0.215008368199051	18.8538200840121	0	1
-0.405897489501513	18.6219539750018	0	1
-0.596786610898562	18.3900878659915	0	1
-0.787675732201023	18.1582217569812	0	1
-0.978564853601711	17.9263556490187	0	1
-1.16945397490053	17.6944895400084	0	1
-1.36034309619936	17.4626234309981	0	1
-1.55123221760005	17.2307573219878	0	1
-1.74212133889887	16.9988912129775	0	1
-1.93301046029956	16.7670251050149	0	1
-2.12389958159838	16.5351589960046	0	1
-2.31478870290084	16.3032928869943	0	1
-2.50567782430153	16.071426777984	0	1
-2.69656694560035	15.8395606689737	0	1
-2.88745606689918	15.6076945610112	0	1
-3.07834518829986	15.3758284520009	0	1
-3.26923430959869	15.1439623429906	0	1
-3.46012343099937	14.9120962339803	0	1
-3.6510125522982	14.6802301250282	0	1
-3.84190167360066	14.4483640170074	0	1
-4.03279079500135	14.2164979079971	0	1
-4.22367991630017	13.9846317989868	0	1
-4.41456903770086	13.7527656899765	0	1
-4.60545815899968	13.520899582014	0	1
-4.79634728029851	13.2890334730037	0	1
-4.98723640169919	13.0571673639934	0	1
-5.17812552300165	12.8253012549831	0	1
-5.3690146443987	12.5934351459728	0	1
-5.55990376570116	12.3615690380102	0	1
-5.75079288699999	12.1297029289999	0	1
-5.94168200840068	11.8978368199896	0	1
-6.1325711296995	11.6659707109793	0	1
-6.32346025099832	11.4341046020272	0	1
-6.51434937239901	11.2022384940065	0	1
-6.70523849370147	10.9703723849962	0	1
-6.89612761509852	10.7385062759859	0	1
-7.08701673640098	10.5066401669756	0	1
-7.27790585769981	10.274774059013	0	1
-7.46879497910049	10.0429079500027	0	1
-7.65968410039932	9.8110418409924	0	1
-7.8505732218	9.5791757319821	0	1
-8.04146234309883	9.34730962297181	0	1
-8.23235146440129	9.11544351500925	0	1
-8.42324058579834	8.88357740599895	0	1
-8.6141297071008	8.65171129698865	0	1
-8.80501882850149	8.41984518797835	0	1
-8.99590794980031	8.18797907902626	0	1
-9.18679707109914	7.9561129710055	0	1
-9.37768619249982	7.7242468619952	0	1
-9.56857531379865	7.4923807529849	0	1
-9.75946443510111	7.2605146439746	0	1
-9.9503535565018	7.02864853601204	0	1
-10.1412426778006	6.79678242700174	0	1
-10.3321317992013	6.56491631799145	0	1
-10.5230209205001	6.33305020898115	0	1
-10.713910041799	6.10118410002906	0	1
-10.9047991631996	5.86931799200829	0	1
-11.0956882844985	5.63745188299799	0	1
-11.2865774058992	5.4055857739877	0	1
-11.4774665272016	5.1737196649774	0	1
-11.6683556485004	4.94185355602531	0	1
-11.8592447699011	4.70998744800454	0	1
-12.0501338911999	4.47812133899424	0	1
-12.2410230126006	4.24625522998394	0	1
-12.4319121338995	4.01438912097365	0	1
-12.6228012551983	3.78252301301109	0	1
-12.813690376599	3.55065690400079	0	1
-13.0045794979014	3.31879079499049	0	1
-13.1954686192003	3.08692468598019	0	1
-13.3863577406009	2.8550585770281	0	1
-13.5772468618998	2.62319246900734	0	1
-13.7681359833005	2.39132635999704	0	1
-13.9590251045993	2.15946025098674	0	1
-14.1499142259017	1.92759414197644	0	1
-14.3408033472988	1.69572803302435	0	1
-14.5316924686012	1.46386192500358	0	1
-14.7225815899983	1.23199581599329	0	1
-14.9134707113008	1.00012970698299	0	1
-15.1043598325996	0.768263597972691	0	1
-15.2952489540003	0.536397490010131	0	1
-15.4861380752991	0.304531380999833	0	1
-15.6770271966998	0.0726652719895355	0	1
-15.8679163179986	-0.159200837020762	0	1
-16.0588054393011	-0.391066945972852	0	1
-16.2496945607018	-0.62293305399362	0	1
-16.4405836820006	-0.854799163003918	0	1
-16.6314728032994	-1.08666527201422	0	1
-16.8223619247001	-1.31853138102451	0	1
-17.0132510459989	-1.5503974899766	0	1
-17.2041401673996	-1.78226359799737	0	1
-17.3950292886984	-2.01412970700767	0	1
-17.5859184100009	-2.24599581601797	0	1
-17.7768075314016	-2.47786192502826	0	1
-17.9676966527004	-2.70972803398035	0	1
-18.1585857741011	-2.94159414200112	0	1
-18.3494748953999	-3.17346025101142	0	1
-18.5403640166987	-3.40532636002172	0	1
-18.7312531380994	-3.63719246897381	0	1
-18.9221422593982	-3.86905857699458	0	1
-19.1130313807989	-4.10092468600487	0	1
-19.3039205021014	-4.33279079501517	0	1
-19.4948096234002	-4.56465690402547	0	1
-19.6856987448009	-4.79652301297756	0	1
-19.8765878660997	-5.02838912099833	0	1
-20.0674769873985	-5.26025523000862	0	1
-20.2583661087992	-5.49212133901892	0	1
-20.4492552301017	-5.72398744797101	0	1
-20.6401443514987	-5.95585355698131	0	1
-20.8310334728012	-6.18771966500208	0	1
-21.0219225941	-6.41958577401238	0	1
-21.2128117155007	-6.65145188302267	0	1
-21.4037008367995	-6.88331799197476	0	1
-21.5945899582002	-7.11518409999553	0	1
-21.7854790794991	-7.34705020900583	0	1
-21.9763682008015	-7.57891631801613	0	1
-22.1672573221986	-7.81078242702642	0	1
-22.358146443501	-8.04264853597851	0	1
-22.5490355649017	-8.27451464399928	0	1
-22.7399246862005	-8.50638075300958	0	1
-22.9308138074994	-8.73824686201988	0	1
-23.1217029289	-8.97011297097197	0	1
-23.3125920501989	-9.20197907998227	0	1
-23.5034811715013	-9.43384518800303	0	1
-23.6943702928984	-9.66571129701333	0	1
-23.8852594142008	-9.89757740602363	0	1
-24.0761485356015	-10.1294435149757	0	1
-24.2670376569004	-10.3613096229965	0	1
-24.4579267781992	-10.5931757320068	0	1
-24.6488158995999	-10.8250418410171	0	1
-24.8397050208987	-11.0569079500274	0	1
-25.0305941422994	-11.2887740589795	0	1
-25.2214832635982	-11.5206401670002	0	1
-25.4123723849007	-11.7525062760105	0	1
-25.6032615063014	-11.9843723850208	0	1
-25.7941506276002	-12.2162384939729	0	1
-25.9850397490009	-12.4481046029832	0	1
-26.1759288702997	-12.679970711004	0	1
-26.3668179915985	-12.9118368200143	0	1
-26.5577071129992	-13.1437029290246	0	1
-26.7485962343017	-13.3755690379767	0	1
-26.9394853556005	-13.6074351459974	0	1
-27.1303744770012	-13.8393012550077	0	1
-27.3212635983	-14.071167364018	0	1
-27.5121527197007	-14.3030334730283	0	1
-27.7030418409995	-14.5348995819804	0	1
-27.8939309622983	-14.7667656900012	0	1
-28.084820083699	-14.9986317990115	0	1
-28.2757092050015	-15.2304979080218	0	1
-28.4665983263985	-15.4623640169739	0	1
-28.657487447701	-15.6942301259842	0	1
-28.8483765689998	-15.9260962340049	0	1
-29.0392656904005	-16.1579623430152	0	1
-29.2301548116993	-16.3898284520255	0	1
-29.4210439331	-16.6216945609776	0	1
-29.6119330543988	-16.8535606689984	0	1
-29.8028221757013	-17.0854267780087	0	1
-29.9937112970983	-17.317292887019	0	1
-30.1846004184008	-17.5491589959711	0	1
-30.3754895396996	-17.7810251049814	0	1
-30.5663786611003	-18.0128912130021	0	1
-30.7572677823991	-18.2447573220124	0	1
-30.9481569037998	-18.4766234310227	0	1
-31.1390460250987	-18.7084895399748	0	1
-31.3299351464011	-18.9403556489851	0	1
-31.5208242678018	-19.1722217570059	0	1
-31.7117133891006	-19.4040878660162	0	1
-31.9026025105013	-19.6359539750265	0	1
-32.0934916318001	-19.8678200839786	0	1
-32.284380753099	-20.0996861919994	0	1
-32.4752698744996	-20.3315523010097	0	1
-32.6661589957985	-20.5634184100199	0	1
-32.8570481171992	-20.795284518972	0	1
-33.0479372385016	-21.0271506279823	0	1
-33.2388263598004	-21.2590167360031	0	1
-33.4297154812011	-21.4908828450134	0	1
-33.6206046025	-21.7227489540237	0	1
-33.8114937237988	-21.9546150629758	0	1
-34.0023828451995	-22.1864811719861	0	1
-34.1932719664983	-22.4183472800069	0	1
-34.384161087899	-22.6502133890172	0	1
-34.5750502092014	-22.8820794980275	0	1
-34.7659393305003	-23.1139456069795	0	1
-34.9568284519009	-23.3458117159898	0	1
-35.1477175731998	-23.5776778240106	0	1
-35.3386066946005	-23.8095439330209	0	1
-35.5294958158993	-24.041410041973	0	1
-35.7203849372017	-24.2732761509833	0	1
-35.9112740585988	-24.5051422590041	0	1
-36.1021631799013	-24.7370083680144	0	1
-36.2930523012983	-24.9688744770247	1	1
-36.4839414226008	-25.2007405859767	1	1
-36.6748305438996	-25.432606694987	1	1
-36.8657196653003	-25.6644728030078	1	1
-37.0566087865991	-25.8963389120181	1	1
-37.2474979079016	-26.1282050210284	1	1
-37.4383870292986	-26.3600711299805	1	1
-37.6292761506011	-26.5919372389908	1	1
-37.8201652720018	-26.8238033470116	1	1
-38.0110543933006	-27.0556694560219	1	1
-38.2019435145994	-27.287535564974	1	1
-38.3928326360001	-27.5194016739842	1	1
-38.5837217572989	-27.751267782005	1	1
-38.7746108786996	-27.9831338910153	1	1
-38.9654999999984	-28.2150000000256	1	1
-39.163489513001	-28.4421358280233	1	1
-39.3490398739996	-28.6785276469891	1	1
-39.5222109509996	-28.9236085970188	1	1
-39.6830626121991	-29.1768118179752	1	1
-39.8316547255999	-29.4375704510021	1	1
-39.9680471592001	-29.70531763701	1	1
-40.0922997812013	-29.9794865139993	1	1
-40.2044724594016	-30.2595102249761	1	1
-40.3046250619991	-30.544821907999	1	1
-40.392817457101	-30.8348547039786	1	1
-40.4691095126	-31.1290417540004	1	1
-40.5335610967013	-31.4268161989748	1	1
-40.5862320773012	-31.7276111770188	1	1
-40.6271823226016	-32.0308598299744	1	1
-40.6564717004985	-32.3359952979954	1	1
-40.6741600792011	-32.6424507210031	1	1
-40.6803073267001	-32.9496592389769	1	1
-40.6749733110009	-33.257053993002	1	1
-40.6582179001998	-33.5640681239893	1	1
-40.6301009622985	-33.8701347709866	1	1
-40.5906823654004	-34.1746870739735	1	1
-40.5400219775984	-34.4771581750247	1	1
-40.4781796667994	-34.7769812130136	1	1
-40.4052153010998	-35.0735893290257	1	1
-40.3211887487014	-35.3664156619925	1	1
-40.2261598775003	-35.6548933539889	1	1
-40.1201885554983	-35.9384555449942	1	1
-40.0033409472017	-36.216543913004	1	1
-39.8759038270982	-36.4888992970227	1	1
-39.7384373095992	-36.7556332009844	1	1
-39.5915185027989	-37.0168801749824	1	1
-39.4357245151987	-37.2727747680037	1	1
-39.2716324551984	-37.5234515279881	1	1
-39.0998194310014	-37.7690450050286	1	1
-38.9208625510983	-38.0096897470066	1	1
-38.7353389236996	-38.2455203050049	1	1
-38.5438256572997	-38.4766712270211	1	1
-38.3468998602002	-38.7032770619844	1	1
-38.1451386406989	-38.9254723599879	1	1
-37.9391191071991	-39.1433916679816	1	1
-37.7294183679987	-39.3571695379796	1	1
-37.5166135315012	-39.5669405169901	1	1
-37.301281706099	-39.7728391540004	1	1
-37.0604726275997	-39.9468570260215	1	1
-36.8196635491986	-40.1208748979843	1	1
-36.5788544706993	-40.2948927700054	1	1
-36.3380453922982	-40.4689106409787	1	1
-36.0972363137989	-40.6429285129998	1	1
-35.8564272354015	-40.8169463850209	1	1
-35.6156181568986	-40.9909642569837	1	1
-35.3943249447984	-41.1702485720161	1	1
-35.1625608592985	-41.3416947940132	1	1
-34.9210100532982	-41.5050430439878	1	1
-34.6703566795004	-41.6600334440009	1	1
-34.4112848906989	-41.8064061130281	1	1
-34.1444788396984	-41.9439011730137	1	1
-33.8706226791001	-42.0722587450291	1	1
-33.5904005617995	-42.1912189510185	1	1
-33.3044966406014	-42.300521910016	1	1
-33.0135950680997	-42.3999077429762	1	1
-32.7183799972008	-42.4891165730078	1	1
-32.4195355806005	-42.5678885190282	1	1
-32.1177459710016	-42.6359637029818	1	1
-31.8136953212997	-42.6930822459981	1	1
-31.5080677842016	-42.7389842689736	1	1
-31.2015475125008	-42.77340989199	1	1
-30.8948186589005	-42.7960992360022	1	1
-30.5885653760997	-42.8067924230127	1	1
-30.2834718170016	-42.8052295739762	1	1
-29.9802221343016	-42.7911508089746	1	1
-29.6795004806991	-42.7642962500104	1	1
-29.3819910091006	-42.7244060169905	1	1
-29.0883778722018	-42.6712202309864	1	1
-28.7993452226983	-42.6044790140004	1	1
-28.5155772135004	-42.5239224859979	1	1
-28.2377579972017	-42.4292907679919	1	1
-27.9665715857991	-42.320324138971	1	1
-27.7024973916014	-42.1969913310022	1	1
-27.4454010717018	-42.0599463940016	1	1
-27.1950336787995	-41.9099713410251	1	1
-26.9511462654991	-41.7478481890284	1	1
-26.7134898842996	-41.5743589519989	1	1
-26.4818155877983	-41.3902856470086	1	1
-26.2558744287016	-41.196410286997	1	1
-26.0354174595013	-40.9935148889781	1	1
-25.8201957327001	-40.7823814679869	1	1
-25.6099603010989	-40.563792039	1	1
-25.4044622172005	-40.3385286160046	1	1
-25.2034525335002	-40.1073732170044	1	1
-25.0066823027009	-39.8711078549968	1	1
-24.8139025773999	-39.6305145450169	1	1
-24.6248644100997	-39.3863753040205	0	1
-24.4393188534996	-39.1394721469842	0	1
-24.2570169600003	-38.8905870880117	0	1
-24.0777097825012	-38.640502143011	0	1
-23.9011483733011	-38.389999327017	0	1
-23.7270837850992	-38.139860655996	0	1
-23.5552670705001	-37.890868144983	0	1
-23.385449282101	-37.6438038080232	0	1
-23.2173814724993	-37.3994496610248	0	1
-23.0508146942993	-37.1585877200123	0	1
-22.8855000000003	-36.9220000000205	0	1
-22.7731315788988	-36.6494210530072	0	1
-22.6607631578991	-36.3768421050045	0	1
-22.5483947368011	-36.1042631579912	0	1
-22.4360263158014	-35.831684210978	0	1
-22.3236578946999	-35.5591052629752	0	1
-22.2112894737002	-35.2865263160202	0	1
-22.0989210525986	-35.0139473680174	0	1
-21.9865526315989	-34.7413684210042	0	1
-21.874184210501	-34.4687894739909	0	1
-21.7618157895013	-34.1962105259881	0	1
-21.6494473683997	-33.9236315789749	0	1
-21.5370789474	-33.6510526320199	0	1
-21.4247105262984	-33.3784736840171	0	1
-21.3123421052987	-33.1058947370038	0	1
-21.1999736842008	-32.8333157890011	0	1
-21.0876052632011	-32.5607368419878	0	1
-20.9752368420995	-32.2881578949746	0	1
-20.8628684210998	-32.0155789469718	0	1
-20.7504999999983	-31.7430000000168	0	1
-20.5612771287997	-31.5136997890077	0	1
-20.3720542576011	-31.2843995779986	0	1
-20.1828313863007	-31.0550993669895	0	1
-19.9936085150985	-30.8257991559803	0	1
-19.8043856438999	-30.5964989439817	0	1
-19.6151627727013	-30.3671987329726	0	1
-19.4259399014991	-30.1378985220217	0	1
-19.2367170303005	-29.9085983110126	0	1
-19.0474941590001	-29.6792981000035	0	1
-18.8582712878015	-29.4499978889944	0	1
-18.6690484165993	-29.2206976779853	0	1
-18.4798255454007	-28.9913974669762	0	1
-18.2906026741985	-28.7620972549776	0	1
-18.1013798029016	-28.5327970440267	0	1
-17.9121569316994	-28.3034968330176	0	1
-17.7229340605008	-28.0741966220085	0	1
-17.5337111892986	-27.8448964109994	0	1
-17.3444883181	-27.6155961999903	0	1
-17.1552654469015	-27.3862959889811	0	1
-16.966042575601	-27.156995777972	0	1
-16.7768197043988	-26.9276955659734	0	1
-16.5875968332002	-26.6983953550225	0	1
-16.3983739620016	-26.4690951440134	0	1
-16.2091510907994	-26.2397949330043	0	1
-16.019928219499	-26.0104947219952	0	1
-15.8307053483004	-25.7811945109861	0	1
-15.6414824771018	-25.551894299977	0	1
-15.4522596058996	-25.3225940890261	0	1
-15.263036734701	-25.0932938770275	0	1
-15.0738138634006	-24.8639936660184	0	1
-14.8845909921984	-24.6346934550093	0	1
-14.6953681209998	-24.4053932440002	0	1
-14.5061452498012	-24.176093032991	0	1
-14.316922378599	-23.9467928219819	0	1
-14.1276995074004	-23.7174926109728	0	1
-13.9384766360999	-23.4881924000219	0	1
-13.7492537649014	-23.2588921880233	0	1
-13.5600308936991	-23.0295919770142	0	1
-13.3708080225006	-22.8002917660051	0	1
-13.1815851512983	-22.570991554996	0	1
-12.9923622800015	-22.3416913439869	0	1
-12.8031394087993	-22.1123911329778	0	1
-12.6139165376007	-21.8830909220269	0	1
-12.4246936663985	-21.6537907110178	0	1
-12.2354707951999	-21.4244904990192	0	1
-12.0462479240014	-21.1951902880101	0	1
-11.8570250527009	-20.9658900770009	0	1
-11.6678021814987	-20.7365898659918	0	1
-11.4785793103001	-20.5072896549827	0	1
-11.291158620701	-20.27307931002	0	1
-11.291158620701	-20.27307931002	0	1
-11.1037379310001	-20.0388689659885	0	1
-10.916317241401	-19.8046586210257	0	1
-10.7288965517	-19.5704482760048	0	1
-10.5414758621009	-19.3362379309838	0	1
-10.3540551724	-19.102027586021	0	1
-10.1666344828009	-18.867817241	0	1
-9.97921379309992	-18.6336068970268	0	1
-9.79179310339896	-18.3993965520058	0	1
-9.60437241379987	-18.1651862069848	0	1
-9.41695172409891	-17.930975862022	0	1
-9.22953103449981	-17.696765517001	0	1
-9.04211034479886	-17.4625551719801	0	1
-8.85468965519976	-17.2283448280068	0	1
-8.66726896549881	-16.9941344829858	0	1
-8.47984827589971	-16.7599241380231	0	1
-8.29242758619876	-16.5257137930021	0	1
-8.10500689659966	-16.2915034479811	0	1
-7.9175862068987	-16.0572931030183	0	1
-7.73016551720139	-15.8230827589869	0	1
-7.54274482759865	-15.5888724140241	0	1
-7.35532413790133	-15.3546620690031	0	1
-7.1679034482986	-15.1204517239821	0	1
-6.98048275860128	-14.8862413790193	0	1
-6.79306206899855	-14.6520310339984	0	1
-6.60564137930123	-14.4178206900251	0	1
-6.4182206896985	-14.1836103450041	0	1
-6.23080000000118	-13.9493999999831	0	1
-6.04337931030022	-13.7151896550204	0	1
-5.85595862070113	-13.4809793099994	0	1
-5.66853793100017	-13.2467689660261	0	1
-5.48111724140108	-13.0125586210052	0	1
-5.29369655170012	-12.7783482759842	0	1
-5.10627586210103	-12.5441379310214	0	1
-4.91885517240007	-12.3099275860004	0	1
-4.73143448280098	-12.0757172409794	0	1
-4.54401379310002	-11.8415068970062	0	1
-4.35659310339906	-11.6072965519852	0	1
-4.16917241379997	-11.3730862070224	0	1
-3.98175172409901	-11.1388758620014	0	1
-3.79433103449992	-10.9046655169805	0	1
-3.60691034479896	-10.6704551720177	0	1
-3.41948965519987	-10.4362448279862	0	1
-3.23206896549891	-10.2020344830235	0	1
-3.04464827589982	-9.96782413800247	0	1
-2.85722758619886	-9.73361379298149	0	1
-2.66980689659977	-9.49940344801871	0	1
-2.48238620689881	-9.26519310299773	0	1
-2.29496551720149	-9.03098275902448	0	1
-2.10754482759876	-8.7967724140035	0	1
-1.92012413790144	-8.56256206898252	0	1
-1.73270344829871	-8.32835172401974	0	1
-1.54528275860139	-8.09414137899876	0	1
-1.35786206899866	-7.85993103502551	0	1
-1.17044137930134	-7.62572069000453	0	1
-0.983020689698606	-7.39151034498354	0	1
-0.795600000001286	-7.15730000002077	0	1
-0.608179310300329	-6.92308965499979	0	1
-0.420758620701235	-6.6888793099788	0	1
-0.233337931000278	-6.45466896600556	0	1
-0.0459172414011846	-6.22045862098457	0	1
0.141503448299773	-5.9862482760218	0	1
0.328924137898866	-5.75203793100081	0	1
0.516344827599823	-5.51782758597983	0	1
0.703765517198917	-5.28361724101705	0	1
0.891186206899874	-5.0494068969856	0	1
1.07860689649897	-4.81519655202283	0	1
1.26602758619993	-4.58098620700184	0	1
1.45344827590088	-4.34677586198086	0	1
1.64086896549998	-4.11256551701808	0	1
1.82828965520093	-3.8783551719971	0	1
2.01571034480003	-3.64414482802385	0	1
2.20313103450098	-3.40993448300287	0	1
2.39055172410008	-3.17572413798189	0	1
2.57797241380104	-2.94151379301911	0	1
2.76539310340013	-2.70730344799813	0	1
2.95281379310109	-2.47309310297715	0	1
