4.17238999999972	-4.01683600002434	0	1
4.36512399999992	-3.77520600002026	0	1
4.55785800000012	-3.53357500000857	0	1
4.75059200000032	-3.29194500000449	0	1
4.94332600000052	-3.0503139999928	0	1
5.13606000000073	-2.8086829999811	0	1
5.32879099999991	-2.56705100002	0	1
5.52151900000172	-2.32541500002844	0	1
5.71423100000175	-2.08376800001133	0	1
5.90689600000042	-1.8420819999883	0	1
6.09980500000165	-1.59976399998413	0	1
6.28724299999885	-1.3652749999892	0	1
6.47410899999886	-1.13118500000564	0	1
6.66092600000047	-0.897057000023779	0	1
6.84772800000064	-0.662917000008747	0	1
7.03452599999946	-0.428773000021465	0	1
7.22132300000158	-0.194628000026569	0	1
7.40811899999972	0.0395170000265352	0	1
7.59491500000149	0.273662000021432	0	1
7.78170999999929	0.507807000016328	0	1
7.96850600000107	0.741953000018839	0	1
8.15530199999921	0.976098000013735	0	1
8.34209800000099	1.21024300000863	0	1
8.52889399999913	1.44438900001114	0	1
8.7156900000009	1.67853400000604	0	1
8.90248599999904	1.91267900000094	0	1
9.08928100000048	2.14682500000345	0	1
9.27607699999862	2.38096999999834	0	1
9.4628730000004	2.61511499999324	0	1
9.64966899999854	2.84926099999575	0	1
9.83646500000032	3.08340599999065	0	1
10.0232609999985	3.31755099998554	0	1
10.2100559999999	3.55169599998044	0	1
10.3968520000017	3.78584199998295	0	1
10.5836479999998	4.01998699997785	0	1
10.7704440000016	4.25413199997274	0	1
10.9572399999997	4.48827799997525	0	1
11.1440360000015	4.72242300002836	0	1
11.3308309999993	4.95656800002325	0	1
11.5176270000011	5.19071400002576	0	1
11.7044229999992	5.42485900002066	0	1
11.891219000001	5.65900400001556	0	1
12.0780149999991	5.89315000001807	0	1
12.2648110000009	6.12729500001296	0	1
12.4516069999991	6.36144000000786	0	1
12.6384020000005	6.59558600001037	0	1
12.8251979999986	6.82973100000527	0	1
13.0119940000004	7.06387600000016	0	1
13.1987899999986	7.29802099999506	0	1
13.3855860000003	7.53216699999757	0	1
13.5723819999985	7.76631199999247	0	1
13.7591769999999	8.00045699998736	0	1
13.9459730000017	8.23460299998987	0	1
14.1327689999998	8.46874799998477	0	1
14.3195650000016	8.70289299997967	0	1
14.5063609999997	8.93703899998218	0	1
14.6931570000015	9.17118399997707	0	1
14.8799529999997	9.40532899997197	0	1
15.0667480000011	9.63947499997448	0	1
15.2535439999992	9.87362000002759	0	1
15.440340000001	10.1077650000225	0	1
15.6271359999992	10.341911000025	0	1
15.8139320000009	10.5760560000199	0	1
16.0007279999991	10.8102010000148	0	1
16.1875230000005	11.0443460000097	0	1
16.3743189999986	11.2784920000122	0	1
16.5611150000004	11.5126370000071	0	1
16.7479109999986	11.746782000002	0	1
16.9347070000003	11.9809280000045	0	1
17.1215029999985	12.2150729999994	0	1
17.3082979999999	12.4492179999943	0	1
17.4950940000017	12.6833639999968	0	1
17.6818899999998	12.9175089999917	0	1
17.8686860000016	13.1516539999866	0	1
18.0554819999998	13.3857999999891	0	1
18.2422780000015	13.619944999984	0	1
18.4290739999997	13.8540899999789	0	1
18.6158690000011	14.0882359999814	0	1
18.8026649999993	14.3223809999763	0	1
18.989461000001	14.5565259999712	0	1
19.1762569999992	14.7906710000243	0	1
19.3630530000009	15.0248170000268	0	1
19.5498489999991	15.2589620000217	0	1
19.7366440000005	15.4931070000166	0	1
19.9234399999987	15.7272530000191	0	1
20.1102360000004	15.961398000014	0	1
20.2970319999986	16.1955430000089	0	1
20.4838280000004	16.4296890000114	0	1
20.6706239999985	16.6638340000063	0	1
20.8574200000003	16.8979790000012	0	1
21.0442150000017	17.1321250000037	0	1
21.2310109999999	17.3662699999986	0	1
21.4178070000016	17.6004149999935	0	1
21.6046029999998	17.834560999996	0	1
21.7913990000015	18.0687059999909	0	1
21.9781949999997	18.3028509999858	0	1
22.1649900000011	18.5369959999807	0	1
22.3517859999993	18.7711419999832	0	1
22.538582000001	19.0052869999781	0	1
22.7253779999992	19.239431999973	0	1
22.912174000001	19.4735779999755	0	1
23.0989699999991	19.7077230000286	0	1
23.2857650000005	19.9418680000235	0	1
23.4725609999987	20.176014000026	0	1
23.6593570000005	20.4101590000209	0	1
23.8461529999986	20.6443040000158	0	1
24.0329490000004	20.8784500000183	0	1
24.2197449999985	21.1125950000132	0	1
24.4065410000003	21.3467400000081	0	1
24.5933360000017	21.580885000003	0	1
24.7801319999999	21.8150310000055	0	1
24.9669280000016	22.0491760000004	0	1
25.1537239999998	22.2833209999953	0	1
25.3405200000016	22.5174669999979	0	1
25.5273159999997	22.7516119999927	0	1
25.7141110000011	22.9857569999876	0	1
25.9009069999993	23.2199029999902	0	1
26.0877030000011	23.4540479999851	0	1
26.2744989999992	23.6881929999799	0	1
26.461295000001	23.9223389999825	0	1
26.6480909999991	24.1564839999774	0	1
26.8348870000009	24.3906289999723	0	1
27.0216819999987	24.6247749999748	0	1
27.2084780000005	24.8589200000279	0	1
27.3952739999986	25.0930650000228	0	1
27.5820700000004	25.3272100000177	0	1
27.7688659999985	25.5613560000202	0	1
27.9556620000003	25.7955010000151	0	1
28.1424570000017	26.02964600001	0	1
28.3292529999999	26.2637920000125	0	1
28.5160490000017	26.4979370000074	0	1
28.7028449999998	26.7320820000023	0	1
28.8896410000016	26.9662280000048	0	1
29.0764369999997	27.2003729999997	0	1
29.2632320000012	27.4345179999946	0	1
29.4500279999993	27.6686639999971	0	1
29.6368240000011	27.902808999992	0	1
29.8236199999992	28.1369539999869	0	1
30.010416000001	28.3710999999894	0	1
30.1972119999991	28.6052449999843	0	1
30.3840080000009	28.8393899999792	0	1
30.5708029999987	29.0735349999741	0	1
30.7575990000005	29.3076809999766	0	1
30.9443949999986	29.5418259999715	0	1
31.1311910000004	29.7759710000246	0	1
31.3179869999985	30.0101170000271	0	1
31.5047830000003	30.244262000022	0	1
31.6915780000018	30.4784070000169	0	1
31.8783739999999	30.7125530000194	0	1
32.0651700000017	30.9466980000143	0	1
32.2519659999998	31.1808430000092	0	1
32.4387620000016	31.4149890000117	0	1
32.6255579999997	31.6491340000066	0	1
32.8123530000012	31.8832790000015	0	1
32.9991489999993	32.117425000004	0	1
33.1859450000011	32.3515699999989	0	1
33.3727409999992	32.5857149999938	0	1
33.559537000001	32.8198599999887	0	1
33.7463329999991	33.0540059999912	0	1
33.9331290000009	33.2881509999861	0	1
34.1199239999987	33.522295999981	0	1
34.3067200000005	33.7564419999835	0	1
34.4935159999986	33.9905869999784	0	1
34.6803120000004	34.2247319999733	0	1
34.8671079999986	34.4588779999758	0	1
35.0539040000003	34.6930230000289	0	1
35.2406990000018	34.9271680000238	0	1
35.4274949999999	35.1613140000263	0	1
35.6142910000017	35.3954590000212	0	1
35.8010869999998	35.6296040000161	0	1
35.9878830000016	35.8637500000186	0	1
36.1746789999997	36.0978950000135	0	1
36.3614750000015	36.3320400000084	0	1
36.5482699999993	36.5661850000033	0	1
36.7350660000011	36.8003310000058	0	1
36.9218619999992	37.0344760000007	0	1
37.108658000001	37.2686209999956	0	1
37.2954539999992	37.5027669999981	0	1
37.4822500000009	37.736911999993	0	1
37.6690449999987	37.9710569999879	0	1
37.8558410000005	38.2052029999904	0	1
38.0426369999986	38.4393479999853	0	1
38.2294330000004	38.6734929999802	0	1
38.4162289999986	38.9076389999827	0	1
38.6030250000003	39.1417839999776	0	1
38.7898200000018	39.3759289999725	0	1
38.9766159999999	39.6100740000256	0	1
39.1634120000017	39.8442200000281	0	1
39.3502079999998	40.078365000023	0	1
39.5370040000016	40.3125100000179	0	1
39.7237999999998	40.5466560000204	0	1
39.9105960000015	40.7808010000153	0	1
40.0973909999993	41.0149460000102	0	1
40.2841870000011	41.2490920000128	0	1
40.4709829999993	41.4832370000076	0	1
40.657779000001	41.7173820000025	0	1
40.8445749999992	41.9515280000051	0	1
41.0313710000009	42.185673	0	1
41.2181659999987	42.4198179999948	0	1
41.4049620000005	42.6539639999974	0	1
41.5917579999987	42.8881089999923	0	1
41.7785530000001	43.1222549999948	0	1
41.9653460000009	43.3564030000125	0	1
42.1521319999993	43.5905550000025	0	1
42.3388980000018	43.8247240000055	0	1
42.5255969999998	44.0589470000123	0	1
42.7124110000004	44.2937660000171	0	1
42.8998380000012	44.5288960000034	0	1
43.0874000000003	44.7640440000105	0	1
43.2750760000017	44.9992460000212	0	1
43.4629050000003	45.2344859999721	0	1
43.6506780000018	45.4692149999901	0	1
43.8378799999991	45.7036940000253	0	1
44.0250159999996	45.938227000006	0	1
44.2121310000002	46.1727759999922	0	1
44.3992399999988	46.407331000024	0	1
44.5863470000004	46.6418880000128	0	1
44.7734549999986	46.8764439999941	0	1
44.9605669999983	47.1109960000031	0	1
45.1476909999983	47.3455390000017	0	1
45.334855000001	47.5800479999743	0	1
45.5218849999983	47.8141290000058	0	1
45.7086100000015	48.0481119999895	0	1
45.8953839999995	48.2822440000018	0	1
46.0822289999996	48.5165140000172	0	1
46.2691279999999	48.7509410000057	0	1
46.4562689999984	48.9859389999765	0	1
46.6438139999991	49.221166000003	0	1
46.8313999999991	49.4563610000187	0	1
47.0189979999996	49.6915450000088	0	1
47.2066000000013	49.9267269999837	0	1
47.3942040000002	50.1619070000015	0	1
47.581807999999	50.3970870000194	0	1
47.7694110000011	50.632266999979	0	1
47.957015	50.8674469999969	0	1
48.1446189999988	51.1026280000224	0	1
48.3322230000012	51.337807999982	0	1
48.5198270000001	51.5729879999999	0	1
48.7074299999986	51.8081680000178	0	1
48.8950320000004	52.0433499999926	0	1
49.0826300000008	52.2785349999904	0	1
49.2702150000005	52.513730000006	0	1
49.4577570000001	52.7489610000048	0	1
49.6456179999986	52.9848730000085	0	1
49.8149389999999	53.1971239999984	0	1
49.9836109999997	53.4088570000022	0	1
50.1522530000002	53.620614000014	0	1
50.320925	53.8323470000178	0	1
50.4892	54.0433150000172	0	1
50.6761189999997	54.2780730000231	0	1
50.8636570000017	54.5133069999865	0	1
51.0512369999997	54.7485059999744	0	1
51.2388299999984	54.9836950000026	0	1
51.4264269999985	55.2188800000004	0	1
51.6140259999993	55.4540639999905	0	1
51.8016250000001	55.6892479999806	0	1
51.9892240000008	55.9244320000289	0	1
52.1768230000016	56.159616000019	0	1
52.3644219999987	56.3948000000091	0	1
52.5520209999995	56.6299839999992	0	1
52.7396200000003	56.8651679999894	0	1
52.9272200000014	57.1003519999795	0	1
53.1148189999985	57.3355360000278	0	1
53.3024179999993	57.5707200000179	0	1
53.4900170000001	57.805904000008	0	1
53.6776160000009	58.0410879999981	0	1
53.8652150000016	58.2762719999882	0	1
54.0528139999988	58.5114550000289	0	1
54.2404129999995	58.7466390000191	0	1
54.4280130000006	58.9818230000092	0	1
54.6156120000014	59.2170069999993	0	1
54.8032109999986	59.4521909999894	0	1
54.9908099999993	59.6873749999795	0	1
55.1784090000001	59.9225590000278	0	1
55.3660080000009	60.1577430000179	0	1
55.5536070000016	60.3929270000081	0	1
55.7412069999991	60.6281109999982	0	1
55.9288059999999	60.8632949999883	0	1
56.1164050000007	61.0984789999784	0	1
56.3040040000014	61.3336630000267	0	1
56.4916029999986	61.5688460000092	0	1
56.6792019999993	61.8040299999993	0	1
56.8668010000001	62.0392139999894	0	1
57.0544000000009	62.2743989999872	0	1
57.241997000001	62.5095839999849	0	1
57.4295910000001	62.7447720000055	0	1
57.6171729999987	62.9799699999858	0	1
57.8047169999991	63.2151980000199	0	1
57.9921370000011	63.4505270000082	0	1
58.1802959999986	63.6875899999868	0	1
58.3697590000011	63.9254330000258	0	1
58.559150000001	64.1629100000137	0	1
58.7484360000017	64.4001089999801	0	1
58.9377060000006	64.6370130000287	0	1
59.1259419999988	64.8719220000203	0	1
59.3125079999991	65.1057029999793	0	1
59.4989529999984	65.3395899999887	0	1
59.6853609999998	65.5735100000165	0	1
59.8717580000011	65.8074389999965	0	1
60.0581510000011	66.041372000007	0	1
60.2445430000007	66.2753050000174	0	1
60.430934	66.5092389999772	0	1
60.6173259999996	66.7431719999877	0	1
60.8037169999989	66.9771060000057	0	1
60.9901089999985	67.2110390000162	0	1
61.1765010000017	67.4449720000266	0	1
61.3628969999991	67.6789020000142	0	1
61.5493019999994	67.9128250000067	0	1
61.7357359999987	68.1467210000264	0	1
61.9222670000017	68.3805329999886	0	1
62.1074880000015	68.6121999999741	0	1
62.2876959999994	68.8389760000282	0	1
62.4662309999985	69.0638369999942	0	1
62.6425579999996	69.2855560000171	0	1
62.8155990000014	69.5041089999722	0	1
62.989633000001	69.7245359999943	0	1
63.1685739999994	69.9497729999712	0	1
63.3489760000011	70.1766279999865	0	1
63.5312279999998	70.4065839999821	0	1
63.7155190000012	70.6397899999865	1	1
63.8971249999995	70.8745149999741	1	1
64.0736639999996	71.1105589999934	1	1
64.2429110000012	71.3474610000267	1	1
64.4026640000011	71.5846310000052	1	1
64.5507780000007	71.8213530000066	1	1
64.6852059999983	72.0567889999948	1	1
64.8040670000009	72.290009999997	1	1
64.9057060000014	72.5200380000169	1	1
64.9887860000017	72.7459789999994	1	1
65.0524489999989	72.9675530000241	1	1
65.0964840000015	73.185828000016	1	1
65.1211340000009	73.4031129999785	1	1
65.1266199999991	73.6221880000085	1	1
65.1129660000006	73.8456100000185	1	1
65.0801859999992	74.0749049999868	1	1
65.0285670000012	74.3100190000259	1	1
64.9587089999986	74.5498149999767	1	1
64.871482999999	74.7928059999831	1	1
64.7679889999999	75.0374259999953	0	1
64.6495160000013	75.2820990000037	0	1
64.5175029999991	75.5252750000218	0	1
64.3735059999999	75.7654530000291	0	1
64.2191679999996	76.0011819999781	0	1
64.0561979999984	76.2310619999771	0	1
63.8863640000018	76.4537380000111	0	1
63.7114770000007	76.6678889999748	0	1
63.5333989999999	76.8722219999763	0	1
63.3549850000018	77.0644760000287	0	1
63.1742180000001	77.2462769999984	0	1
62.9845239999995	77.4254039999796	0	1
62.7848019999983	77.6050340000074	0	1
62.5748669999994	77.7874159999774	0	1
62.3537910000014	77.9754930000054	0	1
62.1256030000004	78.1690209999797	0	1
61.8968280000008	78.3631029999815	0	1
61.6680610000003	78.5571960000088	0	1
61.4392970000008	78.7512909999932	0	1
61.2105330000013	78.9453879999928	0	1
60.9817699999985	79.1394839999848	0	1
60.7530069999993	79.3335809999844	0	1
60.5242440000002	79.527677999984	0	1
60.295481000001	79.7217749999836	0	1
60.0667179999982	79.9158709999756	0	1
59.8379549999991	80.1099679999752	0	1
59.6091919999999	80.3040649999748	0	1
59.3804290000007	80.4981619999744	0	1
59.1516660000016	80.692258999974	0	1
58.9229029999988	80.8863550000242	0	1
58.6941379999989	81.080449000001	0	1
58.4653690000014	81.2745390000055	0	1
58.2365869999994	81.4686130000046	0	1
58.0077610000008	81.6626360000228	0	1
57.7778209999997	81.8573179999948	0	1
57.5465460000014	82.0534759999719	0	1
57.3183910000007	82.2481590000098	1	1
57.095577	82.4375690000015	1	1
56.8769790000006	82.6194590000086	1	1
56.6619150000006	82.7891240000026	1	1
56.4500279999993	82.9421219999786	1	1
56.2371520000015	83.0770919999923	1	1
56.0227799999993	83.1932679999736	1	1
55.8092089999991	83.2881959999795	1	1
55.5976090000004	83.3605860000243	1	1
55.3875709999993	83.41025299998	1	1
55.165022000001	83.4386470000027	1	1
54.9740160000001	83.4489489999833	1	1
54.7872160000006	83.4394549999852	1	1
54.5939030000009	83.4109470000258	1	1
54.3944450000017	83.3634609999717	1	1
54.1843880000015	83.2952800000203	1	1
53.9400810000006	83.201922999986	1	1
53.7042660000006	83.0928590000258	1	1
53.4706890000016	82.9668100000126	1	1
53.241743999999	82.8257779999985	1	1
53.0197520000002	82.671967000002	0	1
52.8069590000014	82.5077489999821	0	1
52.6061389999995	82.3361819999991	0	1
52.4150990000016	82.1552239999874	0	1
52.2307089999995	81.9642480000039	0	1
52.0495579999988	81.7621420000214	0	1
51.8684580000008	81.5488950000145	0	1
51.6843950000002	81.3250000000116	0	1
51.4972229999985	81.0960900000064	0	1
51.3079880000005	80.8645789999864	0	1
51.1180899999999	80.6325339999748	0	1
50.9281489999994	80.4005229999893	0	1
50.7381940000014	80.1685229999712	0	1
50.5482359999987	79.9365259999759	0	1
50.358275999999	79.7045299999882	0	1
50.1683159999993	79.4725350000081	0	1
49.9783559999996	79.2405390000204	0	1
49.7883949999996	79.0085439999821	0	1
49.5984349999999	78.7765479999944	0	1
49.4084750000002	78.5445530000143	0	1
49.2185140000001	78.312557999976	0	1
49.0285540000004	78.0805619999883	0	1
48.8385940000007	77.8485670000082	0	1
48.6486330000007	77.6165720000281	0	1
48.458673000001	77.3845769999898	0	1
48.2687110000006	77.1525830000173	0	1
48.0787449999989	76.9205920000095	0	1
47.8887670000004	76.688610000012	0	1
47.6987489999992	76.4566619999823	0	1
47.5091710000015	76.225523000001	0	1
47.3201389999995	75.9947900000261	0	1
47.1309880000008	75.7638210000005	0	1
46.9416979999987	75.5326270000078	0	1
46.752285999999	75.3011880000122	0	1
46.5622939999994	75.0687449999969	0	1
46.3716229999991	74.8357110000215	0	1
46.1809130000001	74.6027089999989	0	1
45.9901900000004	74.3697169999941	0	1
45.7994629999994	74.1367280000122	0	1
45.6087350000016	73.9037389999721	0	1
45.4180070000002	73.6707509999978	0	1
45.2272789999988	73.4377630000236	0	1
45.0365510000011	73.2047749999911	0	1
44.8458229999997	72.9717870000168	0	1
44.6550940000016	72.7387989999843	0	1
44.4643660000002	72.50581100001	0	1
44.2736379999988	72.2728229999775	0	1
44.0829110000013	72.0398339999956	0	1
43.8921870000013	71.8068429999985	0	1
43.7014720000006	71.5738450000063	0	1
43.5107869999993	71.3408230000059	0	1
43.3201990000016	71.1077240000013	0	1
43.1288009999989	70.8729499999899	0	1
42.9362480000018	70.6373690000037	0	1
42.7438709999988	70.4022269999841	0	1
42.5517010000003	70.1674619999831	0	1
42.3596749999997	69.9330900000059	0	1
42.1687459999994	69.7006759999786	0	1
41.9792989999987	69.4694049999816	0	1
41.7899470000011	69.2380540000158	0	1
41.6006249999991	69.0066779999761	0	1
41.4113109999998	68.7752939999918	0	1
41.2220009999983	68.543909	0	1
41.0326910000003	68.3125219999929	0	1
40.8433809999988	68.0811359999934	0	1
40.6540720000012	67.8497489999863	0	1
40.4647619999996	67.6183619999792	0	1
40.2754529999984	67.3869759999798	0	1
40.0861430000004	67.1555889999727	0	1
39.8968309999982	66.9242039999808	0	1
39.7075149999982	66.6928230000194	0	1
39.5181840000005	66.4614539999748	0	1
39.328805000001	66.2301260000095	0	1
39.1402149999994	66.0000669999863	0	1
38.9713069999998	65.7927079999936	0	1
38.8011939999997	65.5842110000085	0	1
38.6310469999989	65.3757420000038	0	1
38.4609339999988	65.1672450000187	0	1
38.2899130000005	64.9573330000276	0	1
38.0994199999986	64.7249769999762	0	1
37.9100499999986	64.4936410000082	0	1
37.7207300000009	64.2622630000114	0	1
37.531425000001	64.0308729999815	0	1
37.3421239999989	63.7994789999793	0	1
37.152825000001	63.5680830000201	0	1
36.9635259999995	63.3366880000103	0	1
36.7742279999984	63.1052919999929	0	1
36.5849290000006	62.8738959999755	0	1
36.3956309999994	62.6425000000163	0	1
36.2063320000016	62.4111039999989	0	1
36.0170340000004	62.1797079999815	0	1
35.8277359999993	61.9483120000223	0	1
35.6384370000014	61.7169170000125	0	1
35.4491390000003	61.4855209999951	0	1
35.2598399999988	61.2541249999776	0	1
35.0705420000013	61.0227290000184	0	1
34.8812429999998	60.791333000001	0	1
34.6919449999987	60.5599369999836	0	1
34.5026460000008	60.3285410000244	0	1
34.3133479999997	60.097145000007	0	1
34.1240489999982	59.8657489999896	0	1
33.9347510000007	59.6343539999798	0	1
33.7454519999992	59.4029580000206	0	1
33.5561530000014	59.1715630000108	0	1
33.3668519999992	58.9401690000086	0	1
33.177545999999	58.7087789999787	0	1
32.9882240000006	58.4774029999971	0	1
32.7988469999982	58.2460730000166	0	1
32.6098730000012	58.0155849999865	0	1
32.4030940000011	57.7638739999966	0	1
32.1976119999999	57.512928000011	0	1
31.9925650000005	57.2614629999734	0	1
31.787604000001	57.0097309999983	0	1
31.5827739999986	56.7578850000282	0	1
31.3955209999986	56.5274610000197	0	1
31.2062069999993	56.2951640000101	0	1
31.0167809999984	56.0629540000227	0	1
30.8273200000003	55.8307720000157	0	1
30.6378489999988	55.5985970000038	0	1
30.4483739999996	55.3664250000147	0	1
30.2588990000004	55.134253999975	0	1
30.0694230000008	54.9020829999936	0	1
29.8799470000013	54.6699130000197	0	1
29.6904719999984	54.4377419999801	0	1
29.5009959999988	54.2055709999986	0	1
29.3115199999993	53.9734000000171	0	1
29.1220439999997	53.7412299999851	0	1
28.9325680000002	53.5090590000036	0	1
28.7430920000006	53.2768880000222	0	1
28.5536160000011	53.0447169999825	0	1
28.3641400000015	52.8125470000086	0	1
28.1746649999986	52.5803760000272	0	1
27.9851889999991	52.3482049999875	0	1
27.7957129999995	52.116034000006	0	1
27.606237	51.883863999974	0	1
27.4167610000004	51.6516929999925	0	1
27.2272850000008	51.4195220000111	0	1
27.0378090000013	51.1873509999714	0	1
26.8483339999984	50.9551809999975	0	1
26.6588579999989	50.7230100000161	0	1
26.4693819999993	50.4908389999764	0	1
26.2799059999998	50.2586679999949	0	1
26.0904300000002	50.0264980000211	0	1
25.9009540000006	49.7943269999814	0	1
25.7114780000011	49.562156	0	1
25.5220020000015	49.3299850000185	0	1
25.3325269999987	49.0978149999864	0	1
25.1430509999991	48.865644000005	0	1
24.9535749999995	48.6334730000235	0	1
24.764099	48.4013019999838	0	1
24.5746230000004	48.16913200001	0	1
24.3851470000009	47.9369610000285	0	1
24.1956710000013	47.7047899999889	0	1
24.0061950000018	47.4726190000074	0	1
23.8167199999989	47.2404489999753	0	1
23.6272439999993	47.0082779999939	0	1
23.4377679999998	46.7761070000124	0	1
23.2482920000002	46.5439359999727	0	1
23.0588160000007	46.3117659999989	0	1
22.8693400000011	46.0795950000174	0	1
22.6798640000015	45.8474239999778	0	1
22.4903889999987	45.6152529999963	0	1
22.3009129999991	45.3830830000225	0	1
22.1114369999996	45.1509119999828	0	1
21.921961	44.9187410000013	0	1
21.7324850000005	44.6865700000199	0	1
21.5430090000009	44.4543999999878	0	1
21.3535330000013	44.2222290000063	0	1
21.1640570000018	43.9900580000249	0	1
20.9745819999989	43.7578869999852	0	1
20.7851059999994	43.5257170000114	0	1
20.5956299999998	43.2935459999717	0	1
20.4061540000002	43.0613749999902	0	1
20.216679000001	42.8292040000088	0	1
20.0272040000018	42.5970320000197	0	1
19.8377330000003	42.3648580000154	0	1
19.6482719999985	42.1326750000007	0	1
19.4588460000014	41.9004650000134	0	1
19.2695319999984	41.6681680000038	0	1
19.0797869999988	41.4345699999831	0	1
18.8891120000008	41.2005440000212	0	1
18.6985380000006	40.9668969999766	0	1
18.5080989999988	40.7335559999919	0	1
18.3177189999988	40.5005370000144	0	1
18.1279700000014	40.2690079999738	0	1
17.939402	40.0381690000067	0	1
17.7509439999994	39.8072379999794	0	1
17.5625189999992	39.5762789999717	0	1
17.374104999999	39.3453110000119	0	1
17.1856939999998	39.114339999971	0	1
16.9972850000013	38.8833679999807	0	1
16.8088759999991	38.6523959999904	0	1
16.6204700000017	38.4214209999773	0	1
16.4320740000003	38.1904380000196	0	1
16.2437070000015	37.9594299999881	0	1
16.0550750000002	37.7279110000236	0	1
15.8853830000007	37.5195180000155	0	1
15.7161870000018	37.3115259999759	0	1
15.5470119999991	37.1035169999814	0	1
15.3778170000005	36.8955249999999	0	1
15.2089520000009	36.6881150000263	0	1
15.0210640000005	36.4574799999828	0	1
14.8326970000016	36.2264720000094	0	1
14.6442979999993	35.9954910000088	0	1
14.4558780000007	35.7645280000288	0	1
14.2676170000013	35.5338379999739	0	1
14.0796950000004	35.3032029999886	0	1
13.8911350000017	35.0710730000283	0	1
13.7013829999996	34.8381769999978	0	1
13.5116210000015	34.6054499999736	0	1
13.3217179999992	34.3725439999835	0	1
13.1314899999998	34.1396309999982	0	1
12.9420339999997	33.9083170000231	0	1
12.7539580000011	33.677920999995	0	1
12.5659820000001	33.4474369999953	0	1
12.3780359999982	33.2169269999722	0	1
12.1900999999998	32.986407999997	0	1
12.0021669999987	32.7558870000066	0	1
11.8142350000016	32.5253650000086	0	1
11.6263030000009	32.294842000003	0	1
11.4383710000002	32.064320000005	0	1
11.2504389999995	31.8337969999993	0	1
11.0625069999987	31.6032750000013	0	1
10.8745750000016	31.3727530000033	0	1
10.6866430000009	31.1422299999977	0	1
10.4987110000002	30.9117079999996	0	1
10.3107789999995	30.681184999994	0	1
10.1228469999987	30.450662999996	0	1
9.9349140000013	30.2201420000056	0	1
9.74697799999922	29.9896220000228	0	1
9.5590349999984	29.7591099999845	0	1
9.3710659999997	29.5286199999973	0	1
9.1830149999987	29.2982019999763	0	1
8.99599899999885	29.0695089999936	0	1
8.8103200000005	28.8417839999893	0	1
8.62449099999867	28.6137040000176	0	1
8.4384570000002	28.3852859999752	0	1
8.25223800000094	28.1564830000279	0	1
8.06468400000085	27.9255750000011	0	1
7.8754689999987	27.6934110000147	0	1
7.6873110000015	27.4632449999917	0	1
7.50013799999942	27.2335709999898	0	1
7.31248699999924	27.0027049999917	0	1
7.12478499999997	26.7702769999742	0	1
6.93726199999946	26.5360910000163	0	1
6.74819399999978	26.2987909999792	0	1
6.55758499999865	26.0599839999923	0	1
6.36690900000031	25.8212300000014	0	1
6.17621299999882	25.5824920000159	0	1
5.98550899999827	25.3437610000256	0	1
5.79479599999831	25.1050360000227	0	1
5.60406000000148	24.8663299999898	0	1
5.41356599999926	24.6280779999797	0	1
5.22411199999988	24.3909959999728	0	1
5.03533500000049	24.1547240000218	0	1
4.84722300000067	23.9192700000131	0	1
4.65978299999915	23.6846249999944	0	1
4.4727469999998	23.4503430000041	0	1
4.28531999999905	23.2157119999756	0	1
4.09787100000176	22.9810970000108	0	1
3.91041400000177	22.7464889999828	0	1
3.72295600000143	22.5118820000207	0	1
3.53549700000076	22.2772750000004	0	1
3.34803800000009	22.0426689999877	0	1
3.16057799999908	21.8080620000255	0	1
2.97311899999841	21.5734560000128	0	1
2.78565900000103	21.3388500000001	0	1
2.59820000000036	21.1042429999798	0	1
2.41074099999969	20.8696370000253	0	1
2.22328099999868	20.6350310000125	0	1
2.03582200000164	20.4004239999922	0	1
1.84836300000097	20.1658179999795	0	1
1.66090299999996	19.931212000025	0	1
1.47344399999929	19.6966050000046	0	1
1.28598499999862	19.4619989999919	0	1
1.09852500000125	19.2273929999792	0	1
0.911066000000574	18.9927860000171	0	1
0.723606999999902	18.7581800000044	0	1
0.536146999998891	18.5235739999916	0	1
0.348687999998219	18.2889669999713	0	1
0.161228000000847	18.0543610000168	0	1
-0.0262309999998251	17.8197550000041	0	1
-0.213690000000497	17.5851479999837	0	1
-0.401150000001508	17.350541999971	0	1
-0.588608999998542	17.1159360000165	0	1
-0.776067999999213	16.8813289999962	0	1
-0.963528000000224	16.6467229999835	0	1
-1.1509870000009	16.412117000029	0	1
-1.33844600000157	16.1775100000086	0	1
-1.52590599999894	15.9429039999959	0	1
-1.71336499999961	15.7082979999832	0	1
-1.90082500000062	15.4736910000211	0	1
-2.08828400000129	15.2390850000083	0	1
-2.27574299999833	15.0044789999956	0	1
-2.46320299999934	14.7698719999753	0	1
-2.65066200000001	14.5352660000208	0	1
-2.83812100000068	14.3006600000081	0	1
-3.02558100000169	14.0660529999877	0	1
-3.21303999999873	13.831446999975	0	1
-3.4004989999994	13.5968410000205	0	1
-3.58795900000041	13.3622340000002	0	1
-3.77541800000108	13.1276279999875	0	1
-3.96287799999845	12.8930210000253	0	1
-4.15033699999913	12.6584150000126	0	1
-4.3377959999998	12.4238089999999	0	1
-4.52525600000081	12.1892019999796	0	1
-4.71271500000148	11.954596000025	0	1
-4.90017399999851	11.7199900000123	0	1
-5.08763399999953	11.485382999992	0	1
-5.2750930000002	11.2507769999793	0	1
-5.46255200000087	11.0161710000248	0	1
-5.65001199999824	10.7815640000044	0	1
-5.83747099999891	10.5469579999917	0	1
-6.02492999999959	10.312351999979	0	1
-6.2123900000006	10.0777450000169	0	1
-6.39984900000127	9.84313900000416	0	1
-6.58730899999864	9.60853299999144	0	1
-6.77476799999931	9.37392599997111	0	1
-6.96222699999998	9.1393200000166	0	1
-7.14968700000099	8.90471400000388	0	1
-7.33714600000167	8.67010699998355	0	1
-7.5246049999987	8.43550100002903	0	1
-7.71206499999971	8.20089500001632	0	1
-7.89952400000038	7.96628799999598	0	1
-8.08698300000106	7.73168199998327	0	1
-8.27444299999843	7.49707600002876	0	1
-8.4619019999991	7.26246900000842	0	1
-8.64936200000011	7.0278629999957	0	1
-8.83682100000078	6.79325699998299	0	1
-9.02428000000145	6.55865000002086	0	1
-9.21173999999883	6.32404400000814	0	1
-9.3991989999995	6.08943799999543	0	1
-9.58665800000017	5.85483099997509	0	1
-9.77411800000118	5.62022500002058	0	1
-9.96157699999821	5.38561900000786	0	1
-10.1490359999989	5.15101199998753	0	1
-10.3364959999999	4.91640599997481	0	1
-10.5239550000006	4.6818000000203	0	1
-10.7114140000012	4.44719299999997	0	1
-10.8988739999986	4.21258699998725	0	1
-11.0863329999993	3.97798099997453	0	1
-11.2737930000003	3.74337400001241	0	1
-11.461252000001	3.50876799999969	0	1
-11.6487110000016	3.27416199998697	0	1
-11.836170999999	3.03955500002485	0	1
-12.0236299999997	2.80494900001213	0	1
-12.2110890000004	2.57034299999941	0	1
-12.3985490000014	2.33573599997908	0	1
-12.5860079999984	2.10113000002457	0	1
-12.7734669999991	1.86652400001185	0	1
-12.9609270000001	1.63191699999152	0	1
-13.1483860000008	1.3973109999788	0	1
-13.3358460000018	1.16270500002429	0	1
-13.5233049999988	0.928098000003956	0	1
-13.7107639999995	0.693491999991238	0	1
-13.8982240000005	0.45888599997852	0	1
-14.0856830000012	0.224279000016395	0	1
-14.2731419999982	-0.0103269999963231	0	1
-14.4606019999992	-0.244933000009041	0	1
-14.6480609999999	-0.479539999971166	0	1
-14.8355200000005	-0.714145999983884	0	1
-15.0229800000016	-0.948751999996603	0	1
-15.2104389999986	-1.18335900001694	0	1
-15.3978989999996	-1.41796499997145	0	1
-15.5853580000003	-1.65257099998416	0	1
-15.7728170000009	-1.8871780000045	0	1
-15.9602769999983	-2.12178400001721	0	1
-16.147735999999	-2.35638999997173	0	1
-16.3351949999997	-2.59099699999206	0	1
-16.5226550000007	-2.82560300000478	0	1
-16.7101140000013	-3.06020900001749	0	1
-16.8975729999984	-3.29481599997962	0	1
-17.0850329999994	-3.52942199999234	0	1
-17.2724920000001	-3.76402800000506	0	1
-17.4599510000007	-3.99863500002539	0	1
-17.6474110000017	-4.2332409999799	0	1
-17.8348699999988	-4.46784699999262	0	1
-18.0223299999998	-4.70245400001295	0	1
-18.2097890000005	-4.93706000002567	0	1
-18.3972480000011	-5.17166599998018	0	1
-18.5847079999985	-5.40627300000051	0	1
-18.7721669999992	-5.64087900001323	0	1
-18.9596259999998	-5.87548500002595	0	1
-19.1470860000009	-6.11009199998807	0	1
-19.3345450000015	-6.34469800000079	0	1
-19.5220039999986	-6.57930500002112	0	1
-19.7094639999996	-6.81391099997563	0	1
-19.8969230000002	-7.04851699998835	0	1
-20.0843830000013	-7.28312400000868	0	1
-20.2718419999983	-7.5177300000214	0	1
-20.459300999999	-7.75233599997591	0	1
-20.646761	-7.98694299999624	0	1
-20.8342200000006	-8.22154900000896	0	1
-21.0216790000013	-8.45615500002168	0	1
-21.2091389999987	-8.69076199998381	0	1
-21.3965979999994	-8.92536799999652	0	1
-21.584057	-9.15997400000924	0	1
-21.771517000001	-9.39458099997137	0	1
-21.9589760000017	-9.62918699998409	0	1
-22.1464349999987	-9.8637929999968	0	1
-22.3338949999998	-10.0984000000171	0	1
-22.5213540000004	-10.3330059999716	0	1
-22.7088140000014	-10.5676119999844	0	1
-22.8962729999985	-10.8022190000047	0	1
-23.0837319999991	-11.0368250000174	0	1
-23.2711920000002	-11.2714309999719	0	1
-23.4586510000008	-11.5060379999923	0	1
-23.6461100000015	-11.740644000005	0	1
-23.8335699999989	-11.9752500000177	0	1
-24.0210289999995	-12.2098569999798	0	1
-24.2084880000002	-12.4444629999925	0	1
-24.3959480000012	-12.6790690000053	0	1
-24.5834069999983	-12.9136760000256	0	1
-24.7708659999989	-13.1482819999801	0	1
-24.9583249999996	-13.3828890000004	0	1
-25.1457840000003	-13.6174960000208	0	1
-25.3332399999999	-13.8521049999981	0	1
-25.5206870000002	-14.0867200000212	0	1
-25.7081089999992	-14.3213559999713	0	1
-25.895446999999	-14.5560570000089	0	1
-26.0827839999984	-14.7913219999755	0	1
-26.2705190000015	-15.0265270000091	0	1
-26.4582020000016	-15.2614770000218	0	1
-26.6458039999998	-15.4962199999718	0	1
-26.833376999999	-15.7307400000282	0	1
-27.0208270000003	-15.9645509999827	0	1
-27.2077229999995	-16.1982379999827	0	1
-27.3945329999988	-16.4319939999841	0	1
-27.5813080000007	-16.6657789999736	0	1
-27.7680450000007	-16.8995959999738	0	1
-27.9546829999999	-17.1334940000088	0	1
-28.1413859999993	-17.3681199999992	0	1
-28.328884999999	-17.6030610000016	0	1
-28.5166080000017	-17.8380529999849	0	1
-28.7045270000017	-18.0731570000062	0	1
-28.8927089999997	-18.3083539999789	0	1
-29.0809010000012	-18.5429289999884	0	1
-29.2683250000009	-18.77724700002	0	1
-29.4556540000012	-19.0116479999851	0	1
-29.642953999999	-19.2460749999736	0	1
-29.830245000001	-19.4805090000154	0	1
-30.0175329999984	-19.7149450000143	0	1
-30.204819999999	-19.9493820000207	0	1
-30.3921069999997	-20.1838199999765	0	1
-30.5793940000003	-20.418256999983	0	1
-30.766681000001	-20.652694999997	0	1
-30.9539680000016	-20.8871320000035	0	1
-31.1412549999986	-21.1215700000175	0	1
-31.3285419999993	-21.356007000024	0	1
-31.5158289999999	-21.5904449999798	0	1
-31.7031160000006	-21.8248829999939	0	1
-31.8904020000009	-22.0593200000003	0	1
-32.0776890000016	-22.2937580000143	0	1
-32.2649759999986	-22.5281950000208	0	1
-32.4522629999992	-22.7626329999766	0	1
-32.6395499999999	-22.9970699999831	0	1
-32.8268370000005	-23.2315079999971	0	1
-33.0141240000012	-23.4659450000036	0	1
-33.2014109999982	-23.7003830000176	0	1
-33.3886979999988	-23.934820000024	0	1
-33.5759839999992	-24.1692579999799	0	1
-33.7632709999998	-24.4036959999939	0	1
-33.9505580000005	-24.6381330000004	0	1
-34.1378450000011	-24.8725710000144	0	1
-34.3251320000018	-25.1070080000209	0	1
-34.5124189999988	-25.3414459999767	0	1
-34.6997059999994	-25.5758829999832	0	1
-34.8869930000001	-25.8103209999972	0	1
-35.0742800000007	-26.0447580000036	0	1
-35.2615680000017	-26.2791940000025	0	1
-35.4488590000001	-26.5136289999937	0	1
-35.6361590000015	-26.7480549999746	0	1
-35.8234880000018	-26.9824559999979	0	1
-36.0109110000012	-27.216774999979	0	1
-36.1972620000015	-27.4492350000073	0	1
-36.3806949999998	-27.6789110000245	0	1
-36.5557149999986	-27.8986409999779	0	1
-36.7235670000009	-28.1111709999968	0	1
-36.8667649999988	-28.2934039999964	0	1
-37.0046330000005	-28.4700249999878	0	1
-37.1468679999998	-28.6513409999898	0	1
-37.2987990000001	-28.8440490000066	0	1
-37.4581910000015	-29.0439739999711	0	1
-37.6426350000002	-29.2743410000112	0	1
-37.8346579999998	-29.5134749999852	0	1
-38.0255099999995	-29.7517080000252	1	1
-38.2125730000007	-29.9881029999815	1	1
-38.3914650000006	-30.2237970000133	1	1
-38.5590770000017	-30.4586750000017	1	1
-38.7128569999986	-30.6920570000075	1	1
-38.8504199999988	-30.923094000027	1	1
-38.9696499999991	-31.1508180000237	1	1
-39.0688200000004	-31.3742670000065	1	1
-39.1468239999995	-31.5930449999869	1	1
-39.2033899999988	-31.8080230000196	1	1
-39.2388390000015	-32.0216570000048	1	1
-39.2535759999992	-32.2373939999961	1	1
-39.2476690000003	-32.4585129999905	1	1
-39.2210100000011	-32.6869799999986	1	1
-39.1737289999983	-32.9228920000023	1	1
-39.1065239999989	-33.1647310000262	1	1
-39.0206010000002	-33.4101670000236	1	1
-38.9175319999995	-33.6567219999852	1	1
-38.7991660000007	-33.9019570000237	1	1
-38.667558000001	-34.1435030000284	1	1
-38.5245160000013	-34.379712999973	1	1
-38.3737079999992	-34.6071329999832	0	1
-38.2160689999982	-34.826905999973	0	1
-38.0574760000018	-35.0352190000121	0	1
-37.9255740000008	-35.2026049999986	0	1
-37.785398	-35.3663020000095	0	1
-37.6358990000008	-35.52279800002	0	1
-37.4712419999996	-35.6798340000096	0	1
-37.2815069999997	-35.8474760000245	0	1
-37.0534000000007	-36.0414050000254	0	1
-36.826513	-36.2237009999808	0	1
-36.5904950000004	-36.413561000023	0	1
-36.3544970000003	-36.6034450000152	0	1
-36.1185059999989	-36.7933380000177	0	1
-35.8825160000015	-36.9832329999772	0	1
-35.6465270000008	-37.1731279999949	0	1
-35.4105390000004	-37.3630240000202	0	1
-35.1745499999997	-37.5529199999874	0	1
-34.938560999999	-37.7428160000127	0	1
-34.7025729999987	-37.9327119999798	0	1
-34.4665840000016	-38.1226080000051	0	1
-34.2305950000009	-38.3125030000228	0	1
-33.9946060000002	-38.50239899999	0	1
-33.7586169999995	-38.6922950000153	0	1
-33.5226269999985	-38.8821890000254	0	1
-33.2866350000004	-39.0720800000126	0	1
-33.0506329999989	-39.2619590000249	0	1
-32.8146009999982	-39.451801999996	0	1
-32.5783579999988	-39.641615999979	0	1
-32.3403800000015	-39.8323289999971	0	1
-32.1026210000018	-40.0237680000137	1	1
-31.8668519999992	-40.2141200000187	1	1
-31.6333379999996	-40.4029139999766	1	1
-31.4027280000009	-40.5891880000127	1	1
-31.1767980000004	-40.7702200000058	1	1
-30.9525299999987	-40.9422580000246	1	1
-30.7281000000003	-41.1028969999752	1	1
-30.5045649999993	-41.2489850000129	1	1
-30.2832300000009	-41.3776080000098	1	1
-30.0654219999997	-41.486315999995	1	1
-29.8518059999988	-41.5735390000045	1	1
-29.6419710000009	-41.6387959999847	1	1
-29.4339580000014	-41.6823640000075	1	1
-29.2242899999983	-41.7048710000236	1	1
-29.0092970000005	-41.7066539999796	1	1
-28.7865569999994	-41.6877310000127	1	1
-28.555260000001	-41.6481320000021	1	1
-28.3162220000013	-41.5884489999735	1	1
-28.0714269999989	-41.5098460000008	1	1
-27.8275729999987	-41.4157869999763	1	1
-27.5556550000001	-41.2914319999982	1	1
-27.2862639999985	-41.1523690000176	1	1
-27.0250950000009	-41.0013429999817	1	1
-26.7745849999992	-40.8393270000233	1	1
-26.5398150000001	-40.6695290000062	1	1
-26.3442729999988	-40.505570999987	1	1
-26.1526339999982	-40.3264440000057	0	1
-25.9695419999989	-40.1367210000171	0	1
-25.7920479999993	-39.9348289999762	0	1
-25.6132040000011	-39.7239609999815	0	1
-25.4314809999996	-39.5070490000071	0	1
-25.2456689999999	-39.2845540000126	0	1
-25.0566809999982	-39.0589000000036	0	1
-24.8667559999994	-38.832882000017	0	1
-24.6768960000009	-38.6063820000272	0	1
-24.4863399999995	-38.3790569999837	0	1
-24.2956919999997	-38.1514689999749	0	1
-24.1041450000012	-37.9220189999905	0	1
-23.911247	-37.6913199999835	0	1
-23.7182580000008	-37.4606870000134	0	1
-23.525239999999	-37.230074000021	0	1
-23.3322139999982	-36.999467000016	0	1
-23.139185	-36.7688629999757	0	1
-22.9461560000018	-36.5382579999859	0	1
-22.7531259999996	-36.3076540000038	0	1
-22.5600960000011	-36.0770500000217	0	1
-22.3670669999992	-35.8464449999738	0	1
-22.1740400000017	-35.6158389999764	0	1
-21.9810189999989	-35.3852290000068	0	1
-21.7880179999993	-35.1546039999812	0	1
-21.5950850000008	-34.9239299999899	0	1
-21.4023689999995	-34.6931009999826	0	1
-21.2096559999991	-34.4607839999953	0	1
-21.0154640000001	-34.2254020000109	0	1
-20.8189050000001	-33.9890349999769	0	1
-20.6219280000005	-33.7529339999892	0	1
-20.4243219999989	-33.5166949999984	0	1
-20.2261199999994	-33.2811499999953	0	1
-20.0290720000012	-33.0477700000047	0	1
-19.8345069999996	-32.8152409999748	0	1
-19.6402329999983	-32.5824489999795	0	1
-19.4460480000016	-32.3495770000154	0	1
-19.2518889999992	-32.1166799999774	0	1
-19.0577349999985	-31.8837790000252	0	1
-18.8635719999984	-31.6508870000253	0	1
-18.669371	-31.4180289999931	0	1
-18.475781000001	-31.1860989999841	0	1
-18.3030010000002	-30.9756499999785	0	1
-18.1292570000005	-30.7649760000058	0	1
-17.956302999999	-30.5554230000125	0	1
-17.7842329999985	-30.3468800000264	0	1
-17.6124869999985	-30.1386199999833	0	1
-17.4209740000006	-29.9104749999824	0	1
-17.2311010000012	-29.6833590000169	0	1
-17.0413569999982	-29.4561209999956	0	1
-16.8517229999998	-29.2287789999973	0	1
-16.6609510000017	-28.9997229999863	0	1
-16.4493030000012	-28.7502220000024	0	1
-16.239164999999	-28.5018280000077	0	1
-16.0290549999991	-28.2534079999896	0	1
-15.8188100000007	-28.0051170000224	0	1
-15.6107499999998	-27.76013900002	0	1
-15.4251399999994	-27.5367940000142	0	1
-15.2373729999999	-27.3115199999884	0	1
-15.0492149999991	-27.0860090000206	0	1
-14.861660999999	-26.8614860000089	0	1
-14.6746920000005	-26.6366290000151	0	1
-14.4868779999997	-26.4112689999747	0	1
-14.2996060000005	-26.1867429999984	0	1
-14.1138839999985	-25.9643529999885	0	1
-13.9284220000009	-25.7413350000279	0	1
-13.7409069999994	-25.5162400000263	0	1
-13.5525589999997	-25.2902589999721	0	1
-13.3634029999994	-25.0633539999835	0	1
-13.1735399999998	-24.8356550000026	0	1
-12.9837579999985	-24.6080020000227	0	1
-12.7939210000004	-24.3802530000103	0	1
-12.6040289999983	-24.1523809999926	0	1
-12.4141219999983	-23.9243300000089	0	1
-12.2233149999993	-23.6946030000108	0	1
-12.0311829999991	-23.4637160000275	0	1
-11.8389730000017	-23.2328909999924	0	1
-11.6467379999995	-23.0020839999779	0	1
-11.4544959999985	-22.7712840000167	0	1
-11.2622520000004	-22.540485000005	0	1
-11.0700069999984	-22.3096870000008	0	1
-10.8777620000001	-22.0788900000043	0	1
-10.6855170000017	-21.8480920000002	0	1
-10.4932709999994	-21.617293999996	0	1
-10.301026000001	-21.3864959999919	0	1
-10.108780999999	-21.1556979999878	0	1
-9.91653600000063	-20.9248999999836	0	1
-9.72428999999829	-20.6941029999871	0	1
-9.53204499999993	-20.4633049999829	0	1
-9.33980000000156	-20.2325069999788	0	1
-9.14755499999956	-20.0017089999747	0	1
-8.95530900000085	-19.7709110000287	0	1
-8.76306399999885	-19.540113999974	0	1
-8.57081900000048	-19.309316000028	0	1
-8.37857399999848	-19.0785180000239	0	1
-8.18632799999978	-18.8477200000198	0	1
-7.99408300000141	-18.6169220000156	0	1
-7.80183799999941	-18.3861240000115	0	1
-7.60959300000104	-18.1553260000073	0	1
-7.41734899999938	-17.9245280000032	0	1
-7.22510699999839	-17.6937269999762	0	1
-7.03287199999977	-17.4629210000276	0	1
-6.8406619999987	-17.2320959999925	0	1
-6.64852999999857	-17.0012090000091	0	1
-6.45600099999865	-16.769289000018	0	1
-6.26268400000117	-16.5368969999836	0	1
-6.06940899999972	-16.3047329999972	0	1
-5.87620099999913	-16.0727540000225	0	1
-5.68301300000167	-15.8409749999992	0	1
-5.49030399999901	-15.6103000000003	0	1
-5.29848800000036	-15.3802000000142	0	1
-5.10674899999867	-15.1500380000216	0	1
-4.91503400000147	-14.9198559999932	0	1
-4.72332599999936	-14.6896679999772	0	1
-4.53162099999827	-14.4594780000043	0	1
-4.33991600000081	-14.2292870000238	0	1
-4.14821200000006	-13.999095999985	0	1
-3.95650699999896	-13.7689050000045	0	1
-3.76480299999821	-13.5387149999733	0	1
-3.57309800000075	-13.3085239999928	0	1
-3.381394	-13.0783330000122	0	1
-3.18968899999891	-12.8481419999734	0	1
-2.99798500000179	-12.6179509999929	0	1
-2.80628100000104	-12.38776100002	0	1
-2.61457599999994	-12.1575699999812	0	1
-2.42287199999919	-11.9273790000007	0	1
-2.23116700000173	-11.6971880000201	0	1
-2.03946300000098	-11.4669969999813	0	1
-1.84775799999989	-11.2368070000084	0	1
-1.65605399999913	-11.0066160000279	0	1
-1.46434900000168	-10.7764249999891	0	1
-1.27264500000092	-10.5462340000086	0	1
-1.08093999999983	-10.316043000028	0	1
-0.889235999999073	-10.0858529999969	0	1
-0.697531999998318	-9.85566200001631	0	1
-0.505827000000863	-9.62547099997755	0	1
-0.314123000000109	-9.395279999997	0	1
-0.122418999999354	-9.16508900001645	0	1
0.0692850000014005	-8.93489700002829	0	1
0.260986000001139	-8.7047039999743	0	1
0.452680999998847	-8.47450499999104	0	1
0.644352999999683	-8.24428799998714	0	1
0.836178000001382	-8.01373300002888	0	1
1.0281329999998	-7.78345300001092	0	1
1.21978700000182	-7.55338900000788	0	1
1.41141900000002	-7.32330599997658	0	1
1.6030439999995	-7.09321700001601	0	1
1.7946660000016	-6.863125999982	0	1
1.98628800000006	-6.6330350000062	0	1
2.17790999999852	-6.40294399997219	0	1
2.36953200000062	-6.17285299999639	0	1
2.56115399999908	-5.94276100001298	0	1
2.75277500000084	-5.71266999997897	0	1
2.9443969999993	-5.48257900000317	0	1
3.1360190000014	-5.25248800002737	0	1
3.32763999999952	-5.02239599998575	0	1
3.51926200000162	-4.79230500000995	0	1
3.71088400000008	-4.56221399997594	0	1
3.90250599999854	-4.33212199999252	0	1
4.0941270000003	-4.10203100001672	0	1