5.9138068182001	-4.08192045497708	0	1
6.10083522729838	-3.84700568200788	0	1
6.28786363640029	-3.61209090898046	0	1
6.47489204549856	-3.37717613601126	0	1
6.66192045449861	-3.14226136397338	0	1
6.84894886360053	-2.90734659100417	0	1
7.0359772726988	-2.67243181797676	0	1
7.22300568180071	-2.43751704500755	0	1
7.41003409089899	-2.20260227302788	0	1
7.5970625000009	-1.96768750000047	0	1
7.78409090909918	-1.73277272697305	0	1
7.97111931820109	-1.49785795499338	0	1
8.15814772729937	-1.26294318202417	0	1
8.34517613640128	-1.02802840899676	0	1
8.53220454549955	-0.793113636027556	0	1
8.7192329544996	-0.558198863989674	0	1
8.90626136360152	-0.323284091020469	0	1
9.09328977269979	-0.088369317993056	0	1
9.2803181818017	0.146545454976149	0	1
9.46734659089998	0.381460227014031	0	1
9.65437499999825	0.616374999983236	0	1
9.84140340910017	0.851289773010649	0	1
10.0284318181984	1.08620454499032	0	1
10.2154602273004	1.32111931801774	0	1
10.4024886363986	1.55603409098694	0	1
10.5895170455005	1.79094886401435	0	1
10.7765454545006	2.02586363599403	0	1
10.9635738635989	2.26077840902144	0	1
11.1506022727008	2.49569318199065	0	1
11.3376306817991	2.73060795501806	0	1
11.524659090901	2.96552272699773	0	1
11.7116874999992	3.20043750002515	0	1
11.8987159091012	3.43535227299435	0	1
12.0857443181994	3.67026704497403	0	1
12.2727727273013	3.90518181800144	0	1
12.4598011363996	4.14009659102885	0	1
12.6468295455015	4.37501136399806	0	1
12.8338579545016	4.60992613597773	0	1
13.0208863635999	4.84484090900514	0	1
13.2079147727018	5.07975568197435	0	1
13.3949431818	5.31467045500176	0	1
13.5819715908983	5.54958522698143	0	1
13.7690000000002	5.78450000000885	0	1
13.9560284090985	6.01941477297805	0	1
14.1430568182004	6.25432954501593	0	1
14.3300852272987	6.48924431798514	0	1
14.5171136364006	6.72415909101255	0	1
14.7041420454989	6.95907386398176	0	1
14.8911704544989	7.19398863601964	0	1
15.0781988636008	7.42890340898884	0	1
15.2652272726991	7.66381818201626	0	1
15.452255681801	7.89873295498546	0	1
15.6392840908993	8.13364772702334	0	1
15.8263125000012	8.36856249999255	0	1
16.0133409090995	8.60347727301996	0	1
16.2003693182014	8.83839204499964	0	1
16.3873977272997	9.07330681802705	0	1
16.5744261364016	9.30822159099625	0	1
16.7614545454999	9.54313636402367	0	1
16.9484829544999	9.77805113600334	0	1
17.1355113635982	10.0129659089725	0	1
17.3225397727001	10.247880682	0	1
17.5095681817984	10.4827954550274	0	1
17.6965965909003	10.717710227007	0	1
17.8836249999986	10.9526249999763	0	1
18.0706534091005	11.1875397730037	0	1
18.2576818181988	11.4224545449833	0	1
18.4447102273007	11.6573693180108	0	1
18.6317386363989	11.89228409098	0	1
18.8187670455009	12.1271988640074	0	1
19.0057954545009	12.362113635987	0	1
19.1928238635992	12.5970284090145	0	1
19.3798522727011	12.8319431819837	0	1
19.5668806817994	13.0668579550111	0	1
19.7539090909013	13.3017727269907	0	1
19.9409374999996	13.5366875000182	0	1
20.1279659091015	13.7716022729874	0	1
20.3149943181998	14.0065170450252	0	1
20.5020227273017	14.2414318179945	0	1
20.6890511363999	14.4763465910219	0	1
20.8760795454982	14.7112613639911	0	1
21.0631079544983	14.946176136029	0	1
21.2501363636002	15.1810909089982	0	1
21.4371647726985	15.4160056820256	0	1
21.6241931818004	15.6509204549948	0	1
21.8112215908986	15.8858352269745	0	1
21.9982500000006	16.1207500000019	0	1
22.1852784090988	16.3556647729711	0	1
22.3723068182007	16.5905795450089	0	1
22.559335227299	16.8254943179782	0	1
22.7463636364009	17.0604090910056	0	1
22.9333920454992	17.2953238639748	0	1
23.1204204544993	17.5302386360127	0	1
23.3074488636012	17.7651534089819	0	1
23.4944772726994	18.0000681820093	0	1
23.6815056818014	18.2349829549785	0	1
23.8685340908996	18.4698977270164	0	1
24.0555625000015	18.7048124999856	0	1
24.2425909090998	18.939727273013	0	1
24.4296193182017	19.1746420449927	0	1
24.6166477273	19.4095568180201	0	1
24.8036761363983	19.6444715909893	0	1
24.9907045455002	19.8793863640167	0	1
25.1777329545002	20.1143011359964	0	1
25.3647613635985	20.3492159090238	0	1
25.5517897727004	20.584130681993	0	1
25.7388181817987	20.8190454550204	0	1
25.9258465909006	21.0539602270001	0	1
26.1128749999989	21.2888750000275	0	1
26.2999034091008	21.5237897729967	0	1
26.4869318181991	21.7587045449764	0	1
26.673960227301	21.9936193180038	0	1
26.8609886363993	22.228534090973	0	1
27.0480170455012	22.4634488640004	0	1
27.2350454545012	22.6983636359801	0	1
27.4220738635995	22.9332784090075	0	1
27.6091022727014	23.1681931819767	0	1
27.7961306817997	23.4031079550041	0	1
27.9831590909016	23.6380227269838	0	1
28.1701874999999	23.8729375000112	0	1
28.3572159091018	24.1078522729804	0	1
28.5442443182001	24.3427670450183	0	1
28.7312727272983	24.5776818179875	0	1
28.9183011364003	24.8125965910149	0	1
29.1053295454985	25.0475113639841	0	1
29.2923579544986	25.282426136022	0	1
29.4793863636005	25.5173409089912	0	1
29.6664147726988	25.7522556820186	0	1
29.8534431818007	25.9871704549878	0	1
30.040471590899	26.2220852270257	0	1
30.2275000000009	26.4569999999949	0	1
30.4145284090991	26.6919147730223	0	1
30.6015568182011	26.926829545002	0	1
30.7885852272993	27.1617443179712	0	1
30.9756136364012	27.3966590909986	0	1
31.1626420454995	27.631573864026	0	1
31.3496704544996	27.8664886360057	0	1
31.5366988636015	28.1014034089749	0	1
31.7237272726998	28.3363181820023	0	1
31.9107556818017	28.5712329549715	0	1
32.0977840908999	28.8061477270094	0	1
32.2848124999982	29.0410624999786	0	1
32.4718409091001	29.275977273006	0	1
32.6588693181984	29.5108920449857	0	1
32.8458977273003	29.7458068180131	0	1
33.0329261363986	29.9807215909823	0	1
33.2199545455005	30.2156363640097	0	1
33.4069829545006	30.4505511359894	0	1
33.5940113635988	30.6854659090168	0	1
33.7810397727008	30.920380681986	0	1
33.968068181799	31.1552954550134	0	1
34.1550965909009	31.3902102269931	0	1
34.3421249999992	31.6251250000205	0	1
34.5291534091011	31.8600397729897	0	1
34.7161818181994	32.0949545450276	0	1
34.9032102273013	32.3298693179968	0	1
35.0902386363996	32.5647840910242	0	1
35.2772670455015	32.7996988639934	0	1
35.4642954545016	33.0346136359731	0	1
35.6513238635998	33.2695284090005	0	1
35.8383522727017	33.5044431820279	0	1
36.0253806818	33.7393579549971	0	1
36.2124090908983	33.9742727269768	0	1
36.3994375000002	34.2091875000042	0	1
36.5864659090985	34.4441022729734	0	1
36.7734943182004	34.6790170450113	0	1
36.9605227272987	34.9139318179805	0	1
37.1475511364006	35.1488465910079	0	1
37.3345795454989	35.3837613639771	0	1
37.5216079544989	35.618676136015	0	1
37.7086363636008	35.8535909089842	0	1
37.8956647726991	36.0885056820116	0	1
38.082693181801	36.3234204549808	0	1
38.2697215908993	36.5583352270187	0	1
38.4567500000012	36.7932499999879	0	1
38.6437784090995	37.0281647730153	0	1
38.8308068182014	37.263079544995	0	1
39.0178352272997	37.4979943180224	0	1
39.2048636364016	37.7329090909916	0	1
39.3918920454998	37.967823864019	0	1
39.5789204544999	38.2027386359987	0	1
39.7659488636018	38.4376534090261	0	1
39.9529772727001	38.6725681819953	0	1
40.1400056817984	38.9074829550227	0	1
40.3270340909003	39.1423977270024	0	1
40.5140624999985	39.3773124999716	0	1
40.7010909091005	39.612227272999	0	1
40.8881193181987	39.8471420449787	0	1
41.0751477273006	40.0820568180061	0	1
41.2621761363989	40.3169715909753	0	1
41.4492045455008	40.5518863640027	0	1
41.6362329545009	40.7868011359824	0	1
41.8232613635992	41.0217159090098	0	1
42.0102897727011	41.256630681979	0	1
42.1973181817993	41.4915454550064	0	1
42.3843465909013	41.7264602269861	0	1
42.5713749999995	41.9613750000135	0	1
42.7584034091014	42.1962897729827	0	1
42.9454318181997	42.4312045450206	0	1
43.1324602273016	42.6661193179898	0	1
43.3194886363999	42.9010340910172	0	1
43.5065170454982	43.1359488639864	0	1
43.6935454544982	43.3708636360243	0	1
43.8805738636001	43.6057784089935	0	1
44.0676022726984	43.8406931820209	0	1
44.2546306818003	44.0756079549901	0	1
44.4416590908986	44.310522727028	0	1
44.6286875000005	44.5454374999972	0	1
44.8157159090988	44.7803522730246	0	1
45.0027443182007	45.0152670450043	0	1
45.189772727299	45.2501818179735	0	1
45.3768011364009	45.4850965910009	0	1
45.5638295454992	45.7200113640283	0	1
45.7508579544992	45.954926136008	0	1
45.9378863636011	46.1898409089772	0	1
46.1249147726994	46.4247556820046	0	1
46.3119431818013	46.6596704549738	4	1
46.4989715908996	46.8945852270117	4	1
46.6860000000015	47.1294999999809	4	1
46.8429068506011	47.3896164229955	4	1
46.9998137012008	47.6497328450205	4	1
47.1567205518004	47.9098492679768	4	1
47.3136274024	48.1699656909914	4	1
47.4705342529996	48.4300821130164	4	1
47.6274411035993	48.6901985359727	4	1
47.7843479541989	48.9503149589873	4	1
47.9412548047985	49.2104313810123	4	1
48.0981616554018	49.4705478040269	4	1
48.2550685060014	49.7306642269832	4	1
48.411975356601	49.9907806490082	4	1
48.5688822072007	50.2508970720228	4	1
48.7257890578003	50.5110134949791	4	1
48.8826959083999	50.7711299170041	4	1
49.0396027589995	51.0312463400187	4	1
49.1965096095992	51.291362762975	4	1
49.3534164601988	51.5514791850001	4	1
49.5103233107984	51.8115956080146	4	1
49.6672301614017	52.071712030971	4	1
49.8241370120013	52.331828452996	4	1
49.9810438626009	52.5919448760105	4	1
50.1379507132006	52.8520612990251	4	1
50.2948575638002	53.1121777209919	4	1
50.4517644143998	53.3722941440064	4	1
50.6086712649994	53.632410567021	4	1
50.7655781155991	53.8925269889878	4	1
50.9224849661987	54.1526434120024	4	1
51.0793918167983	54.4127598350169	4	1
51.2362986674016	54.6728762569837	4	1
51.3932055180012	54.9329926799983	4	1
51.5501123686008	55.1931091030128	4	1
51.7070192192004	55.4532255249796	4	1
51.8639260698001	55.7133419479942	4	1
52.0208329203997	55.9734583710087	4	1
52.1777397709993	56.2335747929756	4	1
52.3346466215989	56.4936912159901	4	1
52.5282319819999	56.7217364860117	4	1
52.7218173422989	56.9497817570227	0	1
52.9154027026998	57.1778270269861	0	1
53.1089880631007	57.4058722970076	0	1
53.3025734233997	57.6339175680187	0	1
53.4961587838006	57.861962837982	0	1
53.6897441440997	58.0900081080035	0	1
53.8833295045006	58.3180533780251	0	1
54.0769148649015	58.5460986489779	0	1
54.2705002252005	58.7741439189995	0	1
54.4640855856014	59.002189189021	0	1
54.6576709459005	59.2302344589843	0	1
54.8512563063014	59.4582797299954	0	1
55.0448416666986	59.686325000017	0	1
55.2384270270013	59.9143702699803	0	1
55.4320123873986	60.1424155409914	0	1
55.6255977477012	60.3704608110129	0	1
55.8191831080985	60.5985060809762	0	1
56.0127684684994	60.8265513509978	0	1
56.2063538287985	61.0545966220088	0	1
56.3999391891994	61.2826418919722	0	1
56.5935245494984	61.5106871619937	0	1
56.7871099098993	61.7387324320152	0	1
56.9806952703002	61.9667777030263	0	1
57.1742806305992	62.1948229729896	0	1
57.3678659910001	62.4228682430112	0	1
57.561451351401	62.6509135129745	0	1
57.7550367117001	62.8789587839856	0	1
57.948622072101	63.1070040540071	0	1
58.1422074324	63.3350493240287	0	1
58.3357927928009	63.5630945949815	0	1
58.5293781531982	63.7911398650031	0	1
58.7229635135009	64.0191851350246	0	1
58.9165488739018	64.2472304049879	0	1
59.1101342342008	64.475275675999	0	1
59.3037195946017	64.7033209460205	0	1
59.497304954999	64.9313662159839	0	1
59.6908903153017	65.1594114860054	0	1
59.8844756756989	65.3874567570165	0	1
60.0780610360016	65.6155020269798	1	1
60.2716463963989	65.8435472970014	1	1
60.4652317567998	66.0715925680124	1	1
60.6588171170988	66.2996378379758	1	1
60.8524024774997	66.5276831079973	1	1
61.0459878377987	66.7557283780188	1	1
61.2395731981997	66.9837736489717	1	1
61.4331585586006	67.2118189189932	1	1
61.6267439188996	67.4398641890148	1	1
61.8203292793005	67.6679094589781	1	1
62.0139146395995	67.8959547299892	1	1
62.2159113310991	68.1226439509774	1	1
62.4056418565997	68.3582316699903	1	1
62.5831362964018	68.6021796599962	1	1
62.7484247307984	68.8539496960002	1	1
62.9015372401991	69.1130035489914	1	1
63.0425039049005	69.3788029939751	1	1
63.1713548051994	69.6508098029881	1	1
63.2881200215015	69.9284857509774	1	1
63.3928296339	70.2112926099799	1	1
63.4855137228988	70.4986921540112	1	1
63.5662023687983	70.7901461559813	1	1
63.6349256518006	71.0851163889747	1	1
63.6917136523007	71.3830646270071	1	1
63.7365964507007	71.6834526419989	1	1
63.7696041271993	71.9857422090136	1	1
63.7907667621002	72.2893951010192	1	1
63.8001144357986	72.5938730909838	1	1
63.7976772285983	72.8986379510025	1	1
63.7834852207016	73.2031514570117	1	1
63.7575685453012	73.5068754110252	1	1
63.7199671306989	73.8092772950185	1	1
63.6707421210012	74.1098368890234	1	1
63.6099574346008	74.4080355829792	1	1
63.5376769897011	74.7033547629835	1	1
63.4539647046004	74.9952758179861	1	1
63.3588844976002	75.283280135016	1	1
63.2525002869006	75.5668491050019	1	1
63.1348759907996	75.8454641129938	1	1
63.006075527599	76.1186065489892	1	1
62.8661628156005	76.385757800017	1	1
62.7152017730987	76.6463992550271	1	1
62.5532563183006	76.9000123019796	1	1
62.3803903695007	77.1460783290095	1	1
62.1966678450008	77.3840787240188	1	1
62.002152663099	77.6134948760155	1	1
61.7969087419988	77.8338081720285	1	1
61.5809999999983	78.0445000000182	1	1
61.339181818199	78.2421363639878	1	1
61.0973636363997	78.4397727270261	1	1
60.8555454544985	78.6374090909958	1	1
60.6137272726992	78.8350454550236	1	1
60.3719090908999	79.0326818180038	1	1
60.1300909091005	79.2303181819734	1	1
59.8882727273012	79.4279545450117	1	1
59.6464545454983	79.6255909089814	1	1
59.4046363636007	79.8232272730093	1	1
59.1628181818014	80.0208636359894	1	1
58.9209999999985	80.2185000000172	1	1
58.6798700658001	80.3977968249819	1	1
58.4344190697993	80.5757270759786	1	1
58.1846873083014	80.7511234019767	1	1
57.9307150774002	80.9228184520034	1	1
57.6725426734993	81.0896448770072	1	1
57.4102103928017	81.2504353260156	1	1
57.1437585316016	81.4040224479977	1	1
56.8732273860987	81.5492388919811	1	1
56.5986572524998	81.6849173079827	1	1
56.320088427201	81.8098903460195	1	1
56.0375612064017	81.9229906550026	1	1
55.7511158863017	82.0230508850073	1	1
55.4607927631005	82.1089036840131	1	1
55.1666321332996	82.1793817030266	1	1
54.8687456791013	82.2334481889848	1	1
54.567731060899	82.270955466025	1	1
54.2643884762983	82.2921263920143	1	1
53.959518792999	82.2971850510221	1	1
53.6539228785005	82.2863555260119	1	1
53.3484016004986	82.2598619000055	1	1
53.0437558267004	82.2179282589932	1	1
52.7407864246015	82.1607786840177	1	1
52.4402942619017	82.0886372610112	1	1
52.1430802063005	82.0017280720058	1	1
51.8499451253992	81.9002752010128	1	1
51.5616898867993	81.7845027309959	1	1
51.2791153582002	81.6546347470139	1	1
51.0030224071015	81.5108953319723	1	1
50.734211901301	81.3535085699987	1	1
50.4734847084001	81.1826985430089	1	1
50.221641696	80.9986893369933	1	1
49.9794837316986	80.801705033984	1	1
49.7478116833008	80.5919697179925	1	1
49.5274264182008	80.3697074740194	1	1
49.3191288041999	80.135142382991	1	1
49.1237197088994	79.8884985310142	1	1
48.9341124427992	79.6518622000003	1	1
48.744505176699	79.415225869976	0	1
48.5275821934993	79.2054901759839	0	1
48.3106592102995	78.9957544819918	0	1
48.0937362270997	78.7860187879996	0	1
47.8768132439982	78.5762830940075	0	1
47.6598902607984	78.3665474000154	0	1
47.4429672775987	78.1568117060233	0	1
47.2260442943989	77.9470760130207	0	1
47.0091213111991	77.7373403190286	0	1
46.7921983279994	77.5276046249783	0	1
46.5752753447996	77.3178689309862	0	1
46.3583523615998	77.108133236994	0	1
46.1414293784983	76.8983975430019	0	1
45.9245063952985	76.6886618490098	0	1
45.7075834120988	76.4789261550177	0	1
45.490660428899	76.2691904610256	0	1
45.2737374456992	76.0594547669753	0	1
45.0568144624995	75.8497190729831	0	1
44.8398914792997	75.6399833799805	0	1
44.6229684962018	75.4302476859884	0	1
44.4060455129984	75.2205119919963	0	1
44.1891225297986	75.0107762980042	0	1
43.9721995465989	74.8010406040121	0	1
43.7552765633991	74.59130491002	0	1
43.5383535801993	74.3815692160279	0	1
43.3214305969996	74.1718335219775	0	1
43.1045076137998	73.9620978279854	0	1
42.9129689570982	73.7294799350202	0	1
42.7214303002984	73.4968620419968	0	1
42.5298916434986	73.2642441489734	0	1
42.3383529868006	73.0316262560082	0	1
42.1468143300008	72.7990083629848	0	1
41.9552756732992	72.5663904700195	0	1
41.7637370164994	72.3337725769961	0	1
41.5721983596995	72.1011546839727	0	1
41.3806597030016	71.8685367910075	0	1
41.1891210462018	71.6359188979841	0	1
40.9975823893983	71.4033010050189	0	1
40.8060437327003	71.1706831119955	0	1
40.6145050759005	70.938065218972	0	1
40.4229664191007	70.7054473260068	0	1
40.2314277623991	70.4728294329834	0	1
40.0398891055993	70.2402115400182	0	1
39.8483504487995	70.0075936469948	0	1
39.6568117921015	69.7749757539714	0	1
39.4652731353017	69.5423578610062	0	1
39.2737344784982	69.3097399679828	0	1
39.0821958218003	69.0771220750175	0	1
38.8906571650004	68.8445041819941	0	1
38.6991185082006	68.6118862890289	0	1
38.507579851499	68.379268395016	0	1
38.3160411946992	68.1466505019926	0	1
38.1245025378994	67.9140326090273	0	1
37.9329638812014	67.6814147160039	0	1
37.7414252244016	67.4487968229805	0	1
37.5498865677	67.2161789300153	0	1
37.3583479109002	66.9835610369919	0	1
37.1668092541004	66.7509431440267	0	1
36.9752705973988	66.5183252510033	0	1
36.783731940599	66.2857073579798	0	1
36.5921932837991	66.0530894650146	0	1
36.4006546271012	65.8204715719912	0	1
36.2091159703014	65.587853679026	0	1
36.0175773135015	65.3552357860026	0	1
35.8260386567999	65.1226178929792	0	1
35.6345000000001	64.890000000014	0	1
35.4462697841991	64.6572374100215	0	1
35.2580395682999	64.424474820029	0	1
35.0698093524989	64.1917122299783	0	1
34.8815791367015	63.9589496399858	0	1
34.6933489209005	63.7261870499933	0	1
34.5051187050012	63.4934244600008	0	1
34.3168884892002	63.2606618709979	0	1
34.1286582733992	63.0278992810054	0	1
33.9404280575982	62.7951366910129	0	1
33.7521978416989	62.5623741010204	0	1
33.5639676259016	62.3296115110279	0	1
33.3757374101006	62.0968489209772	0	1
33.1875071942013	61.8640863309847	0	1
32.9992769784003	61.6313237409922	0	1
32.8110467625993	61.3985611509997	0	1
32.6228165467983	61.1657985610073	0	1
32.434586330899	60.9330359710148	0	1
32.2463561151017	60.7002733810223	0	1
32.0581258993006	60.4675107909716	0	1
31.8698956834996	60.2347482009791	0	1
31.6816654676004	60.0019856119761	0	1
31.4934352517994	59.7692230219836	0	1
31.3052050359984	59.5364604319911	0	1
31.1169748200991	59.3036978419987	0	1
30.9287446043018	59.0709352520062	0	1
30.7405143885007	58.8381726620137	0	1
30.5522841726997	58.6054100720212	0	1
30.3640539568005	58.3726474820287	0	1
30.1758237409995	58.139884891978	0	1
29.9875935251985	57.9071223019855	0	1
29.7993633094011	57.674359711993	0	1
29.6111330934982	57.4415971220005	0	1
29.4229028777008	57.208834532008	0	1
29.2346726618998	56.9760719420156	0	1
29.0464424460006	56.7433093530126	0	1
28.8582122301996	56.5105467630201	0	1
28.6699820143986	56.2777841730276	0	1
28.4817517986012	56.0450215829769	0	1
28.2935215826983	55.8122589929844	0	1
28.1052913669009	55.5794964029919	0	1
27.9170611510999	55.3467338129994	0	1
27.7288309352989	55.113971223007	0	1
27.5406007193997	54.8812086330145	0	1
27.3523705035986	54.648446043022	0	1
27.1641402878013	54.4156834529713	0	1
26.9759100718984	54.1829208629788	0	1
26.787679856101	53.9501582729863	0	1
26.5994496403	53.7173956829938	0	1
26.411219424499	53.4846330939909	0	1
26.2229892085998	53.2518705039984	0	1
26.0347589927987	53.0191079140059	0	1
25.8465287770014	52.7863453240134	0	1
25.6582985610985	52.5535827340209	0	1
25.4700683453011	52.3208201440284	0	1
25.2818381295001	52.0880575539777	0	1
25.0936079136991	51.8552949639852	0	1
24.9053776977998	51.6225323739927	0	1
24.7171474819988	51.3897697840002	0	1
24.5289172662015	51.1570071940077	0	1
24.3406870504004	50.9242446040153	0	1
24.1524568345012	50.6914820140228	0	1
23.9642266187002	50.4587194239721	0	1
23.7759964028992	50.2259568350273	0	1
23.5877661871018	49.9931942449766	0	1
23.3995359711989	49.7604316549841	0	1
23.2113057554016	49.5276690649916	0	1
23.0230755396005	49.2949064749992	0	1
22.8348453237013	49.0621438850067	0	1
22.6466151079003	48.8293812950142	0	1
22.4583848920993	48.5966187050217	0	1
22.2701546762983	48.363856114971	0	1
22.081924460399	48.1310935249785	0	1
21.8936942446016	47.898330934986	0	1
21.7054640288006	47.6655683449935	0	1
21.5172338129014	47.432805755001	0	1
21.3290035971004	47.2000431650085	0	1
21.1407733812994	46.9672805760056	0	1
20.9525431654984	46.7345179860131	0	1
20.7643129495991	46.5017553960206	0	1
20.5760827338017	46.2689928060281	0	1
20.3878525180007	46.0362302159774	0	1
20.1996223021997	45.8034676259849	0	1
20.0113920863005	45.5707050359924	0	1
19.8231618704995	45.3379424459999	0	1
19.6349316546984	45.1051798560075	0	1
19.4467014389011	44.872417266015	0	1
19.2584712229982	44.6396546760225	0	1
19.0702410072008	44.4068920859718	0	1
18.8820107913998	44.1741294959793	0	1
18.6937805755006	43.9413669069763	0	1
18.5055503596996	43.7086043169838	0	1
18.3173201438985	43.4758417269913	0	1
18.1290899281012	43.2430791369989	0	1
17.9408597121983	43.0103165470064	0	1
17.7526294964009	42.7775539570139	0	1
17.5643992805999	42.5447913670214	0	1
17.3761690647007	42.3120287770289	0	1
17.1879388488996	42.0792661869782	0	1
16.9997086330986	41.8465035969857	0	1
16.8114784173013	41.6137410069932	0	1
16.6232482013984	41.3809784170007	0	1
16.435017985601	41.1482158270082	0	1
16.2467877698	40.9154532370158	0	1
16.058557553999	40.6826906470233	0	1
15.8703273380997	40.4499280580203	0	1
15.6820971222987	40.2171654680278	0	1
15.4938669065014	39.9844028779771	0	1
15.3056366905985	39.7516402879846	0	1
15.1174064748011	39.5188776979921	0	1
14.9291762590001	39.2861151079996	0	1
14.7409460431991	39.0533525180072	0	1
14.5527158272998	38.8205899280147	0	1
14.3644856114988	38.5878273380222	0	1
14.1762553957014	38.3550647479715	0	1
13.9880251799004	38.122302157979	0	1
13.7997949640012	37.8895395679865	0	1
13.6115647482002	37.656776977994	0	1
13.4233345323992	37.4240143889911	0	1
13.2351043164999	37.1912517989986	0	1
13.0468741006989	36.9584892090061	0	1
12.8586438849015	36.7257266190136	0	1
12.6704136691005	36.4929640290211	0	1
12.4821834532013	36.2602014390286	0	1
12.2939532374003	36.0274388489779	0	1
12.1057230215993	35.7946762589854	0	1
11.9174928057982	35.5619136689929	0	1
11.729262589899	35.3291510790004	0	1
11.5410323741016	35.0963884890079	0	1
11.3528021583006	34.8636258990155	0	1
11.1645719424014	34.630863309023	0	1
10.9763417266004	34.3981007189723	0	1
10.7881115107994	34.1653381300275	0	1
10.5998812949983	33.9325755399768	0	1
10.4116510790991	33.6998129499843	0	1
10.2234208633017	33.4670503599918	4	1
10.0351906475007	33.2342877699994	4	1
9.8469604316997	33.0015251800069	4	1
9.65873021580046	32.7687625900144	4	1
9.47049999999945	32.5360000000219	4	1
9.31157142859956	32.2892142860219	4	1
9.15264285710145	32.0424285709742	4	1
8.99371428570157	31.7956428569742	4	1
8.83478571430169	31.5488571429742	4	1
8.6758571429018	31.3020714289742	4	1
8.51692857140006	31.0552857139846	4	1
8.37787053569991	30.7820803570212	4	1
8.23881249999977	30.5088749999995	4	1
8.09975446429962	30.2356696429779	4	1
7.96069642859948	29.9624642860144	4	1
7.82163839289933	29.6892589289928	4	1
7.68258035710096	29.4160535709816	4	1
7.54352232140081	29.1428482140182	4	1
7.40446428570067	28.8696428569965	4	1
7.26540625000052	28.5964374999749	4	1
7.12634821430038	28.3232321430114	4	1
6.98729017860023	28.0500267859898	4	1
6.84823214290009	27.7768214290263	4	1
6.70917410710172	27.5036160710151	4	1
6.57011607140157	27.2304107139935	4	1
6.43105803570143	26.9572053569718	4	1
6.46611087870042	26.9691338909906	4	1
6.27522175729973	26.7372677819803	4	1
6.08433263600091	26.5054016740178	4	1
5.89344351460022	26.2735355650075	4	1
5.7025543933014	26.0416694559972	0	1
5.51166527199894	25.8098033469869	0	1
5.32077615059825	25.5779372390243	0	1
5.12988702929943	25.346071130014	0	1
4.93899790789874	25.1142050210037	0	1
4.74810878659991	24.8823389119934	0	1
4.55721966530109	24.6504728029831	0	1
4.3663305439004	24.4186066950206	0	1
4.17544142260158	24.1867405860103	0	1
3.98455230129912	23.954874477	0	1
3.79366317989843	23.7230083679897	0	1
3.60277405859961	23.4911422589794	0	1
3.41188493719892	23.2592761510168	0	1
3.2209958159001	23.0274100420065	0	1
3.03010669460127	22.7955439329962	0	1
2.83921757320059	22.5636778239859	0	1
2.64832845190176	22.3318117149756	0	1
2.45743933050107	22.0999456070131	0	1
2.26655020919861	21.8680794980028	0	1
2.07566108789979	21.6362133889925	0	1
1.8847719664991	21.4043472799822	0	1
1.69388284520028	21.1724811720196	0	1
1.50299372390145	20.9406150630093	0	1
1.31210460250077	20.708748953999	0	1
1.12121548119831	20.4768828449887	0	1
0.930326359801256	20.2450167359784	0	1
0.739437238498795	20.0131506280159	0	1
0.548548117199971	19.7812845190056	0	1
0.357658995799284	19.5494184099953	0	1
0.16676987450046	19.317552300985	0	1
-0.0241192469002272	19.0856861919747	0	1
-0.215008368199051	18.8538200840121	0	1
-0.405897489501513	18.6219539750018	0	1
-0.596786610898562	18.3900878659915	0	1
-0.787675732201023	18.1582217569812	0	1
-0.978564853601711	17.9263556490187	0	1
-1.16945397490053	17.6944895400084	0	1
-1.36034309619936	17.4626234309981	0	1
-1.55123221760005	17.2307573219878	0	1
-1.74212133889887	16.9988912129775	0	1
-1.93301046029956	16.7670251050149	0	1
-2.12389958159838	16.5351589960046	0	1
-2.31478870290084	16.3032928869943	0	1
-2.50567782430153	16.071426777984	0	1
-2.69656694560035	15.8395606689737	0	1
-2.88745606689918	15.6076945610112	0	1
-3.07834518829986	15.3758284520009	0	1
-3.26923430959869	15.1439623429906	0	1
-3.46012343099937	14.9120962339803	0	1
-3.6510125522982	14.6802301250282	0	1
-3.84190167360066	14.4483640170074	0	1
-4.03279079500135	14.2164979079971	0	1
-4.22367991630017	13.9846317989868	0	1
-4.41456903770086	13.7527656899765	0	1
-4.60545815899968	13.520899582014	0	1
-4.79634728029851	13.2890334730037	0	1
-4.98723640169919	13.0571673639934	0	1
-5.17812552300165	12.8253012549831	0	1
-5.3690146443987	12.5934351459728	0	1
-5.55990376570116	12.3615690380102	0	1
-5.75079288699999	12.1297029289999	0	1
-5.94168200840068	11.8978368199896	0	1
-6.1325711296995	11.6659707109793	0	1
-6.32346025099832	11.4341046020272	0	1
-6.51434937239901	11.2022384940065	0	1
-6.70523849370147	10.9703723849962	0	1
-6.89612761509852	10.7385062759859	0	1
-7.08701673640098	10.5066401669756	0	1
-7.27790585769981	10.274774059013	0	1
-7.46879497910049	10.0429079500027	0	1
-7.65968410039932	9.8110418409924	0	1
-7.8505732218	9.5791757319821	0	1
-8.04146234309883	9.34730962297181	0	1
-8.23235146440129	9.11544351500925	0	1
-8.42324058579834	8.88357740599895	0	1
-8.6141297071008	8.65171129698865	0	1
-8.80501882850149	8.41984518797835	0	1
-8.99590794980031	8.18797907902626	0	1
-9.18679707109914	7.9561129710055	0	1
-9.37768619249982	7.7242468619952	0	1
-9.56857531379865	7.4923807529849	0	1
-9.75946443510111	7.2605146439746	0	1
-9.9503535565018	7.02864853601204	0	1
-10.1412426778006	6.79678242700174	0	1
-10.3321317992013	6.56491631799145	0	1
-10.5230209205001	6.33305020898115	0	1
-10.713910041799	6.10118410002906	0	1
-10.9047991631996	5.86931799200829	0	1
-11.0956882844985	5.63745188299799	0	1
-11.2865774058992	5.4055857739877	0	1
-11.4774665272016	5.1737196649774	0	1
-11.6683556485004	4.94185355602531	0	1
-11.8592447699011	4.70998744800454	0	1
-12.0501338911999	4.47812133899424	0	1
-12.2410230126006	4.24625522998394	0	1
-12.4319121338995	4.01438912097365	0	1
-12.6228012551983	3.78252301301109	0	1
-12.813690376599	3.55065690400079	0	1
-13.0045794979014	3.31879079499049	0	1
-13.1954686192003	3.08692468598019	0	1
-13.3863577406009	2.8550585770281	0	1
-13.5772468618998	2.62319246900734	0	1
-13.7681359833005	2.39132635999704	0	1
-13.9590251045993	2.15946025098674	0	1
-14.1499142259017	1.92759414197644	0	1
-14.3408033472988	1.69572803302435	0	1
-14.5316924686012	1.46386192500358	0	1
-14.7225815899983	1.23199581599329	0	1
-14.9134707113008	1.00012970698299	0	1
-15.1043598325996	0.768263597972691	0	1
-15.2952489540003	0.536397490010131	0	1
-15.4861380752991	0.304531380999833	0	1
-15.6770271966998	0.0726652719895355	0	1
-15.8679163179986	-0.159200837020762	0	1
-16.0588054393011	-0.391066945972852	0	1
-16.2496945607018	-0.62293305399362	0	1
-16.4405836820006	-0.854799163003918	0	1
-16.6314728032994	-1.08666527201422	0	1
-16.8223619247001	-1.31853138102451	0	1
-17.0132510459989	-1.5503974899766	0	1
-17.2041401673996	-1.78226359799737	0	1
-17.3950292886984	-2.01412970700767	0	1
-17.5859184100009	-2.24599581601797	0	1
-17.7768075314016	-2.47786192502826	0	1
-17.9676966527004	-2.70972803398035	0	1
-18.1585857741011	-2.94159414200112	0	1
-18.3494748953999	-3.17346025101142	0	1
-18.5403640166987	-3.40532636002172	0	1
-18.7312531380994	-3.63719246897381	0	1
-18.9221422593982	-3.86905857699458	0	1
-19.1130313807989	-4.10092468600487	0	1
-19.3039205021014	-4.33279079501517	0	1
-19.4948096234002	-4.56465690402547	0	1
-19.6856987448009	-4.79652301297756	0	1
-19.8765878660997	-5.02838912099833	0	1
-20.0674769873985	-5.26025523000862	0	1
-20.2583661087992	-5.49212133901892	0	1
-20.4492552301017	-5.72398744797101	0	1
-20.6401443514987	-5.95585355698131	0	1
-20.8310334728012	-6.18771966500208	0	1
-21.0219225941	-6.41958577401238	0	1
-21.2128117155007	-6.65145188302267	0	1
-21.4037008367995	-6.88331799197476	0	1
-21.5945899582002	-7.11518409999553	0	1
-21.7854790794991	-7.34705020900583	0	1
-21.9763682008015	-7.57891631801613	0	1
-22.1672573221986	-7.81078242702642	0	1
-22.358146443501	-8.04264853597851	0	1
-22.5490355649017	-8.27451464399928	0	1
-22.7399246862005	-8.50638075300958	0	1
-22.9308138074994	-8.73824686201988	0	1
-23.1217029289	-8.97011297097197	0	1
-23.3125920501989	-9.20197907998227	0	1
-23.5034811715013	-9.43384518800303	0	1
-23.6943702928984	-9.66571129701333	0	1
-23.8852594142008	-9.89757740602363	0	1
-24.0761485356015	-10.1294435149757	0	1
-24.2670376569004	-10.3613096229965	0	1
-24.4579267781992	-10.5931757320068	0	1
-24.6488158995999	-10.8250418410171	0	1
-24.8397050208987	-11.0569079500274	0	1
-25.0305941422994	-11.2887740589795	0	1
-25.2214832635982	-11.5206401670002	0	1
-25.4123723849007	-11.7525062760105	0	1
-25.6032615063014	-11.9843723850208	0	1
-25.7941506276002	-12.2162384939729	0	1
-25.9850397490009	-12.4481046029832	0	1
-26.1759288702997	-12.679970711004	0	1
-26.3668179915985	-12.9118368200143	0	1
-26.5577071129992	-13.1437029290246	0	1
-26.7485962343017	-13.3755690379767	0	1
-26.9394853556005	-13.6074351459974	0	1
-27.1303744770012	-13.8393012550077	0	1
-27.3212635983	-14.071167364018	0	1
-27.5121527197007	-14.3030334730283	0	1
-27.7030418409995	-14.5348995819804	0	1
-27.8939309622983	-14.7667656900012	0	1
-28.084820083699	-14.9986317990115	0	1
-28.2757092050015	-15.2304979080218	0	1
-28.4665983263985	-15.4623640169739	0	1
-28.657487447701	-15.6942301259842	0	1
-28.8483765689998	-15.9260962340049	0	1
-29.0392656904005	-16.1579623430152	0	1
-29.2301548116993	-16.3898284520255	0	1
-29.4210439331	-16.6216945609776	0	1
-29.6119330543988	-16.8535606689984	0	1
-29.8028221757013	-17.0854267780087	0	1
-29.9937112970983	-17.317292887019	0	1
-30.1846004184008	-17.5491589959711	0	1
-30.3754895396996	-17.7810251049814	0	1
-30.5663786611003	-18.0128912130021	0	1
-30.7572677823991	-18.2447573220124	0	1
-30.9481569037998	-18.4766234310227	0	1
-31.1390460250987	-18.7084895399748	0	1
-31.3299351464011	-18.9403556489851	0	1
-31.5208242678018	-19.1722217570059	0	1
-31.7117133891006	-19.4040878660162	0	1
-31.9026025105013	-19.6359539750265	0	1
-32.0934916318001	-19.8678200839786	0	1
-32.284380753099	-20.0996861919994	0	1
-32.4752698744996	-20.3315523010097	0	1
-32.6661589957985	-20.5634184100199	0	1
-32.8570481171992	-20.795284518972	0	1
-33.0479372385016	-21.0271506279823	0	1
-33.2388263598004	-21.2590167360031	0	1
-33.4297154812011	-21.4908828450134	0	1
-33.6206046025	-21.7227489540237	0	1
-33.8114937237988	-21.9546150629758	0	1
-34.0023828451995	-22.1864811719861	0	1
-34.1932719664983	-22.4183472800069	0	1
-34.384161087899	-22.6502133890172	0	1
-34.5750502092014	-22.8820794980275	0	1
-34.7659393305003	-23.1139456069795	0	1
-34.9568284519009	-23.3458117159898	0	1
-35.1477175731998	-23.5776778240106	0	1
-35.3386066946005	-23.8095439330209	0	1
-35.5294958158993	-24.041410041973	0	1
-35.7203849372017	-24.2732761509833	0	1
-35.9112740585988	-24.5051422590041	0	1
-36.1021631799013	-24.7370083680144	0	1
-36.2930523012983	-24.9688744770247	0	1
-36.4839414226008	-25.2007405859767	0	1
-36.6748305438996	-25.432606694987	0	1
-36.8657196653003	-25.6644728030078	1	1
-37.0566087865991	-25.8963389120181	1	1
-37.2474979079016	-26.1282050210284	1	1
-37.4383870292986	-26.3600711299805	1	1
-37.6292761506011	-26.5919372389908	1	1
-37.8201652720018	-26.8238033470116	1	1
-38.0110543933006	-27.0556694560219	1	1
-38.2019435145994	-27.287535564974	1	1
-38.3928326360001	-27.5194016739842	1	1
-38.5837217572989	-27.751267782005	1	1
-38.7746108786996	-27.9831338910153	1	1
-38.9654999999984	-28.2150000000256	1	1
-39.163489513001	-28.4421358280233	1	1
-39.3490398739996	-28.6785276469891	1	1
-39.5222109509996	-28.9236085970188	1	1
-39.6830626121991	-29.1768118179752	1	1
-39.8316547255999	-29.4375704510021	1	1
-39.9680471592001	-29.70531763701	1	1
-40.0922997812013	-29.9794865139993	1	1
-40.2044724594016	-30.2595102249761	1	1
-40.3046250619991	-30.544821907999	1	1
-40.392817457101	-30.8348547039786	1	1
-40.4691095126	-31.1290417540004	1	1
-40.5335610967013	-31.4268161989748	1	1
-40.5862320773012	-31.7276111770188	1	1
-40.6271823226016	-32.0308598299744	1	1
-40.6564717004985	-32.3359952979954	1	1
-40.6741600792011	-32.6424507210031	1	1
-40.6803073267001	-32.9496592389769	1	1
-40.6749733110009	-33.257053993002	1	1
-40.6582179001998	-33.5640681239893	1	1
-40.6301009622985	-33.8701347709866	1	1
-40.5906823654004	-34.1746870739735	1	1
-40.5400219775984	-34.4771581750247	1	1
-40.4781796667994	-34.7769812130136	1	1
-40.4052153010998	-35.0735893290257	1	1
-40.3211887487014	-35.3664156619925	1	1
-40.2261598775003	-35.6548933539889	1	1
-40.1201885554983	-35.9384555449942	1	1
-40.0033409472017	-36.216543913004	1	1
-39.8759038270982	-36.4888992970227	1	1
-39.7384373095992	-36.7556332009844	1	1
-39.5915185027989	-37.0168801749824	1	1
-39.4357245151987	-37.2727747680037	1	1
-39.2716324551984	-37.5234515279881	1	1
-39.0998194310014	-37.7690450050286	1	1
-38.9208625510983	-38.0096897470066	1	1
-38.7353389236996	-38.2455203050049	1	1
-38.5438256572997	-38.4766712270211	1	1
-38.3468998602002	-38.7032770619844	1	1
-38.1451386406989	-38.9254723599879	1	1
-37.9391191071991	-39.1433916679816	1	1
-37.7294183679987	-39.3571695379796	1	1
-37.5166135315012	-39.5669405169901	1	1
-37.301281706099	-39.7728391540004	1	1
-37.0604726275997	-39.9468570260215	1	1
-36.8196635491986	-40.1208748979843	1	1
-36.5788544706993	-40.2948927700054	1	1
-36.3380453922982	-40.4689106409787	1	1
-36.0972363137989	-40.6429285129998	1	1
-35.8564272354015	-40.8169463850209	1	1
-35.6156181568986	-40.9909642569837	1	1
-35.3943249447984	-41.1702485720161	1	1
-35.1625608592985	-41.3416947940132	1	1
-34.9210100532982	-41.5050430439878	1	1
-34.6703566795004	-41.6600334440009	1	1
-34.4112848906989	-41.8064061130281	1	1
-34.1444788396984	-41.9439011730137	1	1
-33.8706226791001	-42.0722587450291	1	1
-33.5904005617995	-42.1912189510185	1	1
-33.3044966406014	-42.300521910016	1	1
-33.0135950680997	-42.3999077429762	1	1
-32.7183799972008	-42.4891165730078	1	1
-32.4195355806005	-42.5678885190282	1	1
-32.1177459710016	-42.6359637029818	1	1
-31.8136953212997	-42.6930822459981	1	1
-31.5080677842016	-42.7389842689736	1	1
-31.2015475125008	-42.77340989199	1	1
-30.8948186589005	-42.7960992360022	1	1
-30.5885653760997	-42.8067924230127	1	1
-30.2834718170016	-42.8052295739762	1	1
-29.9802221343016	-42.7911508089746	1	1
-29.6795004806991	-42.7642962500104	1	1
-29.3819910091006	-42.7244060169905	1	1
-29.0883778722018	-42.6712202309864	1	1
-28.7993452226983	-42.6044790140004	1	1
-28.5155772135004	-42.5239224859979	1	1
-28.2377579972017	-42.4292907679919	1	1
-27.9665715857991	-42.320324138971	1	1
-27.7024973916014	-42.1969913310022	1	1
-27.4454010717018	-42.0599463940016	1	1
-27.1950336787995	-41.9099713410251	1	1
-26.9511462654991	-41.7478481890284	1	1
-26.7134898842996	-41.5743589519989	1	1
-26.4818155877983	-41.3902856470086	1	1
-26.2558744287016	-41.196410286997	1	1
-26.0354174595013	-40.9935148889781	1	1
-25.8201957327001	-40.7823814679869	1	1
-25.6099603010989	-40.563792039	1	1
-25.4044622172005	-40.3385286160046	1	1
-25.2034525335002	-40.1073732170044	1	1
-25.0066823027009	-39.8711078549968	1	1
-24.8139025773999	-39.6305145450169	1	1
-24.6248644100997	-39.3863753040205	1	1
-24.4393188534996	-39.1394721469842	1	1
-24.2570169600003	-38.8905870880117	1	1
-24.0777097825012	-38.640502143011	1	1
-23.9011483733011	-38.389999327017	0	1
-23.7270837850992	-38.139860655996	0	1
-23.5552670705001	-37.890868144983	0	1
-23.385449282101	-37.6438038080232	0	1
-23.2173814724993	-37.3994496610248	0	1
-22.9597736854012	-37.2385539970128	0	1
-22.7021658982994	-37.0776583320112	0	1
-22.4445581112996	-36.9167626679991	0	1
-22.1869503242015	-36.7558670029975	0	1
-21.9293425370997	-36.5949713389855	0	1
-21.6717347500016	-36.4340756739839	0	1
-21.4141269628999	-36.2731800099718	0	1
-21.1565191758018	-36.112284346018	0	1
-20.8989113887983	-35.9513886810164	0	1
-20.6413036017002	-35.7904930170043	0	1
-20.3836958145985	-35.6295973520027	0	1
-20.1260880275004	-35.4687016879907	0	1
-19.8684802403986	-35.3078060229891	0	1
-19.6108724533005	-35.146910358977	0	1
-19.3532646663007	-34.9860146939754	0	1
-19.0956568791989	-34.8251190300216	0	1
-18.8380490921008	-34.6642233660095	0	1
-18.6481005165006	-34.4315357130254	0	1
-18.4581519409003	-34.198848059983	0	1
-18.2682033653	-33.9661604079884	0	1
-18.0782547896997	-33.7334727550042	0	1
-17.8883062140994	-33.50078510202	0	1
-17.6983576384991	-33.2680974489776	0	1
-17.5084090628989	-33.035409796983	0	1
-17.3184604872986	-32.8027221439988	0	1
-17.1285119116983	-32.5700344910147	0	1
-16.9385633361017	-32.3373468379723	0	1
-16.7486147605996	-32.1046591849881	0	1
-16.5586661849993	-31.8719715329935	0	1
-16.368717609399	-31.6392838800093	0	1
-16.1787690337987	-31.4065962270251	0	1
-15.9888204581985	-31.1739085739828	0	1
-15.7988718826018	-30.9412209219881	0	1
-15.6089233070015	-30.708533269004	0	1
-15.4189747314012	-30.4758456160198	0	1
-15.229026155801	-30.2431579629774	0	1
-15.0390775802007	-30.0104703099933	0	1
-14.8491290046004	-29.7777826579986	0	1
-14.6591804290001	-29.5450950050144	0	1
-14.4692318533998	-29.3124073519721	0	1
-14.2792832777995	-29.0797196989879	0	1
-14.0893347021993	-28.8470320469933	0	1
-13.899386126599	-28.6143443940091	0	1
-13.7094375509987	-28.3816567410249	0	1
-13.5194889753984	-28.1489690879826	0	1
-13.3295403998018	-27.9162814349984	0	1
-13.1395918242015	-27.6835937830037	0	1
-12.9496432486012	-27.4509061300196	0	1
-12.7596946730009	-27.2182184769772	0	1
-12.5697460974989	-26.985530823993	0	1
-12.3797975218986	-26.7528431719984	0	1
-12.1898489462983	-26.5201555190142	0	1
-11.9999003707017	-26.2874678659718	0	1
-11.8099517951014	-26.0547802129877	0	1
-11.6200032195011	-25.8220925600035	0	1
-11.4300546439008	-25.5894049080089	0	1
-11.2401060683005	-25.3567172550247	0	1
-11.0501574927002	-25.1240296019823	0	1
-10.8602089171	-24.8913419489982	0	1
-10.6702603414997	-24.6586542970035	0	1
-10.4803117658994	-24.4259666440194	0	1
-10.2903631902991	-24.193278990977	0	1
-10.1004146146988	-23.9605913379928	0	1
-9.91046603909854	-23.7279036850086	0	1
-9.72051746349825	-23.495216033014	0	1
-9.53056888790161	-23.2625283799716	0	1
-9.34062031230133	-23.0298407269875	0	1
-9.15067173670104	-22.7971530740033	0	1
-8.96072316110076	-22.5644654210191	0	1
-8.77077458550048	-22.3317777690245	0	1
-8.58082600999842	-22.0990901159821	0	1
-8.39087743440177	-21.8664024629979	0	1
-8.20092885880149	-21.6337148100138	0	1
-8.01098028320121	-21.4010271580191	0	1
-7.82103170760092	-21.1683395049768	0	1
-7.63108313200064	-20.9356518519926	0	1
-7.44113455640036	-20.7029641990084	0	1
-7.25118598080007	-20.4702765460243	0	1
-7.06123740519979	-20.2375888939714	0	1
-6.87128882959951	-20.0049012409872	0	1
-6.68134025399922	-19.7722135880031	0	1
-6.49139167839894	-19.5395259350189	0	1
-6.30144310279866	-19.3068382830243	0	1
-6.11149452719837	-19.0741506299819	0	1
-5.92154595160173	-18.8414629769977	0	1
-5.73159737600145	-18.6087753240135	0	1
-5.54164880040116	-18.3760876709712	0	1
-5.35170022480088	-18.1434000189765	0	1
-5.1617516492006	-17.9107123659924	0	1
-4.97180307360031	-17.6780247130082	0	1
-4.78185449800003	-17.445337060024	0	1
-4.59190592239975	-17.2126494079712	0	1
-4.40195734690133	-16.979961754987	0	1
-4.21200877130104	-16.7472741020028	0	1
-4.02206019570076	-16.5145864490187	0	1
-3.83211162010048	-16.2818987959763	0	1
-3.64216304450019	-16.0492111439817	0	1
-3.45221446889991	-15.8165234909975	0	1
-3.26226589329963	-15.5838358380133	0	1
-3.07231731769934	-15.351148184971	0	1
-2.88236874209906	-15.1184605329763	0	1
-2.69242016649878	-14.8857728799921	0	1
-2.50247159089849	-14.653085227008	0	1
-2.31544318180022	-14.4181704550283	0	1
-2.12841477269831	-14.1832556820009	0	1
-1.94138636360003	-13.9483409089735	0	1
-1.75435795450176	-13.7134261360043	0	1
-1.56732954550171	-13.4785113640246	0	1
-1.38030113639979	-13.2435965909972	0	1
-1.19327272730152	-13.008681818028	0	1
-1.00624431819961	-12.7737670450006	0	1
-0.819215909101331	-12.5388522730209	0	1
-0.632187499999418	-12.3039374999935	0	1
-0.445159090901143	-12.0690227270243	0	1
-0.25813068179923	-11.8341079549864	0	1
-0.0711022727009549	-11.5991931820172	0	1
0.115926136400958	-11.3642784089898	0	1
0.302954545499233	-11.1293636360206	0	1
0.489982954499283	-10.8944488639827	0	1
0.677011363601196	-10.6595340910135	0	1
0.864039772699471	-10.4246193179861	0	1
1.05106818180138	-10.1897045450169	0	1
1.23809659089966	-9.95478977297898	0	1
1.42512500000157	-9.71987500000978	0	1
1.61215340909985	-9.48496022698237	0	1
1.79918181820176	-9.25004545500269	0	1
1.98621022730003	-9.01513068197528	0	1
2.17323863639831	-8.78021590900607	0	1
2.36026704550022	-8.54530113597866	0	1
2.54729545450027	-8.31038636399899	0	1
2.73432386359855	-8.07547159097157	0	1
2.92135227270046	-7.84055681800237	0	1
3.10838068179874	-7.60564204497496	0	1
3.29540909090065	-7.37072727299528	0	1
3.48243749999892	-7.13581250002608	0	1
3.66946590910084	-6.90089772699866	0	1
3.85649431819911	-6.66598295501899	0	1
4.04352272730102	-6.43106818199158	0	1
4.2305511363993	-6.19615340902237	0	1
4.41757954550121	-5.96123863599496	0	1
4.60460795450126	-5.72632386401528	0	1
4.79163636359954	-5.49140909098787	0	1
4.97866477270145	-5.25649431801867	0	1
5.16569318179972	-5.02157954499125	0	1
5.35272159090164	-4.78666477301158	0	1
5.53974999999991	-4.55174999998417	0	1
5.72677840909819	-4.31683522701496	0	1
