3.70599999999831	-3.55200000002515	0	1
3.89315789470129	-3.31844976102002	0	1
4.08031578949885	-3.08489952201489	0	1
4.26747368419819	-2.85134928202024	0	1
4.45463157890117	-2.61779904301511	0	1
4.64178947369874	-2.38424880400999	0	1
4.82894736840171	-2.15069856500486	0	1
5.01610526319928	-1.9171483250102	0	1
5.20326315789862	-1.68359808600508	0	1
5.3904210526016	-1.45004784699995	0	1
5.57757894739916	-1.21649760799482	0	1
5.7647368420985	-0.982947368000168	0	1
5.95189473680148	-0.749397128995042	0	1
6.13905263159904	-0.515846889989916	0	1
6.32621052629838	-0.28229665098479	0	1
6.51336842109959	-0.0487464119796641	0	1
6.70052631579892	0.184803828014992	0	1
6.88768421049826	0.418354067020118	0	1
7.07484210529947	0.651904306025244	0	1
7.26199999999881	0.885454544972163	0	1
7.44915789470178	1.11900478502503	0	1
7.63631578949935	1.35255502397195	0	1
7.82347368419869	1.58610526297707	0	1
8.01063157890167	1.8196555019822	0	1
8.19778947369923	2.05320574197685	0	1
8.38494736839857	2.28675598098198	0	1
8.57210526319977	2.52030621998711	0	1
8.75926315789911	2.75385645899223	0	1
8.94642105259845	2.98740669898689	0	1
9.13357894739966	3.22095693799201	0	1
9.320736842099	3.45450717699714	0	1
9.50789473679833	3.68805741600227	0	1
9.69505263159954	3.92160765500739	0	1
9.88221052629888	4.15515789500205	0	1
10.0693684211001	4.38870813400717	0	1
10.2565263157994	4.6222583730123	0	1
10.4436842104988	4.85580861201743	0	1
10.6308421053	5.08935885201208	0	1
10.8179999999993	5.32290909101721	0	1
11.0051578946986	5.55645933002234	0	1
11.1923157894998	5.79000956902746	0	1
11.3794736841992	6.02355980902212	0	1
11.5666315788985	6.25711004802724	0	1
11.7537894736997	6.49066028697416	0	1
11.9409473683991	6.72421052597929	0	1
12.1281052632003	6.95776076597394	0	1
12.3152631578996	7.19131100497907	0	1
12.5024210525989	7.4248612439842	0	1
12.6895789474002	7.65841148298932	0	1
12.8767368420995	7.89196172199445	0	1
13.0638947367988	8.1255119619891	0	1
13.2510526316	8.35906220099423	0	1
13.4382105262994	8.59261243999936	0	1
13.6253684209987	8.82616267900448	0	1
13.8125263157999	9.05971291899914	0	1
13.9996842104993	9.29326315800427	0	1
14.1868421053005	9.52681339700939	0	1
14.3739999999998	9.76036363601452	0	1
14.5611578946991	9.99391387600917	0	1
14.7483157895003	10.2274641150143	0	1
14.9354736841997	10.4610143540194	0	1
15.122631578899	10.6945645930246	0	1
15.3097894737002	10.9281148319715	0	1
15.4969473683996	11.1616650720243	0	1
15.6841052632008	11.3952153109713	0	1
15.8712631579001	11.6287655499764	0	1
16.0584210525994	11.8623157889815	0	1
16.2455789474006	12.0958660289762	0	1
16.4327368421	12.3294162679813	0	1
16.6198947367993	12.5629665069864	0	1
16.8070526316005	12.7965167459915	0	1
16.9942105262999	13.0300669859862	0	1
17.1813684211011	13.2636172249913	0	1
17.3685263158004	13.4971674639964	0	1
17.5556842104997	13.7307177030016	0	1
17.742842105301	13.9642679429962	0	1
17.9300000000003	14.1978181820014	0	1
18.1171578946996	14.4313684210065	0	1
18.3043157895008	14.6649186600116	0	1
18.4914736842002	14.8984688990167	0	1
18.6786315788995	15.1320191390114	0	1
18.8657894737007	15.3655693780165	0	1
19.0529473684001	15.5991196170216	0	1
19.2401052632013	15.8326698560268	0	1
19.4272631579006	16.0662200960214	0	1
19.6144210525999	16.2997703350266	0	1
19.8015789474011	16.5333205739735	0	1
19.9887368421005	16.7668708129786	0	1
20.1758947367998	17.0004210529733	0	1
20.363052631601	17.2339712919784	0	1
20.5502105263004	17.4675215309835	0	1
20.7373684211016	17.7010717699886	0	1
20.9245263158009	17.9346220099833	0	1
21.1116842105002	18.1681722489884	0	1
21.2988421053014	18.4017224879935	0	1
21.4860000000008	18.6352727269987	0	1
21.6731578947001	18.8688229660038	0	1
21.8603157895013	19.1023732059984	0	1
22.0474736842007	19.3359234450036	0	1
22.2346315789	19.5694736840087	0	1
22.4217894737012	19.8030239230138	0	1
22.6089473684005	20.0365741630085	0	1
22.7961052632018	20.2701244020136	0	1
22.9832631579011	20.5036746410187	0	1
23.1704210526004	20.7372248800239	0	1
23.3575789474016	20.9707751200185	0	1
23.544736842101	21.2043253590236	0	1
23.7318947368003	21.4378755980288	0	1
23.9190526316015	21.6714258369757	0	1
24.1062105263009	21.9049760770286	0	1
24.2933684210984	22.1385263159755	0	1
24.4805263158014	22.3720765549806	0	1
24.6676842105007	22.6056267939857	0	1
24.8548421052983	22.8391770339804	0	1
25.0420000000013	23.0727272729855	0	1
25.2291578947006	23.3062775119906	0	1
25.4163157894982	23.5398277509958	0	1
25.6034736842012	23.7733779900009	0	1
25.7906315789005	24.0069282299955	0	1
25.9777894737017	24.2404784690007	0	1
26.164947368401	24.4740287080058	0	1
26.3521052631986	24.7075789470109	0	1
26.5392631579016	24.9411291870056	0	1
26.7264210526009	25.1746794260107	0	1
26.9135789473985	25.4082296650158	0	1
27.1007368421015	25.641779904021	0	1
27.2878947368008	25.8753301440156	0	1
27.4750526315984	26.1088803830207	0	1
27.6622105263014	26.3424306220259	0	1
27.8493684210989	26.5759808609728	0	1
28.0365263157983	26.8095311010256	0	1
28.2236842105012	27.0430813399726	0	1
28.4108421052988	27.2766315789777	0	1
28.5980000000018	27.5101818179828	0	1
28.7851578947011	27.7437320569879	0	1
28.9723157894987	27.9772822969826	0	1
29.1594736842017	28.2108325359877	0	1
29.346631578901	28.4443827749928	0	1
29.5337894736986	28.677933013998	0	1
29.7209473684015	28.9114832539926	0	1
29.9081052631991	29.1450334929978	0	1
30.0952631578984	29.3785837320029	0	1
30.2824210526014	29.612133971008	0	1
30.469578947399	29.8456842110027	0	1
30.6567368420983	30.0792344500078	0	1
30.8438947368013	30.3127846890129	0	1
31.0310526315989	30.546334928018	0	1
31.2182105262982	30.7798851670232	0	1
31.4053684210994	31.0134354070178	0	1
31.5925263157988	31.2469856460229	0	1
31.7796842105017	31.4805358850281	0	1
31.9668421052993	31.714086123975	0	1
32.1539999999986	31.9476363640279	0	1
32.3411578947016	32.1811866029748	0	1
32.5283157894992	32.4147368419799	0	1
32.7154736841985	32.648287080985	0	1
32.9026315789015	32.8818373209797	0	1
33.0897894736991	33.1153875599848	0	1
33.2769473683984	33.3489377989899	0	1
33.4641052631996	33.5824880379951	0	1
33.6512631578989	33.8160382779897	0	1
33.8384210525983	34.0495885169948	0	1
34.0255789473995	34.283138756	0	1
34.2127368420988	34.5166889950051	0	1
34.3998947368018	34.7502392340102	0	1
34.5870526315994	34.9837894740049	0	1
34.7742105262987	35.21733971301	0	1
34.9613684210999	35.4508899520151	0	1
35.1485263157992	35.6844401910203	0	1
35.3356842104986	35.9179904310149	0	1
35.5228421052998	36.15154067002	0	1
35.7099999999991	36.3850909090252	0	1
35.8971578946985	36.6186411479721	0	1
36.0843157894997	36.8521913880249	0	1
36.271473684199	37.0857416269719	0	1
36.4586315788983	37.319291865977	0	1
36.6457894736996	37.5528421049821	0	1
36.8329473683989	37.7863923449768	0	1
37.0201052632001	38.0199425839819	0	1
37.2072631578994	38.253492822987	0	1
37.3944210525988	38.4870430619922	0	1
37.5815789474	38.7205933009973	0	1
37.7687368420993	38.9541435409919	0	1
37.9558947367987	39.1876937799971	0	1
38.1430526315999	39.4212440190022	0	1
38.3302105262992	39.6547942580073	0	1
38.5173684211004	39.888344498002	0	1
38.7045263157997	40.1218947370071	0	1
38.8916842104991	40.3554449760122	0	1
39.0788421053003	40.5889952150173	0	1
39.2659999999996	40.822545455012	0	1
39.453157894699	41.0560956940171	0	1
39.6403157895002	41.2896459330223	0	1
39.8274736841995	41.5231961720274	0	1
40.0146315788988	41.7567464109743	0	1
40.2017894737	41.9902966510272	0	1
40.3889473683994	42.2238468899741	0	1
40.5761052632006	42.4573971289792	0	1
40.7632631578999	42.6909473679843	0	1
40.9504210525993	42.924497607979	0	1
41.1375789474005	43.1580478469841	0	1
41.3247368420998	43.3915980859892	0	1
41.5118947367991	43.6251483249944	0	1
41.6990526316004	43.858698564989	0	1
41.8862105262997	44.0922488039942	0	1
42.0733684211009	44.3257990429993	0	1
42.2605263158002	44.5593492820044	0	1
42.4476842104996	44.7928995219991	0	1
42.6348421053008	45.0264497610042	0	1
42.8318436234986	45.2531906280201	0	1
43.0288451417	45.4799314960255	0	1
43.2258466599014	45.7066723639728	0	1
43.4228481780992	45.9334132319782	0	1
43.6198496963989	46.1601540989941	0	1
43.8168512146003	46.3868949669995	0	1
44.0138527328018	46.613635835005	0	1
44.2108542509995	46.8403767020209	0	1
44.407855769201	47.0671175700263	0	1
44.6048572873988	47.2938584379735	0	1
44.8018588056984	47.5205993049894	0	1
44.9988603238999	47.7473401729949	0	1
45.1958618421013	47.9740810410003	0	1
45.3928633602991	48.2008219080162	0	1
45.5898648785005	48.4275627760217	0	1
45.7868663968002	48.6543036440271	0	1
45.9838679150016	48.8810445109848	0	1
46.1808694331994	49.1077853789902	0	1
46.3778709514008	49.3345262469957	0	1
46.5748724695986	49.5612671140116	0	1
46.7718739878983	49.788007982017	0	1
46.9688755060997	50.0147488500224	0	1
47.1658770243012	50.2414897180279	0	1
47.3628785424989	50.4682305849856	0	1
47.5598800607004	50.694971452991	0	1
47.7568815789018	50.9217123209964	0	1
47.9538830972015	51.1484531880124	0	1
48.1508846153993	51.3751940560178	0	1
48.3478861336007	51.6019349240232	0	1
48.5448876517985	51.8286757909809	0	1
48.7418891699999	52.0554166589864	0	1
48.9388906882996	52.2821575269918	0	1
49.135892206501	52.5088983940077	0	1
49.3328937246988	52.7356392620131	0	1
49.5298952429002	52.9623801300186	0	1
49.7268967611017	53.1891209969763	0	1
49.9238982794013	53.4158618649817	0	1
50.1208997975991	53.6426027329871	0	1
50.3179013158006	53.869343600003	0	1
50.5149028339983	54.0960844680085	0	1
50.7119043521998	54.3228253360139	0	1
50.9089058704012	54.5495662040194	0	1
51.1059073887009	54.7763070709771	0	1
51.3029089068987	55.0030479389825	0	1
51.4999104251001	55.2297888069879	0	1
51.6969119433015	55.4565296740038	0	1
51.8939134614993	55.6832705420093	0	1
52.090914979799	55.9100114100147	0	1
52.2879164980004	56.1367522769724	0	1
52.4849180161982	56.3634931449778	0	1
52.6819195343996	56.5902340129833	0	1
52.8789210526011	56.8169748799992	0	1
53.0759225707989	57.0437157480046	0	1
53.2729240890985	57.2704566160101	0	1
53.4699256073	57.497197483026	0	1
53.6669271255014	57.7239383509732	0	1
53.8639286436992	57.9506792189786	0	1
54.0609301619006	58.1774200859945	0	1
54.2579316802003	58.404160954	0	1
54.4549331984017	58.6309018220054	0	1
54.6519347165995	58.8576426900108	0	1
54.8489362348009	59.0843835570267	0	1
55.0459377529987	59.311124424974	0	1
55.2429392712984	59.5378652929794	0	1
55.4399407894998	59.7646061599953	0	1
55.6369423077012	59.9913470280007	0	1
55.833943825899	60.2180878960062	0	1
56.0309453441005	60.4448287630221	0	1
56.2279468622983	60.6715696310275	0	1
56.4249483806016	60.8983104989748	0	1
56.6219498987994	61.1250513659907	0	1
56.8189514170008	61.3517922339961	0	1
57.0159529351986	61.5785331020015	0	1
57.2129544534	61.8052739690174	0	1
57.4099559716997	62.0320148370229	0	1
57.6069574899011	62.2587557050283	0	1
57.8039590080989	62.4854965729755	0	1
58.0009605263003	62.7122374399914	0	1
58.1979620445018	62.9389783079969	0	1
58.3949635628014	63.1657191760023	0	1
58.5919650809992	63.3924600430182	0	1
58.7889665992006	63.6192009110237	0	1
58.9859681173984	63.8459417790291	0	1
59.1829696355999	64.0726826459868	0	1
59.3799711538013	64.2994235139922	0	1
59.576972672101	64.5261643819977	0	1
59.7739741902988	64.7529052490136	0	1
59.9709757085002	64.979646117019	0	1
60.1679772267016	65.2063869850244	0	1
60.3649787448994	65.4331278519821	0	1
60.5619802631991	65.6598687199876	0	1
60.7589817814005	65.886609587993	0	1
60.9559832995983	66.1133504550089	0	1
61.1529848177997	66.3400913230143	0	1
61.3499863360012	66.5668321910198	0	1
61.546987854199	66.7935730590252	0	1
61.7439893724986	67.0203139259829	0	1
61.9409908907	67.2470547939884	0	1
62.1379924089015	67.4737956619938	0	1
62.3349939270993	67.7005365290097	0	1
62.5319954453007	67.9272773970151	0	1
62.7289969636004	68.1540182650206	0	1
62.9259984818018	68.3807591319783	0	1
63.1229999999996	68.6074999999837	0	1
63.2724285084005	68.8094304599799	0	1
63.4351597932982	69.0182853019796	0	1
63.6088314617991	69.2338139840285	0	1
63.7910811207985	69.4557659649872	0	1
63.9795463771989	69.6838907009806	0	1
64.1718648380011	69.9179376509856	0	1
64.3656741101986	70.1576562739792	1	1
64.5586118007013	70.4027960260282	1	1
64.7483155164991	70.6531063669827	1	1
64.9324228644982	70.9083367550047	1	1
65.1085714516012	71.1682366459863	1	1
65.2743988848997	71.4325555000105	1	1
65.4275427713001	71.7010427750065	1	1
65.5656407177012	71.9734479279723	1	1
65.6863303309983	72.2495204180013	1	1
65.7872492183997	72.5290097019752	1	1
65.8660349866004	72.8116652389872	1	1
65.9203252426014	73.0972364870249	1	1
65.9480150925992	73.385431548988	1	1
65.9494023320985	73.6755726489937	1	1
65.9260938490006	73.9667717679986	1	1
65.8797096925009	74.2581387740211	1	1
65.8118699117986	74.5487835350214	1	1
65.7241945561	74.8378159159911	1	1
65.6183036744987	75.1243457859964	1	1
65.4958173164996	75.4074830110185	0	1
65.3583555309997	75.6863374600071	0	1
65.2075383675001	75.9600189980119	0	1
65.0449858749998	76.2276374939829	0	1
64.8723181027999	76.488302815007	0	1
64.6911551000994	76.7411248279968	0	1
64.5031169161994	76.9852133999811	0	1
64.3098236002006	77.2196783979889	0	1
64.1128952012987	77.4436296899803	0	1
63.9139517689	77.6561771429842	0	1
63.714613352	77.8564306239714	0	1
63.5165000000015	78.0435000000289	0	1
63.2892115385002	78.2359038459836	0	1
63.0619230769007	78.4283076919965	0	1
62.8346346153994	78.6207115380093	0	1
62.6073461537999	78.8131153850118	0	1
62.3800576922986	79.0055192310247	0	1
62.1527692308009	79.1979230769794	0	1
61.9254807692014	79.3903269229922	0	1
61.6981923077001	79.5827307690051	0	1
61.4709038461988	79.775134615018	0	1
61.2436153845993	79.9675384620205	0	1
61.0163269231016	80.1599423079751	0	1
60.7890384614984	80.352346153988	0	1
60.5617500000008	80.5447500000009	0	1
60.3344615384995	80.7371538460138	0	1
60.1071730768999	80.9295576920267	0	1
59.8798846153986	81.1219615379814	0	1
59.6525961537991	81.3143653849838	0	1
59.4253076923014	81.5067692309967	0	1
59.1980192308001	81.6991730770096	0	1
58.9707307692006	81.8915769230225	0	1
58.7434423076993	82.0839807689772	0	1
58.5161538462016	82.2763846149901	0	1
58.2888653845985	82.4687884619925	0	1
58.0615769231008	82.6611923080054	0	1
57.8342884615013	82.8535961540183	1	1
57.607	83.045999999973	1	1
57.3976249322004	83.2427975889877	1	1
57.1718129190995	83.4312084650155	1	1
56.9314631544003	83.6082929819822	1	1
56.6784748317987	83.7711114910198	1	1
56.4147471448996	83.916724345996	1	1
56.1421792875008	84.0421918979846	1	1
55.8626704533999	84.1445744999801	1	1
55.5781198361001	84.2209325039876	1	1
55.2904266295009	84.2683262639912	1	1
55.0014009264996	84.2843181350036	1	1
54.7122744373009	84.2697291519726	1	1
54.4240479781001	84.226681234024	1	1
54.137721761901	84.1572997000185	1	1
53.8542960017003	84.0637098660227	1	1
53.5747709105999	83.9480370500241	1	1
53.3001467016002	83.8124065690208	1	1
53.0314235877995	83.6589437400107	1	1
52.7696017823	83.4897738809814	1	1
52.515681498	83.307022308989	0	1
52.2706629480999	83.112814342021	0	1
52.0355463455016	82.9092752960278	0	1
51.8113319033	82.6985304889968	0	1
51.599019834699	82.4827052389737	0	1
51.3996103524987	82.2639248620253	0	1
51.2141036698995	82.0443146770122	0	1
51.0274073748988	81.8133025739808	0	1
50.8407110799999	81.5822904710076	0	1
50.6540147849992	81.3512783679762	0	1
50.4673184899984	81.120266265003	0	1
50.2806221950013	80.8892541619716	0	1
50.0939259000006	80.6582420589984	0	1
49.9072296049999	80.4272299560253	0	1
49.7205333099992	80.1962178529939	0	1
49.5338370149984	79.9652057500207	0	1
49.3471407200013	79.7341936469893	0	1
49.1604444250006	79.5031815440161	0	1
48.9737481299999	79.2721694409847	0	1
48.7870518349991	79.0411573380115	0	1
48.6003555399984	78.8101452360279	0	1
48.4136592450013	78.5791331329965	0	1
48.2269629500006	78.3481210300233	0	1
48.0402666549999	78.1171089269919	0	1
47.8535703599991	77.8860968240188	0	1
47.6668740649984	77.6550847209874	0	1
47.4801777700013	77.4240726180142	0	1
47.2934814750006	77.1930605149828	0	1
47.1067851799999	76.9620484120096	0	1
46.9200888849991	76.7310363089782	0	1
46.7333925899984	76.500024206005	0	1
46.5466962950013	76.2690121029736	0	1
46.364075789701	76.031644473027	0	1
46.181455284499	75.7942768430221	0	1
45.9988347791987	75.5569092130172	0	1
45.8162142738984	75.3195415840019	0	1
45.6335937686999	75.082173953997	0	1
45.4509732633996	74.8448063239921	0	1
45.2683527580994	74.6074386939872	0	1
45.0857322529009	74.3700710639823	0	1
44.9031117476006	74.1327034350252	0	1
44.7204912423003	73.8953358050203	0	1
44.5378707370983	73.6579681750154	0	1
44.3552502318016	73.4206005450105	0	1
44.1726297265996	73.1832329150056	0	1
43.9900092212993	72.9458652850008	0	1
43.807388715999	72.7084976559854	0	1
43.6247682108005	72.4711300259805	0	1
43.4421477055002	72.2337623959756	0	1
43.2595272002	71.996394766029	0	1
43.0769066950015	71.7590271360241	0	1
42.8942861897012	71.5216595070087	0	1
42.7116656844009	71.2842918770039	0	1
42.5290451791989	71.046924246999	0	1
42.3464246738986	70.8095566169941	0	1
42.1638041685983	70.5721889869892	0	1
41.9811836633999	70.3348213569843	0	1
41.7985631580996	70.0974537280272	0	1
41.6159426527993	69.8600860980223	0	1
41.4333221476008	69.6227184680174	0	1
41.2507016423006	69.3853508380125	0	1
41.0680811370985	69.1479832080076	0	1
40.8854606317982	68.9106155789923	0	1
40.7028401265015	68.6732479489874	0	1
40.5202196212995	68.4358803189825	0	1
40.3375991159992	68.1985126889776	0	1
40.1549786106989	67.9611450589728	0	1
39.9723581055005	67.7237774290261	0	1
39.7897376002002	67.4864098000107	0	1
39.6071170948999	67.2490421700059	0	1
39.4244965897014	67.011674540001	0	1
39.2418760844012	66.7743069099961	0	1
39.0592555791009	66.5369392799912	0	1
38.8766350738988	66.2995716509758	0	1
38.6940145685985	66.062204020971	0	1
38.5113940632982	65.8248363910243	0	1
38.3287735580998	65.5874687610194	0	1
38.1461530527995	65.3501011310145	0	1
37.9635325476011	65.1127335010096	0	1
37.7809120423008	64.8753658719943	0	1
37.5982915370005	64.6379982419894	0	1
37.4156710317984	64.4006306119845	0	1
37.2330505265018	64.1632629819796	0	1
37.0504300212015	63.9258953519748	0	1
36.8678095159994	63.6885277220281	0	1
36.6851890106991	63.4511600930127	0	1
36.5025685053988	63.2137924630078	0	1
36.3199480002004	62.976424833003	0	1
36.1373274949001	62.7390572029981	0	1
35.9547069895998	62.5016895729932	0	1
35.7720864844014	62.2643219439778	0	1
35.5894659791011	62.026954313973	0	1
35.4068454738008	61.7895866840263	0	1
35.2242249685987	61.5522190540214	0	1
35.0416044632984	61.3148514240165	0	1
34.8589839580018	61.0774837940116	0	1
34.6763634527997	60.8401161649963	0	1
34.4937429474994	60.6027485349914	0	1
34.311122442301	60.3653809049865	0	1
34.1285019370007	60.1280132749816	0	1
33.9458814317004	59.8906456449768	0	1
33.7632609264983	59.6532780149719	0	1
33.5806404212017	59.4159103860147	0	1
33.3980199159014	59.1785427560098	0	1
33.2153994106993	58.941175126005	0	1
33.032778905399	58.7038074960001	0	1
32.8501584000987	58.4664398659952	0	1
32.6675378949003	58.2290722369798	0	1
32.4849173896	57.991704606975	0	1
32.3022968842997	57.7543369770283	0	1
32.1196763791013	57.5169693470234	0	1
31.937055873801	57.2796017170185	0	1
31.7544353685007	57.0422340870136	0	1
31.5718148632986	56.8048664579983	0	1
31.3891943579983	56.5674988279934	0	1
31.2065738527017	56.3301311979885	0	1
31.0239533474996	56.0927635679836	0	1
30.8413328421993	55.8553959379788	0	1
30.6587123370009	55.6180283090216	0	1
30.4760918317006	55.3806606790167	0	1
30.2934713264003	55.1432930490118	0	1
30.1108508211983	54.905925419007	0	1
29.9282303159016	54.6685577890021	0	1
29.7456098106013	54.4311901589972	0	1
29.5629893053992	54.1938225299818	0	1
29.3803688000989	53.956454899977	0	1
29.1977482947987	53.7190872699721	0	1
29.0151277896002	53.4817196400254	0	1
28.8325072842999	53.2443520100205	0	1
28.6498867789996	53.0069843810052	0	1
28.4672662738012	52.7696167510003	0	1
28.2846457685009	52.5322491209954	0	1
28.1020252632006	52.2948814909905	0	1
27.9194047579986	52.0575138609856	0	1
27.7367842526983	51.8201462309808	0	1
27.5541637474016	51.5827786020236	0	1
27.3715432421996	51.3454109720187	0	1
27.1889227368993	51.1080433420138	0	1
27.0063022317008	50.870675712009	0	1
26.8236817264005	50.6333080820041	0	1
26.6410612211002	50.3959404519992	0	1
26.4584407159018	50.1585728229838	0	1
26.2758202106015	49.921205192979	0	1
26.0931997053012	49.6838375629741	0	1
25.9105792000992	49.4464699330274	0	1
25.7279586947989	49.2091023030225	0	1
25.5453381894986	48.9717346740072	0	1
25.3627176843002	48.7343670440023	0	1
25.1800971789999	48.4969994139974	0	1
24.9974766736996	48.2596317839925	0	1
24.8148561685011	48.0222641539876	0	1
24.6322356632008	47.7848965239828	0	1
24.4496151579006	47.5475288950256	0	1
24.2669946526985	47.3101612650207	0	1
24.0843741473982	47.0727936350158	0	1
23.9017536421998	46.835426005011	0	1
23.7191331368995	46.5980583750061	0	1
23.5365126315992	46.3606907459907	0	1
23.3538921264008	46.1233231159858	0	1
23.1712716211005	45.885955485981	0	1
22.9886511158002	45.6485878559761	0	1
22.8060306106017	45.4112202259712	0	1
22.6234101053014	45.1738525960245	0	1
22.4407896000012	44.9364849670092	0	1
22.2581690947991	44.6991173370043	0	1
22.0755485894988	44.4617497069994	0	1
21.8929280841985	44.2243820769945	0	1
21.7103075790001	43.9870144469896	0	1
21.5276870736998	43.7496468179743	0	1
21.3450665683995	43.5122791880276	0	1
21.1624460632011	43.2749115580227	0	1
20.9798255579008	43.0375439280178	0	1
20.7972050526987	42.800176298013	0	1
20.6145845473984	42.5628086680081	0	1
20.4319640421018	42.3254410389927	0	1
20.2493435368997	42.0880734089878	0	1
20.0667230315994	41.850705778983	0	1
19.8841025262991	41.6133381489781	0	1
19.7014820211007	41.3759705189732	0	1
19.5188615158004	41.1386028890265	0	1
19.3362410105001	40.9012352600112	0	1
19.1536205053017	40.6638676300063	0	1
18.9576993295996	40.4412990810233	0	1
18.7617781539011	40.2187305329717	0	1
18.565856978199	39.9961619849782	0	1
18.3699358025005	39.7735934359953	0	1
18.1740146269003	39.5510248880018	0	1
17.9780934511982	39.3284563400084	0	1
17.7821722754998	39.1058877910255	0	1
17.5862510998013	38.8833192429738	0	1
17.3903299240992	38.6607506949804	0	1
17.194408748499	38.4381821459974	0	1
16.9984875728005	38.215613598004	0	1
16.8025663970984	37.9930450500106	0	1
16.6066452214	37.7704765010276	0	1
16.4107240457015	37.5479079529759	0	1
16.2148028701013	37.3253394049825	0	1
16.0188816943992	37.1027708559996	0	1
15.8229605187007	36.8802023080061	0	1
15.6270393429986	36.6576337590232	0	1
15.4311181673002	36.4350652109715	0	1
15.2351969916999	36.2124966629781	0	1
15.0392758160015	35.9899281139951	0	1
14.8433546402994	35.7673595660017	0	1
14.6474334646009	35.5447910180083	0	1
14.4515122888988	35.3222224690253	0	1
14.2555911132004	35.0996539209737	0	1
14.0596699376001	34.8770853729802	0	1
13.8637487619017	34.6545168239973	0	1
13.6678275861996	34.4319482760038	0	1
13.4592413792998	34.2231724140001	0	1
13.2506551724	34.0143965519965	0	1
13.0420689655002	33.8056206899928	0	1
12.8334827586004	33.5968448279891	0	1
12.6248965517007	33.3880689659854	0	1
12.4163103448009	33.1792931029922	0	1
12.2077241379011	32.9705172409886	0	1
11.9991379310013	32.7617413789849	0	1
11.7905517241015	32.5529655169812	0	1
11.5819655172018	32.3441896549775	0	1
11.3733793102983	32.1354137929738	0	1
11.1647931033986	31.9266379310284	0	1
10.9562068964988	31.7178620690247	0	1
10.7476206897009	31.509086207021	0	1
10.5390344828011	31.3003103450174	0	1
10.3304482759013	31.0915344830137	0	1
10.1218620690015	30.88275862101	0	1
9.91327586210173	30.6739827590063	0	1
9.70468965519831	30.4652068970026	0	1
9.49610344829853	30.2564310340094	0	1
9.28751724139875	30.0476551720058	0	1
9.07893103449896	29.8388793100021	0	1
8.87034482759918	29.6301034479984	0	1
8.6617586206994	29.4213275859947	0	1
8.45317241379962	29.2125517239911	0	1
8.24458620689984	29.0037758619874	0	1
8.04479885059845	28.7814674329711	0	1
7.84501149430071	28.5591590040131	0	1
7.6452241379011	28.3368505749968	0	1
7.44543678159971	28.1145421459805	0	1
7.24564942529832	27.8922337159747	0	1
7.04586206900058	27.6699252870167	0	1
6.84607471260097	27.4476168580004	0	1
6.65142438940165	27.2055116340052	0	1
6.45677406610048	26.9634064100101	0	1
6.2621237427993	26.7213011850254	0	1
6.06747341950177	26.479195960972	0	1
5.87282309629882	26.2370907369768	0	1
5.67817277300128	25.9949855119921	0	1
5.4835224497001	25.752880287997	0	1
5.28887212639893	25.5107750640018	0	1
5.09422180319962	25.2686698400066	0	1
4.89957147989844	25.0265646150219	0	1
4.7049211566009	24.7844593910268	0	1
4.51027083329973	24.5423541669734	0	1
4.32524218750041	24.3060859370162	0	1
4.14021354170109	24.0698177079903	0	1
3.9551848957999	23.8335494790226	0	1
3.77015625000058	23.5972812499967	0	1
3.58512760420126	23.3610130210291	0	1
3.40009895830008	23.1247447920032	0	1
3.21507031250076	22.8884765629773	0	1
3.03004166670144	22.6522083330201	0	1
2.84501302080025	22.4159401039942	0	1
2.65998437500093	22.1796718750265	0	1
2.47495572920161	21.9434036460007	0	1
2.28992708330043	21.7071354169748	0	1
2.10489843750111	21.4708671870176	0	1
1.91986979170179	21.2345989579917	0	1
1.7348411458006	20.998330729024	0	1
1.54981250000128	20.7620624999981	0	1
1.36478385419832	20.5257942709723	0	1
1.17975520830078	20.2895260420046	0	1
0.994726562501455	20.0532578129787	0	1
0.809697916698497	19.8169895830215	0	1
0.62466927080095	19.5807213539956	0	1
0.43964062500163	19.3444531250279	0	1
0.254611979198671	19.1081848960021	0	1
0.0695833333011251	18.8719166669762	0	1
-0.115445312498196	18.635648437019	0	1
-0.300473958301154	18.3993802079931	0	1
-0.4855026041987	18.1631119790254	0	1
-0.670531250001659	17.9268437499995	0	1
-0.85555989580098	17.6905755209737	0	1
-1.04058854169853	17.454307292006	0	1
-1.22561718750148	17.2180390629801	0	1
-1.4106458333008	16.9817708330229	0	1
-1.59567447919835	16.745502603997	0	1
-1.78070312500131	16.5092343749711	0	1
-1.96573177080063	16.2729661460035	0	1
-2.15076041670181	16.0366979169776	0	1
-2.33578906250114	15.8004296870204	0	1
-2.52081770830046	15.5641614579945	0	1
-2.70584635420164	15.3278932290268	0	1
-2.89087500000096	15.0916250000009	0	1
-3.07590364580028	14.855356770975	0	1
-3.26093229170147	14.6190885420074	0	1
-3.44596093750079	14.3828203129815	0	1
-3.63098958330011	14.1465520830243	0	1
-3.81601822920129	13.9102838539984	0	1
-4.00104687500061	13.6740156249725	0	1
-4.18607552079993	13.4377473960049	0	1
-4.37110416670112	13.201479166979	0	1
-4.55613281250044	12.9652109370218	0	1
-4.74116145829976	12.7289427079959	0	1
-4.92619010420094	12.4926744790282	0	1
-5.11121875000026	12.2564062500023	0	1
-5.29624739579958	12.0201380209764	0	1
-5.48127604170077	11.7838697920088	0	1
-5.66630468750009	11.5476015629829	0	1
-5.85133333329941	11.3113333330257	0	1
-6.03636197920059	11.0750651039998	0	1
-6.22139062499991	10.8387968749739	0	1
-6.40641927079923	10.6025286460062	0	1
-6.59144791670042	10.3662604169804	0	1
-6.77647656249974	10.1299921870232	0	1
-6.96150520829906	9.89372395799728	0	1
-7.14653385420024	9.6574557289714	0	1
-7.33156249999956	9.42118750000373	0	1
-7.51659114579888	9.18491927097784	0	1
-7.70161979170007	8.94865104201017	0	1
-7.88664843749939	8.71238281298429	0	1
-8.07167708329871	8.47611458302708	0	1
-8.25670572919989	8.2398463540012	0	1
-8.44173437499921	8.00357812497532	0	1
-8.62676302079853	7.76730989600765	0	1
-8.81179166669972	7.53104166698176	0	1
-8.99682031249904	7.29477343702456	0	1
-9.18184895829836	7.05850520799868	0	1
-9.36687760419954	6.8222369789728	0	1
-9.55190624999886	6.58596875000512	0	1
-9.73693489579819	6.34970052097924	0	1
-9.92196354169937	6.11343229201157	0	1
-10.1069921874987	5.87716406298568	0	1
-10.2920208333016	5.64089583302848	0	1
-10.4770494791992	5.4046276040026	0	1
-10.6620781249985	5.16835937497672	0	1
-10.8471067708015	4.93209114600904	0	1
-11.032135416699	4.69582291698316	0	1
-11.2171640624983	4.45955468702596	0	1
-11.4021927083013	4.22328645800008	0	1
-11.5872213541988	3.98701822897419	0	1
-11.7722500000018	3.75075000000652	0	1
-11.9572786458011	3.51448177098064	0	1
-12.1423072916987	3.27821354201296	0	1
-12.3273359375016	3.04194531298708	0	1
-12.512364583301	2.80567708297167	0	1
-12.6973932291985	2.569408854004	0	1
-12.8824218750015	2.33314062497811	0	1
-13.0674505208008	2.09687239601044	0	1
-13.2524791666983	1.86060416698456	0	1
-13.4375078125013	1.62433593702735	0	1
-13.6225364583006	1.38806770800147	0	1
-13.8075651042018	1.15179947897559	0	1
-13.9925937500011	0.915531250007916	0	1
-14.1776223958004	0.679263020982035	0	1
-14.3626510417016	0.44299479201436	0	1
-14.5476796875009	0.206726562988479	0	1
-14.7327083333003	-0.0295416670269333	0	1
-14.9177369792014	-0.265809895994607	0	1
-15.1027656250008	-0.502078125020489	0	1
-15.2877942708001	-0.738346353988163	0	1
-15.4728229167013	-0.974614583014045	0	1
-15.6578515625006	-1.21088281297125	0	1
-15.8428802082999	-1.44715104199713	0	1
-16.0279088542011	-1.68341927102301	0	1
-16.2129375000004	-1.91968749999069	0	1
-16.3979661457997	-2.15595572901657	0	1
-16.5829947917009	-2.39222395798424	0	1
-16.7680234375002	-2.62849218701012	0	1
-16.9530520832996	-2.86476041702554	0	1
-17.1380807292007	-3.10102864599321	0	1
-17.3231093750001	-3.33729687501909	0	1
-17.5081380207994	-3.57356510398677	0	1
-17.6931666667006	-3.80983333301265	0	1
-17.8781953124999	-4.04610156302806	0	1
-18.0632239582992	-4.28236979199573	0	1
-18.2482526042004	-4.51863802102162	0	1
-18.4332812499997	-4.75490624998929	0	1
-18.618309895799	-4.99117447901517	0	1
-18.8033385417002	-5.22744270798285	0	1
-18.9883671874995	-5.46371093700873	0	1
-19.1733958332989	-5.69997916702414	0	1
-19.3584244792	-5.93624739599181	0	1
-19.5434531249994	-6.1725156250177	0	1
-19.7284817707987	-6.40878385398537	0	1
-19.9135104166999	-6.64505208301125	0	1
-20.0985390624992	-6.88132031302666	0	1
-20.2835677082985	-7.11758854199434	0	1
-20.4685963541997	-7.35385677102022	0	1
-20.653624999999	-7.59012499998789	0	1
-20.8386536457983	-7.82639322901377	0	1
-21.0236822916995	-8.06266145798145	0	1
-21.2087109374988	-8.29892968700733	0	1
-21.3937395833018	-8.53519791702274	0	1
-21.5787682291993	-8.77146614599042	0	1
-21.7637968749987	-9.0077343750163	0	1
-21.9488255208016	-9.24400260398397	0	1
-22.1338541666992	-9.48027083300985	0	1
-22.3188828124985	-9.71653906302527	0	1
-22.5039114583014	-9.95280729199294	0	1
-22.688940104199	-10.1890755210188	0	1
-22.8739687499983	-10.4253437499865	0	1
-23.0589973958013	-10.6616119790124	0	1
-23.2440260416988	-10.8978802079801	0	1
-23.4290546875018	-11.1341484370059	0	1
-23.6140833333011	-11.3704166670213	0	1
-23.7991119791986	-11.606684895989	0	1
-23.9841406250016	-11.8429531250149	0	1
-24.1691692708009	-12.0792213539826	0	1
-24.3541979166985	-12.3154895830085	0	1
-24.5392265625014	-12.5517578119761	0	1
-24.7242552083007	-12.7880260419915	0	1
-24.9092838541983	-13.0242942710174	0	1
-25.0943125000013	-13.2605624999851	0	1
-25.2793411458006	-13.496830729011	0	1
-25.4643697917018	-13.7330989579787	0	1
-25.6493984375011	-13.9693671870045	0	1
-25.8344270833004	-14.2056354170199	0	1
-26.0194557292016	-14.4419036459876	0	1
-26.2044843750009	-14.6781718750135	0	1
-26.3895130208002	-14.9144401039812	0	1
-26.5745416667014	-15.1507083330071	0	1
-26.7595703125007	-15.3869765619747	0	1
-26.9445989583	-15.6232447919901	0	1
-27.1296276042012	-15.859513021016	0	1
-27.3146562500006	-16.0957812499837	0	1
-27.4996848957999	-16.3320494790096	0	1
-27.6847135417011	-16.5683177079773	0	1
-27.8697421875004	-16.8045859370031	0	1
-28.0547708332997	-17.0408541670186	0	1
-28.2397994792009	-17.2771223959862	0	1
-28.4248281250002	-17.5133906250121	0	1
-28.6098567707995	-17.7496588539798	0	1
-28.8089850260003	-17.9755643350072	0	1
-29.0081132812011	-18.2014698149869	0	1
-29.2072415365001	-18.4273752960144	0	1
-29.4063697917009	-18.6532807769836	0	1
-29.6054980469016	-18.8791862570215	0	1
-29.8046263020988	-19.1050917379907	0	1
-30.0037545572995	-19.3309972180286	0	1
-30.2028828125003	-19.5569026989979	0	1
-30.4020110677011	-19.7828081789776	0	1
-30.6011393228982	-20.008713660005	0	1
-30.800267578099	-20.2346191409742	0	1
-30.9993958332998	-20.4605246210122	0	1
-31.1985240885006	-20.6864301019814	0	1
-31.3976523437013	-20.9123355820193	0	1
-31.5967805990003	-21.1382410629885	0	1
-31.7959088542011	-21.364146544016	0	1
-31.9950371093983	-21.5900520239957	0	1
-32.194165364599	-21.8159575050231	0	1
-32.3932936197998	-22.0418629850028	0	1
-32.5924218750006	-22.267768465972	0	1
-32.7915501302014	-22.4936739460099	0	1
-32.9906783853985	-22.7195794269792	0	1
-33.1898066405993	-22.9454849080066	0	1
-33.3889348958	-23.1713903879863	0	1
-33.5880631510008	-23.3972958690138	0	1
-33.7871914062016	-23.6232013489935	0	1
-33.9863196615006	-23.8491068300209	0	1
-34.1854479167014	-24.0750123109901	0	1
-34.3845761718985	-24.300917791028	0	1
-34.5837044270993	-24.5268232719973	0	1
-34.7828326823001	-24.752728751977	0	1
-34.9819609375008	-24.9786342330044	0	1
-35.1810891927016	-25.2045397139736	0	1
-35.3802174478988	-25.4304451940116	0	1
-35.5793457030995	-25.6563506749808	0	1
-35.7784739583003	-25.8822561550187	0	1
-35.9776022135011	-26.1081616359879	0	1
-36.1767304686982	-26.3340671160258	0	1
-36.3758587240009	-26.5599725969951	0	1
-36.5749869792016	-26.7858780780225	0	1
-36.7741152343988	-27.0117835580022	0	1
-36.9732434895996	-27.2376890389714	0	1
-37.1723717448003	-27.4635945190093	0	1
-37.3715000000011	-27.6894999999786	0	1
-37.4989999999998	-27.8404999999912	0	1
-37.6084999999985	-27.9980000000214	0	1
-37.7364999999991	-28.1435000000056	0	1
-37.8549999999996	-28.2910000000265	0	1
-38.0372547457991	-28.5128060330171	0	1
-38.2281987759998	-28.7392662459752	0	1
-38.4246757350011	-28.9704832059797	0	1
-38.6235292671008	-29.2065594790038	1	1
-38.8216030164003	-29.44759763201	1	1
-39.015740627201	-29.6937002320192	1	1
-39.2027857438989	-29.9449698450044	1	1
-39.3795820105006	-30.2015090369969	1	1
-39.5429730715005	-30.463420376007	1	1
-39.6898025711016	-30.7308064270183	1	1
-39.8169141535	-31.0037697579828	1	1
-39.9211514630006	-31.2824129349901	1	1
-39.9993581439012	-31.5668385240133	1	1
-40.0485230902996	-31.8571019549854	1	1
-40.0682567926997	-32.1524078769726	1	1
-40.0604448746999	-32.4512225969811	1	1
-40.0270484807006	-32.7519879129832	1	1
-39.9700287548985	-33.0531456230092	1	1
-39.8913468417013	-33.3531375249731	1	1
-39.7929638854002	-33.6504054180114	1	1
-39.6768410301993	-33.9433910999796	1	1
-39.5449394206007	-34.230536367977	1	1
-39.3992202008012	-34.5102830210235	1	1
-39.2416445150993	-34.7810728580225	1	1
-39.0741735078991	-35.041347676015	0	1
-38.8987683234009	-35.2895492729731	0	1
-38.7173901060014	-35.5241194490227	0	1
-38.5319999999992	-35.7434999999823	0	1
-38.4029999999984	-35.8890000000247	0	1
-38.2829999999994	-36.0389999999898	0	1
-38.0461923076982	-36.2303653850104	0	1
-37.8093846154006	-36.4217307689833	0	1
-37.5725769230994	-36.6130961540039	0	1
-37.3357692308018	-36.8044615379767	0	1
-37.0989615385006	-36.9958269229974	0	1
-36.8621538461994	-37.187192308018	0	1
-36.6253461537999	-37.3785576919909	0	1
-36.3885384614987	-37.5699230770115	0	1
-36.1517307692011	-37.7612884619739	0	1
-35.9149230768999	-37.952653846005	0	1
-35.6781153845986	-38.1440192310256	0	1
-35.4413076923011	-38.3353846149985	0	1
-35.2044999999998	-38.5267500000191	0	1
-34.9676923076986	-38.7181153849815	0	1
-34.730884615401	-38.9094807690126	0	1
-34.4940769230998	-39.100846153975	0	1
-34.2572692307986	-39.2922115380061	0	1
-34.020461538501	-39.4835769230267	0	1
-33.7836538461997	-39.6749423079891	0	1
-33.5468461538003	-39.8663076920202	0	1
-33.3100384614991	-40.0576730769826	0	1
-33.0732307692015	-40.2490384620032	0	1
-32.8364230769002	-40.4404038459761	0	1
-32.599615384599	-40.6317692309967	1	1
-32.3702730482	-40.8186101830215	1	1
-32.1379506865997	-41.0127131849877	1	1
-31.9022003999016	-41.2102236620267	1	1
-31.6625742881988	-41.4072870429954	1	1
-31.4186244515986	-41.600048754015	1	1
-31.1699029900992	-41.7846542220213	1	1
-30.915962003699	-41.9572488740087	1	1
-30.6563535925015	-42.1139781369711	1	1
-30.3906298565998	-42.2509874369716	1	1
-30.1183428959994	-42.3644222019939	1	1
-29.8390448626997	-42.4504280060064	1	1
-29.5526611864989	-42.5062101799995	1	1
-29.2603852368993	-42.5325738060055	1	1
-28.9636793505997	-42.5310875810101	1	1
-28.6640058646008	-42.5033201989718	1	1
-28.3628271156012	-42.450840356003	1	1
-28.0616054405	-42.3752167500206	1	1
-27.7618031761012	-42.2780180739937	1	1
-27.4648826591983	-42.1608130260138	1	1
-27.172306226701	-42.0251702999813	1	1
-26.885536215399	-41.8726585929981	1	1
-26.6060349621985	-41.7048466000124	1	1
-26.3352648038017	-41.5233030180098	1	1
-26.0746880771003	-41.329596541007	1	1
-25.8257671188985	-41.1252958659898	1	1
-25.5899642660988	-40.911969689012	0	1
-25.3687418554982	-40.6911867050221	0	1
-25.163562223901	-40.464515610016	0	1
-24.9758877081986	-40.2335250999895	0	1
-24.807180645199	-39.9997838709969	0	1
-24.6228612902996	-39.764067741984	0	1
-24.4385419354985	-39.5283516129712	0	1
-24.2542225805992	-39.2926354840165	0	1
-24.0699032258017	-39.0569193550036	0	1
-23.8979606001012	-38.8114904480171	0	1
-23.7260179742989	-38.5660615409724	0	1
-23.5540753485984	-38.320632633986	0	1
-23.3821327227997	-38.0752037269995	0	1
-23.2101900970993	-37.829774820013	0	1
-23.0382474713006	-37.5843459130265	0	1
-22.8663048456001	-37.3389170059818	0	1
-22.6943622198996	-37.0934880980058	0	1
-22.5224195941009	-36.8480591910193	0	1
-22.3504769684005	-36.6026302839746	0	1
-22.1785343426018	-36.3572013769881	0	1
-22.0065917169013	-36.1117724700016	0	1
-21.834649091099	-35.8663435630151	0	1
-21.6627064653985	-35.6209146560286	0	1
-21.4907638395998	-35.3754857489839	0	1
-21.3188212138994	-35.1300568419974	0	1
-21.1468785881989	-34.8846279350109	0	1
-20.9749359624002	-34.6391990280244	0	1
-20.8029933366997	-34.3937701209798	0	1
-20.631050710901	-34.1483412139933	0	1
-20.4417806644997	-33.9165101959952	0	1
-20.2525106180001	-33.6846791779972	0	1
-20.0632405715005	-33.4528481599991	0	1
-19.8739705250009	-33.2210171429906	0	1
-19.6847004785013	-32.9891861249926	0	1
-19.4954304321	-32.7573551069945	0	1
-19.3061603856004	-32.5255240889965	0	1
-19.1168903391008	-32.2936930709984	0	1
-18.9276202926012	-32.0618620530004	0	1
-18.7383502461998	-31.8300310359919	0	1
-18.5490801997003	-31.5982000179938	0	1
-18.3598101532007	-31.3663689999958	0	1
-18.1705401067011	-31.1345379819977	0	1
-17.9812700602997	-30.9027069639997	0	1
-17.7920000138001	-30.6708759469911	0	1
-17.6027299673005	-30.4390449289931	0	1
-17.413459920801	-30.2072139109951	0	1
-17.2241898743014	-29.975382892997	0	1
-17.0349198279	-29.743551874999	0	1
-16.8456497814004	-29.5117208570009	0	1
-16.6563797349008	-29.2798898399924	0	1
-16.4671096884013	-29.0480588219943	0	1
-16.2778396419999	-28.8162278039963	0	1
-16.0885695955003	-28.5843967859983	0	1
-15.8992995490007	-28.3525657680002	0	1
-15.7100295025011	-28.1207347500022	0	1
-15.5207594560998	-27.8889037329936	0	1
-15.3314894096002	-27.6570727149956	0	1
-15.1422193631006	-27.4252416969975	0	1
-14.952949316601	-27.1934106789995	0	1
-14.7636792701996	-26.9615796610015	0	1
-14.5744092237001	-26.7297486430034	0	1
-14.3851391772005	-26.4979176259949	0	1
-14.1958691307009	-26.2660866079968	0	1
-14.0065990842013	-26.0342555899988	0	1
-13.8173290377999	-25.8024245720007	0	1
-13.6280589913003	-25.5705935540027	0	1
-13.4387889448008	-25.3387625369942	0	1
-13.2495188983012	-25.1069315189961	0	1
-13.0602488518998	-24.8751005009981	0	1
-12.8709788054002	-24.643269483	0	1
-12.6817087589006	-24.411438465002	0	1
-12.5029082084984	-24.1702334979782	0	1
-12.3241076580016	-23.9290285300231	0	1
-12.1453071075994	-23.6878235620097	0	1
-11.9665065570989	-23.4466185949859	0	1
-11.7877060067003	-23.2054136269726	0	1
-11.6089054561999	-22.964208660007	0	1
-11.4301049058013	-22.7230036919937	0	1
-11.2513043553008	-22.4817987250281	0	1
-11.0725038048986	-22.2405937570147	0	1
-10.8937032544018	-21.9993887899909	0	1
-10.7149027039995	-21.7581838219776	0	1
-10.5361021534991	-21.5169788540225	0	1
-10.3573016031005	-21.2757738869986	0	1
-10.1785010526983	-21.0345689189853	0	1
-9.99970050220145	-20.7933639520197	0	1
-9.82089995179922	-20.5521589840064	0	1
-9.64209940129876	-20.3109540169826	0	1
-9.46329885090017	-20.0697490490275	0	1
-9.28449830039972	-19.8285440810141	0	1
-9.10569775000113	-19.5873391139903	0	1
-8.92689719950067	-19.346134145977	0	1
-8.74809664909844	-19.1049291790114	0	1
-8.56929609860163	-18.863724210998	0	1
-8.3904955481994	-18.6225192439742	0	1
-8.21169499769894	-18.3813142760191	0	1
-8.03289444730035	-18.1401093089953	0	1
-7.8540938967999	-17.898904340982	0	1
-7.6752933464013	-17.6576993730268	0	1
-7.49649279590085	-17.416494406003	0	1
-7.31769224549862	-17.1752894379897	0	1
-7.13889169510003	-16.9340844710241	0	1
-6.96009114459957	-16.6928795030108	0	1
-6.78129059420098	-16.451674535987	0	1
-6.60249004370053	-16.2104695679736	0	1
-6.4236894932983	-15.9692646000185	0	1
-6.2349783708014	-15.7377596080187	0	1
-6.046267248199	-15.5062546149711	0	1
-5.85755612569847	-15.2747496229713	0	1
-5.66884500320157	-15.0432446309715	0	1
-5.48013388070103	-14.8117396379821	0	1
-5.2914227582005	-14.5802346459823	0	1
-5.10271163569996	-14.3487296529929	0	1
-4.9140005131012	-14.1172246609931	0	1
-4.72528939060066	-13.8857196680037	0	1
-4.53657826810013	-13.6542146760039	0	1
-4.34786714559959	-13.4227096830145	0	1
-4.15915602309906	-13.1912046910147	0	1
-3.97044490059852	-12.9596996980254	0	1
-3.78173377810162	-12.7281947060255	0	1
-3.59302265560109	-12.4966897140257	0	1
-3.40431153299869	-12.2651847209781	0	1
-3.21560041050179	-12.0336797289783	0	1
-3.02688928800126	-11.802174735989	0	1
-2.83817816550072	-11.5706697439891	0	1
-2.64946704300019	-11.3391647509998	0	1
-2.46075592049965	-11.1076597589999	0	1
-2.27204479790089	-10.8761547660106	0	1
-2.08333367540035	-10.6446497740108	0	1
-1.89462255289982	-10.4131447810214	0	1
-1.70591143039928	-10.1816397890216	0	1
-1.51720030789875	-9.95013479597401	0	1
-1.32848918539821	-9.71862980397418	0	1
-1.13977806290131	-9.48712481197435	0	1
-0.951066940298915	-9.255619818985	0	1
-0.76235581779838	-9.02411482698517	0	1
-0.573644695301482	-8.79260983399581	0	1
-0.384933572800946	-8.56110484199598	0	1
-0.196222450300411	-8.32959984900663	0	1
-0.00751132779987529	-8.0980948570068	0	1
0.18119979470066	-7.86658986401744	0	1
0.369910917299421	-7.63508487201761	0	1
0.558622039799957	-7.40357987902826	0	1
0.747333162300492	-7.17207488702843	0	1
0.936044284801028	-6.94056989398086	0	1
1.12475540730156	-6.70906490198104	0	1
1.31346652979846	-6.47755990998121	0	1
1.502177652299	-6.24605491699185	0	1
1.6908887749014	-6.01454992499202	0	1
1.87959989739829	-5.78304493200267	0	1
2.06831101989883	-5.55153994000284	0	1
2.25702214239936	-5.32003494701348	0	1
2.4457332648999	-5.08852995501366	0	1
2.63444438740044	-4.8570249620243	0	1
2.82315550990097	-4.62551997002447	0	1
3.01186663249973	-4.39401497697691	0	1
3.20057775500027	-4.16250998497708	0	1
3.3892888775008	-3.93100499198772	0	1
3.57800000000134	-3.69949999998789	0	1