125.074	70.859	0	1
125.02800462963	71.1559398148148	0	1
124.982009259259	71.4528796296296	0	1
124.936013888889	71.7498194444444	0	1
124.890018518519	72.0467592592593	0	1
124.844023148148	72.3436990740741	0	1
124.798027777778	72.6406388888889	0	1
124.752032407407	72.9375787037037	0	1
124.706037037037	73.2345185185185	0	1
124.660041666667	73.5314583333333	0	1
124.614046296296	73.8283981481481	0	1
124.568050925926	74.125337962963	0	1
124.522055555556	74.4222777777778	0	1
124.476060185185	74.7192175925926	0	1
124.430064814815	75.0161574074074	0	1
124.384069444444	75.3130972222222	0	1
124.338074074074	75.610037037037	0	1
124.292078703704	75.9069768518519	0	1
124.246083333333	76.2039166666667	0	1
124.200087962963	76.5008564814815	0	1
124.154092592593	76.7977962962963	0	1
124.108097222222	77.0947361111111	0	1
124.062101851852	77.3916759259259	0	1
124.016106481481	77.6886157407407	0	1
123.970111111111	77.9855555555555	0	1
123.924115740741	78.2824953703704	0	1
123.87812037037	78.5794351851852	0	1
123.832125	78.876375	0	1
123.78612962963	79.1733148148148	0	1
123.740134259259	79.4702546296296	0	1
123.694138888889	79.7671944444444	0	1
123.648143518519	80.0641342592592	0	1
123.602148148148	80.3610740740741	0	1
123.556152777778	80.6580138888889	0	1
123.510157407407	80.9549537037037	0	1
123.464162037037	81.2518935185185	0	1
123.418166666667	81.5488333333333	0	1
123.372171296296	81.8457731481481	0	1
123.326175925926	82.1427129629629	0	1
123.280180555556	82.4396527777778	0	1
123.234185185185	82.7365925925926	0	1
123.188189814815	83.0335324074074	0	1
123.142194444444	83.3304722222222	0	1
123.096199074074	83.627412037037	0	1
123.050203703704	83.9243518518518	0	1
123.004208333333	84.2212916666667	0	1
122.958212962963	84.5182314814815	0	1
122.912217592593	84.8151712962963	0	1
122.866222222222	85.1121111111111	0	1
122.820226851852	85.4090509259259	0	1
122.774231481481	85.7059907407407	0	1
122.728236111111	86.0029305555556	0	1
122.682240740741	86.2998703703704	0	1
122.63624537037	86.5968101851852	0	1
122.59025	86.89375	0	1
122.54425462963	87.1906898148148	0	1
122.498259259259	87.4876296296296	0	1
122.452263888889	87.7845694444444	0	1
122.406268518519	88.0815092592592	0	1
122.360273148148	88.3784490740741	0	1
122.314277777778	88.6753888888889	0	1
122.268282407407	88.9723287037037	0	1
122.222287037037	89.2692685185185	0	1
122.176291666667	89.5662083333333	0	1
122.130296296296	89.8631481481481	0	1
122.084300925926	90.160087962963	0	1
122.038305555556	90.4570277777778	0	1
121.992310185185	90.7539675925926	0	1
121.946314814815	91.0509074074074	0	1
121.900319444444	91.3478472222222	0	1
121.854324074074	91.644787037037	0	1
121.808328703704	91.9417268518519	0	1
121.762333333333	92.2386666666667	0	1
121.716337962963	92.5356064814815	0	1
121.670342592593	92.8325462962963	0	1
121.624347222222	93.1294861111111	0	1
121.578351851852	93.4264259259259	0	1
121.532356481481	93.7233657407407	0	1
121.486361111111	94.0203055555555	0	1
121.440365740741	94.3172453703704	0	1
121.39437037037	94.6141851851852	0	1
121.348375	94.911125	0	1
121.30237962963	95.2080648148148	0	1
121.256384259259	95.5050046296296	0	1
121.210388888889	95.8019444444444	0	1
121.164393518519	96.0988842592593	0	1
121.118398148148	96.3958240740741	0	1
121.072402777778	96.6927638888889	0	1
121.026407407407	96.9897037037037	0	1
120.980412037037	97.2866435185185	0	1
120.934416666667	97.5835833333333	0	1
120.888421296296	97.8805231481481	0	1
120.842425925926	98.1774629629629	0	1
120.796430555556	98.4744027777778	0	1
120.750435185185	98.7713425925926	0	1
120.704439814815	99.0682824074074	0	1
120.658444444444	99.3652222222222	0	1
120.612449074074	99.662162037037	0	1
120.566453703704	99.9591018518518	0	1
120.520458333333	100.256041666667	0	1
120.474462962963	100.552981481481	0	1
120.428467592593	100.849921296296	0	1
120.382472222222	101.146861111111	0	1
120.336476851852	101.443800925926	0	1
120.290481481481	101.740740740741	0	1
120.244486111111	102.037680555556	0	1
120.198490740741	102.33462037037	0	1
120.15249537037	102.631560185185	0	1
120.1065	102.9285	0	1
120.06050462963	103.225439814815	0	1
120.014509259259	103.52237962963	0	1
119.968513888889	103.819319444444	0	1
119.922518518519	104.116259259259	0	1
119.876523148148	104.413199074074	0	1
119.830527777778	104.710138888889	0	1
119.784532407407	105.007078703704	0	1
119.738537037037	105.304018518519	0	1
119.692541666667	105.600958333333	0	1
119.646546296296	105.897898148148	0	1
119.600550925926	106.194837962963	0	1
119.554555555556	106.491777777778	0	1
119.508560185185	106.788717592593	0	1
119.462564814815	107.085657407407	0	1
119.416569444444	107.382597222222	0	1
119.370574074074	107.679537037037	0	1
119.324578703704	107.976476851852	0	1
119.278583333333	108.273416666667	0	1
119.232587962963	108.570356481481	0	1
119.186592592593	108.867296296296	0	1
119.140597222222	109.164236111111	0	1
119.094601851852	109.461175925926	0	1
119.048606481481	109.758115740741	0	1
119.002611111111	110.055055555556	0	1
118.956615740741	110.35199537037	0	1
118.91062037037	110.648935185185	0	1
118.864625	110.945875	0	1
118.81862962963	111.242814814815	0	1
118.772634259259	111.53975462963	0	1
118.726638888889	111.836694444444	0	1
118.680643518519	112.133634259259	0	1
118.634648148148	112.430574074074	0	1
118.588652777778	112.727513888889	0	1
118.542657407407	113.024453703704	0	1
118.496662037037	113.321393518519	0	1
118.450666666667	113.618333333333	0	1
118.404671296296	113.915273148148	0	1
118.358675925926	114.212212962963	0	1
118.312680555556	114.509152777778	0	1
118.266685185185	114.806092592593	0	1
118.220689814815	115.103032407407	0	1
118.174694444444	115.399972222222	0	1
118.128699074074	115.696912037037	0	1
118.082703703704	115.993851851852	0	1
118.036708333333	116.290791666667	0	1
117.990712962963	116.587731481481	0	1
117.944717592593	116.884671296296	0	1
117.898722222222	117.181611111111	0	1
117.852726851852	117.478550925926	0	1
117.806731481481	117.775490740741	0	1
117.760736111111	118.072430555556	0	1
117.714740740741	118.36937037037	0	1
117.66874537037	118.666310185185	0	1
117.62275	118.96325	0	1
117.57675462963	119.260189814815	0	1
117.530759259259	119.55712962963	0	1
117.484763888889	119.854069444444	0	1
117.438768518519	120.151009259259	0	1
117.392773148148	120.447949074074	0	1
117.346777777778	120.744888888889	0	1
117.300782407407	121.041828703704	0	1
117.254787037037	121.338768518519	0	1
117.208791666667	121.635708333333	0	1
117.162796296296	121.932648148148	0	1
117.116800925926	122.229587962963	0	1
117.070805555556	122.526527777778	0	1
117.024810185185	122.823467592593	0	1
116.978814814815	123.120407407407	0	1
116.932819444444	123.417347222222	0	1
116.886824074074	123.714287037037	0	1
116.840828703704	124.011226851852	0	1
116.794833333333	124.308166666667	0	1
116.748837962963	124.605106481481	0	1
116.702842592593	124.902046296296	0	1
116.656847222222	125.198986111111	0	1
116.610851851852	125.495925925926	0	1
116.564856481481	125.792865740741	0	1
116.518861111111	126.089805555556	0	1
116.472865740741	126.38674537037	0	1
116.42687037037	126.683685185185	0	1
116.380875	126.980625	0	1
116.33487962963	127.277564814815	0	1
116.288884259259	127.57450462963	0	1
116.242888888889	127.871444444444	0	1
116.196893518519	128.168384259259	0	1
116.150898148148	128.465324074074	0	1
116.104902777778	128.762263888889	0	1
116.058907407407	129.059203703704	0	1
116.012912037037	129.356143518519	0	1
115.966916666667	129.653083333333	0	1
115.920921296296	129.950023148148	0	1
115.874925925926	130.246962962963	0	1
115.828930555556	130.543902777778	0	1
115.782935185185	130.840842592593	2	1
115.736939814815	131.137782407407	2	1
115.690944444444	131.434722222222	2	1
115.644949074074	131.731662037037	2	1
115.598953703704	132.028601851852	2	1
115.552958333333	132.325541666667	2	1
115.506962962963	132.622481481481	2	1
115.460967592593	132.919421296296	2	1
115.414972222222	133.216361111111	2	1
115.368976851852	133.513300925926	2	1
115.322981481481	133.810240740741	2	1
115.276986111111	134.107180555556	2	1
115.230990740741	134.40412037037	2	1
115.18499537037	134.701060185185	2	1
115.139	134.998	2	1
115.066	135.280291121173	2	1
114.999205579095	135.576179716028	2	1
114.936797439231	135.870227729148	2	1
114.865044161149	136.162136065831	2	1
114.784018729615	136.451607807778	2	1
114.693803560684	136.7383485151	2	1
114.59449041787	137.022066525816	2	1
114.486180318806	137.302473252522	2	1
114.368983432497	137.579283475925	2	1
114.243018967256	137.852215634963	2	1
114.108415049451	138.120992113197	2	1
113.965308593179	138.385339521193	2	1
113.813845161005	138.644988974601	2	1
113.654178815897	138.899676367655	2	1
113.486471964522	139.149142641813	2	1
113.31089519205	139.393134049263	2	1
113.127627088643	139.63140241102	2	1
112.936854067798	139.863705369371	2	1
112.738770176735	140.089806634388	2	1
112.5821	140.2589	2	1
112.4322	140.388592233684	2	1
112.166607128464	140.589784278014	2	1
111.931179871487	140.77910784635	0	1
111.686318628345	140.956060886624	0	1
111.432672727035	141.120174151184	0	1
111.170914790892	141.271012441154	0	1
110.901738954904	141.408175760505	0	1
110.625859024999	141.531300376773	0	1
110.344006585157	141.64005978561	0	1
110.056929057379	141.734165576614	0	1
109.765387719662	141.813368198145	0	1
109.470155687222	141.877457619089	0	1
109.172015862337	141.926263885824	0	1
108.871758858224	141.959657572903	0	1
108.570180902483	141.977550126272	0	1
108.268081725636	141.979894098096	0	1
107.966262440393	141.966683272583	0	1
107.66552341724	141.937952682467	0	1
107.366662162003	141.893778516108	0	1
106.956	141.833	0	1
106.6548125	141.787770833333	0	1
106.353625	141.742541666667	0	1
106.0524375	141.6973125	0	1
105.75125	141.652083333333	0	1
105.4500625	141.606854166667	0	1
105.148875	141.561625	0	1
104.8476875	141.516395833333	0	1
104.5465	141.471166666667	0	1
104.2453125	141.4259375	0	1
103.944125	141.380708333333	0	1
103.6429375	141.335479166667	0	1
103.34175	141.29025	0	1
103.0405625	141.245020833333	0	1
102.739375	141.199791666667	0	1
102.4381875	141.1545625	0	1
102.137	141.109333333333	0	1
101.8358125	141.064104166667	0	1
101.534625	141.018875	0	1
101.2334375	140.973645833333	0	1
100.93225	140.928416666667	0	1
100.6310625	140.8831875	0	1
100.329875	140.837958333333	0	1
100.0286875	140.792729166667	0	1
99.7275	140.7475	0	1
99.4263125	140.702270833333	0	1
99.125125	140.657041666667	0	1
98.8239375	140.6118125	0	1
98.52275	140.566583333333	0	1
98.2215625	140.521354166667	0	1
97.920375	140.476125	0	1
97.6191875	140.430895833333	0	1
97.318	140.385666666667	0	1
97.0168125	140.3404375	0	1
96.715625	140.295208333333	0	1
96.4144375	140.249979166667	0	1
96.11325	140.20475	0	1
95.8120625	140.159520833333	0	1
95.510875	140.114291666667	0	1
95.2096875	140.0690625	0	1
94.9085	140.023833333333	0	1
94.6073125	139.978604166667	0	1
94.306125	139.933375	0	1
94.0049375	139.888145833333	0	1
93.70375	139.842916666667	0	1
93.4025625	139.7976875	0	1
93.101375	139.752458333333	0	1
92.8001875	139.707229166667	0	1
92.5015	139.6893	0	1
92.2027137789926	139.671401838831	0	1
91.9044636432076	139.635520290187	0	1
91.6059211218661	139.60215875575	0	1
91.3071075070184	139.571319614866	0	1
91.0080441100489	139.543005066981	0	1
90.7087522601567	139.517217131488	0	1
90.409253302834	139.493957647584	0	1
90.109568598344	139.473228274134	0	1
89.8097195201975	139.455030489556	3	1
89.5097274536281	139.439365591718	3	1
89.2096137940676	139.426234697838	3	1
88.9093999456197	139.415638744413	3	1
88.6091073195336	139.407578487146	3	1
88.308757332677	139.402054500894	3	1
88.0083714060085	139.399067179628	3	1
87.7079709630498	139.398616736404	3	1
87.4075774283581	139.400703203346	3	1
87.1072122259978	139.405326431649	3	1
86.8068967780127	139.412486091584	3	1
86.5066525028981	139.422181672524	1	1
86.2065008140732	139.43441248298	1	1
85.9064631183539	139.449177650651	1	1
85.6065608144263	139.466476122485	1	1
85.3068152913202	139.486306664755	1	1
85.0072479268839	139.508667863148	1	1
84.7078800862594	139.533558122862	1	1
84.4087331203584	139.560975668725	1	1
84.1098283643403	139.590918545317	1	1
83.8111871360898	139.623384617113	1	1
83.5128307346967	139.658371568633	1	1
83.2147804389373	139.695876904608	1	1
82.9170575057561	139.735897950157	1	1
82.6196831687502	139.77843185098	1	1
82.3226786366551	139.823475573559	1	1
82.0260650918313	139.871025905377	1	1
81.7298636887546	139.921079455144	1	1
81.4340955525066	139.973632653041	1	1
81.1387817772682	140.028681750975	1	1
80.8439434248156	140.086222822845	1	1
80.581022007925	140.201503067824	1	1
80.2942994511876	140.292261102049	1	1
80.009647284148	140.389317730458	1	1
79.7272038529063	140.492625781775	1	1
79.4471064300768	140.602135046418	1	1
79.1694911480716	140.717792300906	1	1
78.8944929329373	140.839541333721	1	1
78.6222454387786	140.967322972632	1	1
78.3528809828002	141.101075113452	1	1
78.0865304809981	141.240732750223	1	1
77.8233233845321	141.386228006806	1	1
77.5633876168102	141.537490169879	1	1
77.3068495113152	141.694445723293	1	1
77.053833750205	141.857018383812	1	1
76.8044633037142	142.025129138184	1	1
76.5588593703888	142.198696281542	1	1
76.317141318181	142.377635457117	1	1
76.0794266264348	142.561859697233	1	1
75.8458308287884	142.75127946558	1	1
75.6164674570232	142.945802700724	1	1
75.2633337807401	143.205128873475	1	1
75.0546016952927	143.420692792659	1	1
74.8451163341313	143.635524750729	1	1
74.6348802640088	143.849622115422	1	1
74.4238960608763	144.062982263476	1	1
74.2121663098515	144.275602580661	1	1
73.9996936051871	144.487480461814	1	1
73.786480550239	144.698613310866	1	1
73.5725297574343	144.908998540878	1	1
73.3578438482393	145.118633574072	1	1
73.1424254531275	145.327515841861	1	1
72.9262772115472	145.535642784881	1	1
72.7094017718895	145.743011853023	1	1
72.4918017914553	145.949620505466	1	1
72.2734799364234	146.155466210703	1	1
72.0544388818171	146.360546446577	1	1
71.8346813114721	146.564858700309	1	1
71.6142099180032	146.768400468531	1	1
71.3930274027715	146.971169257315	1	1
71.1711364758511	147.173162582203	1	1
70.9485398559961	147.374377968241	1	1
70.7252402706074	147.574812950004	1	1
70.5012404556987	147.77446507163	1	1
70.2765431558638	147.973331886851	1	1
70.0511511242423	148.171410959018	1	1
69.7098243459991	148.409366533174	1	1
69.4767873548644	148.599343265852	1	1
69.240186343879	148.784862428735	1	1
69.0001065655784	148.965857175198	1	1
68.7566345259743	149.142262288863	1	1
68.5098579533845	149.314014207096	1	1
68.2598657668228	149.481051043914	1	1
68.0067480439588	149.643312612279	1	1
67.7505959886619	149.800740445787	1	1
67.4915018981378	149.953277819737	1	1
67.2295591296721	150.100869771566	1	1
66.9648620669914	150.243463120654	1	1
66.6975060862553	150.38100648749	1	1
66.4275875216895	150.513450312181	1	1
66.1552036308753	150.640746872311	1	1
65.8804525597048	150.762850300137	1	1
65.6034333070171	150.879716599113	1	1
65.3242456889273	150.991303659749	1	1
65.0429903028596	151.097571274778	1	1
64.7597684913007	151.198481153647	1	1
64.4746823052835	151.293996936312	1	1
64.1878344676157	151.384084206342	1	1
63.8993283358672	151.468710503316	1	1
63.6092678651271	151.547845334522	1	1
63.3177575705474	151.621460185945	1	1
63.0249024896831	151.689528532539	1	1
62.7308081446455	151.752025847785	1	1
62.4355805040797	151.808929612529	1	1
62.1393259449822	151.860219323095	1	1
61.8421512143708	151.905876498676	1	1
61.5441633908212	151.945884687991	1	1
61.2454698458843	151.980229475209	1	1
60.946178205398	152.008898485151	1	1
60.6463963107072	152.031881387744	1	1
60.3462321798059	152.049169901744	1	1
60.0457939684164	152.060757797719	1	1
59.7451899310182	152.066640900296	1	1
59.4445283818415	152.066817089665	1	1
59.1600123665784	152.055728577079	1	1
58.8597425088639	152.051751932804	1	1
58.5596016771961	152.042093655662	1	1
58.2596973684127	152.026757204809	1	1
57.9601369946397	152.005748073068	1	1
57.6610278448209	151.979073784956	1	1
57.3624770462924	151.946743893994	1	1
57.0645915264142	151.908769979284	1	1
56.7674779742733	151.865165641359	1	1
56.4712428024733	151.815946497317	1	1
56.1759921090216	151.761130175224	1	1
55.88183163933	151.7007363078	1	1
55.5888667483416	151.634786525391	1	1
55.2972023627977	151.563304448219	1	1
55.006942943657	151.486315677923	1	1
54.7181924486835	151.403847788389	1	1
54.4310542952125	151.315930315878	1	1
54.145631323112	151.22259474844	1	1
53.8620257579497	151.123874514645	1	1
53.5803391743804	151.019804971605	1	1
53.3006724597669	150.910423392311	1	1
52.9061849142466	150.738726437214	1	1
52.6320120267201	150.616203076186	1	1
52.3597163236502	150.489562654748	1	1
52.0893596237839	150.358833923822	1	1
51.8210033056602	150.224046562488	1	1
51.5547082936755	150.085231171251	1	1
51.290535044252	149.94241926509	1	1
51.0285435321122	149.795643266306	1	1
50.7687932366635	149.64493649716	1	1
50.511343128494	149.490333172306	1	1
50.2562516559853	149.331868391028	1	1
50.0035767320425	149.169578129266	1	1
49.7533757209463	149.003499231453	1	1
49.5057054253302	148.833669402148	1	1
49.2606220732845	148.660127197476	1	1
49.0181813055907	148.482912016376	1	1
48.7784381630898	148.302064091655	1	1
48.5414470741862	148.117624480854	1	1
48.3072618424913	147.929635056927	1	1
48.0759356346083	147.738138498737	1	1
47.8475209680618	147.543178281362	1	1
47.6220696993753	147.34479866623	1	1
47.3996330122979	147.143044691067	1	1
47.1802614061842	146.937962159672	1	1
46.9640046845297	146.729597631521	1	1
46.750911943664	146.517998411195	1	1
46.5410315616043	146.30321253764	1	1
46.3344111870726	146.085288773262	1	1
46.1310977286779	145.864276592856	1	1
45.9311373442666	145.640226172374	1	1
45.7345754304435	145.413188377532	1	1
45.5414566122654	145.183214752267	1	1
45.3518247331102	144.950357507028	1	1
45.1657228447226	144.714669506928	1	1
44.9831931974411	144.476204259742	1	1
44.804277230605	144.235015903756	1	1
44.6290155631473	143.991159195478	1	1
44.4574479843727	143.744689497207	1	1
44.2896134449242	143.495662764464	1	1
44.1255500479405	143.24413553329	1	1
43.9652950404054	142.990164907405	1	1
43.8088848046916	142.733808545252	1	1
43.6563548503011	142.475124646902	1	1
43.5077398058033	142.21417194084	1	1
43.3868983123637	141.986753315905	1	1
43.2453583806041	141.722002365823	1	1
43.1013044775963	141.458610849482	1	1
42.9547496588435	141.196602637869	1	1
42.805707206505	140.936001476603	1	1
42.6541906281927	140.676830983783	1	1
42.5002136557468	140.419114647846	1	1
42.3437902439913	140.162875825443	1	1
42.184934569469	139.908137739314	1	1
42.0236610291575	139.654923476194	1	1
41.8599842391632	139.403255984711	1	1
41.6939190333978	139.153158073312	1	1
41.5254804622332	138.904652408193	1	1
41.3546837911378	138.657761511247	1	1
41.181544499293	138.41250775802	1	1
41.0060782781901	138.168913375688	1	1
40.8283010302084	137.927000441035	1	1
40.6482288671741	137.686790878461	1	1
40.4658781088996	137.448306457986	1	1
40.281265281705	137.211568793287	1	1
40.0944071169202	136.976599339729	1	1
39.9053205493681	136.743419392427	1	1
39.7140227158306	136.512050084316	1	1
39.5205309534947	136.282512384231	1	1
39.3248627983818	136.054827095011	1	1
39.0282053960048	135.758364470611	1	1
38.8292544214445	135.533205099679	1	1
38.6262360348216	135.31170618932	1	1
38.4192175717641	135.093941204645	1	1
38.2082676946154	134.879982372324	1	1
37.9934563696613	134.669900656631	1	1
37.7748548439239	134.463765735905	1	1
37.5525356215307	134.261645979445	1	1
37.3265724396674	134.063608424826	1	1
37.0970402441208	133.869718755672	1	1
36.8640151644218	133.680041279865	1	1
36.6275744885952	133.494638908219	1	1
36.387796637525	133.313573133614	1	1
36.144761138945	133.136904010599	1	1
35.898548601061	132.964690135473	1	1
35.6492406858158	132.796988626853	1	1
35.3969200818037	132.633855106729	1	1
35.1416704768454	132.475343682012	1	1
34.8835765302308	132.321506926592	1	1
34.6227238446397	132.172395863901	1	1
34.3591989377502	132.028059949984	1	1
34.0930892135426	131.888547057106	1	1
33.8244829333104	131.753903457863	1	1
33.5534691863861	131.624173809844	1	1
33.2801378605929	131.499401140812	1	1
33.0045796124313	131.379626834439	1	1
32.7268858370108	131.264890616574	1	1
32.4471486377367	131.155230542074	1	1
32.165460795762	131.050682982175	1	1
31.8819157392144	130.951282612434	1	1
31.5966075122084	130.857062401227	1	1
31.3096307436541	130.768053598813	1	1
31.021080615871	130.684285726967	1	1
30.691	130.599	0	1
30.3906888888889	130.543377777778	0	1
30.0903777777778	130.487755555556	0	1
29.7900666666667	130.432133333333	0	1
29.4897555555556	130.376511111111	0	1
29.1894444444444	130.320888888889	0	1
28.8891333333333	130.265266666667	0	1
28.5888222222222	130.209644444444	0	1
28.2885111111111	130.154022222222	0	1
27.9882	130.0984	0	1
27.6878888888889	130.042777777778	0	1
27.3875777777778	129.987155555556	0	1
27.0872666666667	129.931533333333	0	1
26.7869555555556	129.875911111111	0	1
26.4866444444444	129.820288888889	0	1
26.1863333333333	129.764666666667	0	1
25.8860222222222	129.709044444444	0	1
25.5857111111111	129.653422222222	0	1
25.2854	129.5978	0	1
24.9850888888889	129.542177777778	0	1
24.6847777777778	129.486555555556	0	1
24.3844666666667	129.430933333333	0	1
24.0841555555556	129.375311111111	0	1
23.7838444444444	129.319688888889	0	1
23.4835333333333	129.264066666667	2	1
23.1832222222222	129.208444444444	2	1
22.8829111111111	129.152822222222	2	1
22.5826	129.0972	2	1
22.2822888888889	129.041577777778	2	1
21.9819777777778	128.985955555556	2	1
21.6816666666667	128.930333333333	2	1
21.3813555555556	128.874711111111	2	1
21.0810444444444	128.819088888889	2	1
20.7807333333333	128.763466666667	2	1
20.4804222222222	128.707844444444	2	1
20.1801111111111	128.652222222222	2	1
19.8798	128.5966	2	1
19.5794888888889	128.540977777778	2	1
19.2791777777778	128.485355555556	2	1
18.9788666666667	128.429733333333	2	1
18.6785555555556	128.374111111111	2	1
18.3782444444444	128.318488888889	2	1
18.0779333333333	128.262866666667	2	1
17.7776222222222	128.207244444444	2	1
17.4773111111111	128.151622222222	2	1
17.177	128.096	2	1
16.8938740640787	128.018691100579	2	1
16.5978565024225	127.966796497514	2	1
16.3028578806657	127.909392144042	2	1
16.0089807421205	127.846497994262	2	1
15.7163272402646	127.778135910565	2	1
15.4249991032323	127.704329656024	2	1
15.135097598453	127.625104886143	2	1
14.8467234974502	127.540489139932	2	1
14.5599770408123	127.450511830339	2	1
14.2749579033489	127.355204234022	2	1
13.9917651594428	127.254599480482	2	1
13.7104972486114	127.14873254054	2	1
13.4312519412884	127.037640214189	2	1
13.1541263048383	126.921361117796	2	1
12.8792166698149	126.799935670679	2	1
12.6066185964768	126.673406081064	2	1
12.3364268415694	126.541816331402	2	1
12.0687353253875	126.40521216309	2	1
11.8036370991274	126.263641060566	2	1
11.5412243125425	126.117152234805	2	1
11.2815881819106	125.965796606213	2	1
11.0248189583273	125.809626786925	2	1
10.6715	125.554040897955	2	1
10.439337310199	125.38973730348	2	1
10.1945523076975	125.214589635389	2	1
9.95764012025907	125.028931297224	2	1
9.72905172369768	124.833115700182	2	1
9.5092222490183	124.627515590383	0	1
9.29857015412028	124.412522339321	0	1
9.09749642723893	124.188545198869	0	1
8.90638382364165	123.956010522243	0	1
8.72559613703153	123.715360952417	0	1
8.55547750704533	123.467054579525	0	1
8.39635176416414	123.21156406886	0	1
8.24852181328363	122.949375761131	0	1
8.11226905711744	122.680988746683	0	1
7.987852860531	122.406913915452	0	1
7.8755100568259	122.127672984457	0	1
7.77545449691411	121.843797504682	0	1
7.68787664224072	121.555827849235	0	1
7.61294320222971	121.264312184724	0	1
7.55079681694306	120.969805427784	0	1
7.50155578555735	120.672868188767	0	1
7.4653138411745	120.374065704583	0	1
7.44213997239548	120.073966762744	0	1
7.43207829199665	119.773142618642	0	1
7.43514795295851	119.472165908133	0	1
7.45134311200694	119.171609557492	0	1
7.48063294073624	118.872045692815	0	1
7.518	118.483	0	1
7.5669652173913	118.187004347826	0	1
7.61593043478261	117.891008695652	0	1
7.66489565217391	117.595013043478	0	1
7.71386086956522	117.299017391304	0	1
7.76282608695652	117.00302173913	0	1
7.81179130434783	116.707026086957	0	1
7.86075652173913	116.411030434783	0	1
7.90972173913043	116.115034782609	0	1
7.95868695652174	115.819039130435	0	1
8.00765217391304	115.523043478261	0	1
8.05661739130435	115.227047826087	0	1
8.10558260869565	114.931052173913	0	1
8.15454782608696	114.635056521739	0	1
8.20351304347826	114.339060869565	0	1
8.25247826086957	114.043065217391	0	1
8.30144347826087	113.747069565217	0	1
8.35040869565217	113.451073913043	0	1
8.39937391304348	113.15507826087	0	1
8.44833913043478	112.859082608696	0	1
8.49730434782609	112.563086956522	0	1
8.54626956521739	112.267091304348	0	1
8.5952347826087	111.971095652174	0	1
8.6442	111.6751	0	1
8.69316521739131	111.379104347826	0	1
8.74213043478261	111.083108695652	0	1
8.79109565217391	110.787113043478	0	1
8.84006086956522	110.491117391304	0	1
8.88902608695652	110.19512173913	0	1
8.93799130434783	109.899126086957	0	1
8.98695652173913	109.603130434783	0	1
9.03592173913043	109.307134782609	0	1
9.08488695652174	109.011139130435	0	1
9.13385217391304	108.715143478261	0	1
9.18281739130435	108.419147826087	0	1
9.23178260869565	108.123152173913	0	1
9.28074782608696	107.827156521739	0	1
9.32971304347826	107.531160869565	0	1
9.37867826086956	107.235165217391	0	1
9.42764347826087	106.939169565217	0	1
9.47660869565217	106.643173913043	0	1
9.52557391304348	106.34717826087	0	1
9.57453913043478	106.051182608696	0	1
9.62350434782609	105.755186956522	0	1
9.67246956521739	105.459191304348	0	1
9.7214347826087	105.163195652174	0	1
9.7704	104.8672	0	1
9.8193652173913	104.571204347826	0	1
9.86833043478261	104.275208695652	0	1
9.91729565217391	103.979213043478	0	1
9.96626086956522	103.683217391304	0	1
10.0152260869565	103.38722173913	0	1
10.0641913043478	103.091226086957	0	1
10.1131565217391	102.795230434783	0	1
10.1621217391304	102.499234782609	0	1
10.2110869565217	102.203239130435	0	1
10.260052173913	101.907243478261	0	1
10.3090173913043	101.611247826087	0	1
10.3579826086957	101.315252173913	0	1
10.406947826087	101.019256521739	0	1
10.4559130434783	100.723260869565	0	1
10.5048782608696	100.427265217391	0	1
10.5538434782609	100.131269565217	0	1
10.6028086956522	99.8352739130435	0	1
10.6517739130435	99.5392782608696	0	1
10.7007391304348	99.2432826086957	0	1
10.7497043478261	98.9472869565217	0	1
10.7986695652174	98.6512913043478	0	1
10.8476347826087	98.3552956521739	0	1
10.8966	98.0593	0	1
10.9455652173913	97.7633043478261	0	1
10.9945304347826	97.4673086956522	0	1
11.0434956521739	97.1713130434783	0	1
11.0924608695652	96.8753173913044	0	1
11.1414260869565	96.5793217391304	0	1
11.1903913043478	96.2833260869565	0	1
11.2393565217391	95.9873304347826	0	1
11.2883217391304	95.6913347826087	0	1
11.3372869565217	95.3953391304348	0	1
11.386252173913	95.0993434782609	0	1
11.4352173913043	94.803347826087	0	1
11.4841826086957	94.507352173913	0	1
11.533147826087	94.2113565217391	0	1
11.5821130434783	93.9153608695652	0	1
11.6310782608696	93.6193652173913	0	1
11.6800434782609	93.3233695652174	0	1
11.7290086956522	93.0273739130435	0	1
11.7779739130435	92.7313782608696	0	1
11.8269391304348	92.4353826086957	0	1
11.8759043478261	92.1393869565217	0	1
11.9248695652174	91.8433913043478	0	1
11.9738347826087	91.5473956521739	0	1
12.0228	91.2514	0	1
12.0717652173913	90.9554043478261	0	1
12.1207304347826	90.6594086956522	0	1
12.1696956521739	90.3634130434782	0	1
12.2186608695652	90.0674173913044	0	1
12.2676260869565	89.7714217391304	0	1
12.3165913043478	89.4754260869565	0	1
12.3655565217391	89.1794304347826	0	1
12.4145217391304	88.8834347826087	0	1
12.4634869565217	88.5874391304348	0	1
12.512452173913	88.2914434782609	0	1
12.5614173913043	87.9954478260869	0	1
12.6103826086957	87.699452173913	0	1
12.659347826087	87.4034565217391	0	1
12.7083130434783	87.1074608695652	0	1
12.7572782608696	86.8114652173913	0	1
12.8062434782609	86.5154695652174	0	1
12.8552086956522	86.2194739130435	0	1
12.9041739130435	85.9234782608696	0	1
12.9531391304348	85.6274826086957	0	1
13.0021043478261	85.3314869565217	0	1
13.0510695652174	85.0354913043478	0	1
13.1000347826087	84.7394956521739	0	1
13.149	84.4435	0	1
13.1979652173913	84.1475043478261	0	1
13.2469304347826	83.8515086956522	0	1
13.2958956521739	83.5555130434783	0	1
13.3448608695652	83.2595173913044	0	1
13.3938260869565	82.9635217391304	0	1
13.4427913043478	82.6675260869565	0	1
13.4917565217391	82.3715304347826	0	1
13.5407217391304	82.0755347826087	0	1
13.5896869565217	81.7795391304348	0	1
13.638652173913	81.4835434782609	0	1
13.6876173913043	81.187547826087	0	1
13.7365826086957	80.891552173913	0	1
13.785547826087	80.5955565217391	0	1
13.8345130434783	80.2995608695652	0	1
13.8834782608696	80.0035652173913	0	1
13.9324434782609	79.7075695652174	0	1
13.9814086956522	79.4115739130435	0	1
14.0303739130435	79.1155782608696	0	1
14.0793391304348	78.8195826086957	0	1
14.1283043478261	78.5235869565217	0	1
14.1772695652174	78.2275913043478	0	1
14.2262347826087	77.9315956521739	0	1
14.2752	77.6356	0	1
14.3241652173913	77.3396043478261	0	1
14.3731304347826	77.0436086956522	0	1
14.4220956521739	76.7476130434783	0	1
14.4710608695652	76.4516173913044	0	1
14.5200260869565	76.1556217391304	0	1
14.5689913043478	75.8596260869565	0	1
14.6179565217391	75.5636304347826	0	1
14.6669217391304	75.2676347826087	0	1
14.7158869565217	74.9716391304348	0	1
14.764852173913	74.6756434782609	0	1
14.8138173913043	74.379647826087	0	1
14.8627826086957	74.083652173913	0	1
14.911747826087	73.7876565217391	0	1
14.9607130434783	73.4916608695652	0	1
15.0096782608696	73.1956652173913	0	1
15.0586434782609	72.8996695652174	0	1
15.1076086956522	72.6036739130435	0	1
15.1565739130435	72.3076782608696	0	1
15.2055391304348	72.0116826086957	0	1
15.2545043478261	71.7156869565218	0	1
15.3034695652174	71.4196913043478	0	1
15.3524347826087	71.1236956521739	0	1
15.4014	70.8277	0	1
15.4503652173913	70.5317043478261	0	1
15.4993304347826	70.2357086956522	0	1
15.5482956521739	69.9397130434783	0	1
15.5972608695652	69.6437173913044	0	1
15.6462260869565	69.3477217391304	0	1
15.6951913043478	69.0517260869565	0	1
15.7441565217391	68.7557304347826	0	1
15.7931217391304	68.4597347826087	0	1
15.8420869565217	68.1637391304348	0	1
15.891052173913	67.8677434782609	0	1
15.9400173913043	67.571747826087	0	1
15.9889826086957	67.275752173913	0	1
16.037947826087	66.9797565217391	0	1
16.0869130434783	66.6837608695652	0	1
16.1358782608696	66.3877652173913	0	1
16.1848434782609	66.0917695652174	0	1
16.2338086956522	65.7957739130435	0	1
16.2827739130435	65.4997782608696	0	1
16.3317391304348	65.2037826086957	0	1
16.3807043478261	64.9077869565217	0	1
16.4296695652174	64.6117913043478	0	1
16.4786347826087	64.3157956521739	0	1
16.5276	64.0198	0	1
16.5765652173913	63.7238043478261	0	1
16.6255304347826	63.4278086956522	0	1
16.6744956521739	63.1318130434783	0	1
16.7234608695652	62.8358173913043	0	1
16.7724260869565	62.5398217391304	0	1
16.8213913043478	62.2438260869565	0	1
16.8703565217391	61.9478304347826	0	1
16.9193217391304	61.6518347826087	0	1
16.9682869565217	61.3558391304348	0	1
17.017252173913	61.0598434782609	0	1
17.0662173913043	60.763847826087	0	1
17.1151826086957	60.467852173913	0	1
17.164147826087	60.1718565217391	0	1
17.2131130434783	59.8758608695652	0	1
17.2620782608696	59.5798652173913	0	1
17.3110434782609	59.2838695652174	0	1
17.3600086956522	58.9878739130435	0	1
17.4089739130435	58.6918782608696	0	1
17.4579391304348	58.3958826086957	0	1
17.5069043478261	58.0998869565217	0	1
17.5558695652174	57.8038913043478	0	1
17.6048347826087	57.5078956521739	0	1
17.6538	57.2119	0	1
17.7027652173913	56.9159043478261	0	1
17.7517304347826	56.6199086956522	0	1
17.8006956521739	56.3239130434783	0	1
17.8496608695652	56.0279173913043	0	1
17.8986260869565	55.7319217391304	0	1
17.9475913043478	55.4359260869565	0	1
17.9965565217391	55.1399304347826	0	1
18.0455217391304	54.8439347826087	0	1
18.0944869565217	54.5479391304348	0	1
18.143452173913	54.2519434782609	0	1
18.1924173913043	53.955947826087	0	1
18.2413826086957	53.659952173913	0	1
18.290347826087	53.3639565217391	0	1
18.3393130434783	53.0679608695652	0	1
18.3882782608696	52.7719652173913	0	1
18.4372434782609	52.4759695652174	0	1
18.4862086956522	52.1799739130435	2	1
18.5351739130435	51.8839782608696	2	1
18.5841391304348	51.5879826086957	2	1
18.6331043478261	51.2919869565217	2	1
18.6820695652174	50.9959913043478	2	1
18.7310347826087	50.6999956521739	2	1
18.78	50.404	2	1
18.8734	50.1176	2	1
18.9666840650069	49.8311926299881	2	1
19.0243694975862	49.5358139242556	2	1
19.0931247730863	49.2428140931583	2	1
19.1728525761032	48.9526078451929	2	1
19.2634400608473	48.6656059348511	2	1
19.3647590108638	48.3822145812433	2	1
19.4766660205088	48.1028348931405	2	1
19.5990026979241	47.8278623012498	2	1
19.731595889223	47.5576859985264	2	1
19.8742579235705	47.2926883893146	2	1
20.0267868788098	47.0332445480971	2	1
20.1889668672613	46.779721688619	2	1
20.3605683412871	46.5324786441379	2	1
20.5413484181898	46.2918653595355	2	1
20.7310512239862	46.0582223960098	2	1
20.929408255568	45.8318804490486	2	1
21.1361387607381	45.6131598803675	2	1
21.350950135584	45.4023702644731	2	1
21.5735383386257	45.1998099504953	2	1
21.8035883211525	45.0057656399074	2	1
22.0407744731393	44.8205119807322	2	1
22.2847610841111	44.6443111788085	0	1
22.5352028183038	44.4774126266677	0	1
22.7917452034479	44.3200525505473	0	1
23.0540251324851	44.1724536760382	0	1
23.321671377505	44.0348249128421	0	1
23.5943051151771	43.9073610590833	0	1
23.8715404629327	43.7902425255931	0	1
24.1529850251388	43.6836350805589	0	1
24.4382404484899	43.587689614898	0	1
24.7269029858327	43.502541928688	0	1
25.0185640676251	43.4283125389571	0	1
25.3502074916337	43.3563888730366	0	1
25.6484074901026	43.3227667623026	0	1
25.9470156572828	43.2929867705249	0	1
26.2459824919691	43.2670538344254	0	1
26.5452584334984	43.2449722529876	0	1
26.8447938699663	43.226745686744	0	1
27.144539146451	43.2123771571693	0	1
27.4444445732449	43.2018690461794	0	1
27.7444604340919	43.1952230957364	0	1
28.0445369944287	43.1924404075604	0	1
28.3446245096297	43.1935214429461	0	1
28.6446732332535	43.198466022687	0	1
28.9446334252889	43.2072733271047	0	1
29.2444553604012	43.219941896185	0	1
29.5440893361749	43.2364696298196	0	1
29.843485681353	43.2568537881548	0	1
30.1425947640714	43.2810909920452	0	1
30.4413670000862	43.309177223614	0	1
30.7397528609939	43.3411078269192	0	1
31.0377028824413	43.3768775087252	0	1
31.335167672326	43.4164803393806	0	1
31.759	43.444	0	1
32.0570631578947	43.4904105263158	0	1
32.3551263157895	43.5368210526316	0	1
32.6531894736842	43.5832315789474	0	1
32.9512526315789	43.6296421052632	0	1
33.2493157894737	43.6760526315789	0	1
33.5473789473684	43.7224631578947	0	1
33.8454421052632	43.7688736842105	0	1
34.1435052631579	43.8152842105263	0	1
34.4415684210526	43.8616947368421	0	1
34.7396315789474	43.9081052631579	0	1
35.0376947368421	43.9545157894737	0	1
35.3357578947368	44.0009263157895	0	1
35.6338210526316	44.0473368421053	0	1
35.9318842105263	44.0937473684211	0	1
36.2299473684211	44.1401578947368	0	1
36.5280105263158	44.1865684210526	0	1
36.8260736842105	44.2329789473684	0	1
37.1241368421053	44.2793894736842	0	1
37.4222	44.3258	0	1
37.7202631578947	44.3722105263158	0	1
38.0183263157895	44.4186210526316	0	1
38.3163894736842	44.4650315789474	0	1
38.6144526315789	44.5114421052632	0	1
38.9125157894737	44.557852631579	0	1
39.2105789473684	44.6042631578947	0	1
39.5086421052632	44.6506736842105	0	1
39.8067052631579	44.6970842105263	0	1
40.1047684210526	44.7434947368421	0	1
40.4028315789474	44.7899052631579	0	1
40.7008947368421	44.8363157894737	0	1
40.9989578947368	44.8827263157895	0	1
41.2970210526316	44.9291368421053	0	1
41.5950842105263	44.9755473684211	0	1
41.8931473684211	45.0219578947368	0	1
42.1912105263158	45.0683684210526	0	1
42.4892736842105	45.1147789473684	0	1
42.7873368421053	45.1611894736842	0	1
43.0854	45.2076	0	1
43.3834631578947	45.2540105263158	0	1
43.6815263157895	45.3004210526316	0	1
43.9795894736842	45.3468315789474	0	1
44.2776526315789	45.3932421052632	0	1
44.5757157894737	45.439652631579	0	1
44.8737789473684	45.4860631578947	0	1
45.1718421052632	45.5324736842105	0	1
45.4699052631579	45.5788842105263	0	1
45.7679684210526	45.6252947368421	0	1
46.0660315789474	45.6717052631579	0	1
46.3640947368421	45.7181157894737	0	1
46.6621578947368	45.7645263157895	0	1
46.9602210526316	45.8109368421053	0	1
47.2582842105263	45.8573473684211	0	1
47.5563473684211	45.9037578947368	0	1
47.8544105263158	45.9501684210526	0	1
48.1524736842105	45.9965789473684	0	1
48.4505368421053	46.0429894736842	0	1
48.7486	46.0894	0	1
49.0466631578947	46.1358105263158	0	1
49.3447263157895	46.1822210526316	0	1
49.6427894736842	46.2286315789474	0	1
49.9408526315789	46.2750421052632	0	1
50.2389157894737	46.3214526315789	0	1
50.5369789473684	46.3678631578947	0	1
50.8350421052632	46.4142736842105	0	1
51.1331052631579	46.4606842105263	0	1
51.4311684210526	46.5070947368421	0	1
51.7292315789474	46.5535052631579	0	1
52.0272947368421	46.5999157894737	0	1
52.3253578947368	46.6463263157895	0	1
52.6234210526316	46.6927368421053	0	1
52.9214842105263	46.7391473684211	0	1
53.2195473684211	46.7855578947368	0	1
53.5176105263158	46.8319684210526	0	1
53.8156736842105	46.8783789473684	0	1
54.1137368421053	46.9247894736842	0	1
54.4118	46.9712	0	1
54.7098631578947	47.0176105263158	0	1
55.0079263157895	47.0640210526316	0	1
55.3059894736842	47.1104315789474	0	1
55.6040526315789	47.1568421052632	0	1
55.9021157894737	47.2032526315789	0	1
56.2001789473684	47.2496631578947	0	1
56.4982421052632	47.2960736842105	0	1
56.7963052631579	47.3424842105263	0	1
57.0943684210526	47.3888947368421	0	1
57.3924315789474	47.4353052631579	0	1
57.6904947368421	47.4817157894737	0	1
57.9885578947369	47.5281263157895	2	1
58.2866210526316	47.5745368421053	2	1
58.5846842105263	47.620947368421	2	1
58.8827473684211	47.6673578947368	2	1
59.1808105263158	47.7137684210526	2	1
59.4775295252133	47.7713161592552	2	1
59.7758209979195	47.8049063665489	2	1
60.0746101879104	47.8337355992805	2	1
60.3738211110428	47.8577965259782	2	1
60.6733776759241	47.877083027783	2	1
60.9732037032623	47.8915902000051	2	1
61.2732229452396	47.901314353371	2	1
61.5733591049022	47.9062530149616	2	1
61.8735358555633	47.9064049288414	2	1
62.1736768602137	47.9017700563777	2	1
62.4737057909345	47.8923495762504	2	1
62.7735463483081	47.8781458841522	2	1
63.0798324568419	47.8657757834613	2	1
63.3791505034121	47.8401226366237	2	1
63.6777392271487	47.8070446832009	2	1
63.9754144788776	47.7665623234199	2	1
64.271992672792	47.7187005240412	2	1
64.5672908996756	47.6634888029605	2	1
64.8611270397085	47.6009612110044	2	1
65.1533198747865	47.5311563109299	2	1
65.4436892002836	47.4541171536418	2	1
65.7320559361903	47.3698912516415	2	1
66.0182422375582	47.2785305497249	2	1
66.3020716041818	47.180091392946	2	1
66.5833689894526	47.0746344918676	2	1
66.8619609083157	46.9622248851186	2	1
67.1376755442634	46.842931899283	2	1
67.4103428552998	46.716829106144	2	1
67.6797946788116	46.5839942773096	2	1
67.9458648352789	46.4445093362487	2	1
68.2083892307635	46.2984603077662	2	1
68.4672059581112	46.1459372649486	2	1
68.7221553968044	45.9870342736133	2	1
69.0515677528378	45.8175884923908	2	1
69.2981939510786	45.64573906514	0	1
69.5403323428702	45.4676219505055	0	1
69.7778236826209	45.2833542896191	0	1
70.010511780936	45.0930572686028	0	1
70.2382436073371	44.8968560388688	0	1
70.4608693909056	44.6948796348122	0	1
70.6782427187808	44.4872608889495	0	1
70.8902206324507	44.2741363445599	0	1
71.0966637217705	44.0556461658853	0	1
71.2974362166475	43.8319340459499	0	1
71.4924060763323	43.6031471120581	0	1
71.681445076257	43.3694358290344	0	1
71.864428892364	43.1309539002682	0	1
72.0412371828694	42.8878581666287	0	1
72.211753667407	42.6403085033164	0	1
72.3758662035023	42.3884677147187	0	1
72.5334668603241	42.1325014273399	0	1
72.6844519896666	41.8725779808743	0	1
72.8287222941156	41.6088683174955	0	1
72.9661828923519	41.341545869434	0	1
73.0967433815522	41.0707864449167	0	1
73.2203178968431	40.796768112545	0	1
73.3368251677716	40.519671084185	0	1
73.4461885717536	40.239677596449	0	1
73.5483361844659	39.9569717908448	0	1
73.643200827148	39.671739592673	0	1
73.7307201107833	39.3841685887503	0	1
73.8108364771301	39.0944479040409	0	1
73.8834972365754	38.8027680772753	0	1
73.9486546027869	38.5093209356407	0	1
74.0062657241407	38.2142994686227	0	1
74.0562927119028	37.9178977010831	0	1
74.17	37.58	0	1
74.2185774647887	37.2820422535211	0	1
74.2671549295775	36.9840845070422	0	1
74.3157323943662	36.6861267605634	0	1
74.3643098591549	36.3881690140845	0	1
74.4128873239437	36.0902112676056	0	1
74.4614647887324	35.7922535211268	0	1
74.5100422535211	35.4942957746479	0	1
74.5586197183099	35.196338028169	0	1
74.6071971830986	34.8983802816901	0	1
74.6557746478873	34.6004225352113	0	1
74.704352112676	34.3024647887324	0	1
74.7529295774648	34.0045070422535	0	1
74.8015070422535	33.7065492957746	0	1
74.8500845070423	33.4085915492958	0	1
74.898661971831	33.1106338028169	0	1
74.9472394366197	32.812676056338	0	1
74.9958169014084	32.5147183098592	0	1
75.0443943661972	32.2167605633803	0	1
75.0929718309859	31.9188028169014	0	1
75.1415492957746	31.6208450704225	0	1
75.1901267605634	31.3228873239437	0	1
75.2387042253521	31.0249295774648	0	1
75.2872816901408	30.7269718309859	0	1
75.3358591549296	30.429014084507	0	1
75.3844366197183	30.1310563380282	0	1
75.4330140845071	29.8330985915493	0	1
75.4815915492958	29.5351408450704	0	1
75.5301690140845	29.2371830985916	0	1
75.5787464788732	28.9392253521127	0	1
75.627323943662	28.6412676056338	0	1
75.6759014084507	28.3433098591549	0	1
75.7244788732394	28.0453521126761	0	1
75.7730563380282	27.7473943661972	0	1
75.8216338028169	27.4494366197183	0	1
75.8702112676056	27.1514788732394	0	1
75.9187887323944	26.8535211267606	0	1
75.9673661971831	26.5555633802817	0	1
76.0159436619718	26.2576056338028	0	1
76.0645211267606	25.9596478873239	0	1
76.1130985915493	25.6616901408451	0	1
76.161676056338	25.3637323943662	0	1
76.2102535211268	25.0657746478873	0	1
76.2588309859155	24.7678169014085	0	1
76.3074084507042	24.4698591549296	0	1
76.355985915493	24.1719014084507	0	1
76.4045633802817	23.8739436619718	0	1
76.4531408450704	23.575985915493	0	1
76.5017183098592	23.2780281690141	0	1
76.5502957746479	22.9800704225352	0	1
76.5988732394366	22.6821126760563	0	1
76.6474507042253	22.3841549295775	0	1
76.6960281690141	22.0861971830986	0	1
76.7446056338028	21.7882394366197	0	1
76.7931830985916	21.4902816901408	0	1
76.8417605633803	21.192323943662	0	1
76.890338028169	20.8943661971831	0	1
76.9389154929577	20.5964084507042	0	1
76.9874929577465	20.2984507042254	0	1
77.0360704225352	20.0004929577465	0	1
77.0846478873239	19.7025352112676	0	1
77.1332253521127	19.4045774647887	0	1
77.1818028169014	19.1066197183099	0	1
77.2303802816901	18.808661971831	0	1
77.2789577464789	18.5107042253521	2	1
77.3275352112676	18.2127464788732	2	1
77.3761126760563	17.9147887323944	2	1
77.4246901408451	17.6168309859155	2	1
77.4732676056338	17.3188732394366	2	1
77.5218450704225	17.0209154929577	2	1
77.5704225352113	16.7229577464789	2	1
77.619	16.425	2	1
77.6665364316808	16.1330678692261	2	1
77.7539063670028	15.8448768585522	2	1
77.8514493797038	15.5599682330165	2	1
77.9590425664217	15.2787009750513	2	1
78.0765503606613	15.0014294789966	2	1
78.2038247036065	14.728503104567	2	1
78.3407052306732	14.4602657366606	2	1
78.4870194735679	14.1970553520676	2	1
78.6425830775953	13.9392035936222	2	1
78.8072000339446	13.6870353523352	2	1
78.9806629266581	13.4408683580349	2	1
79.1627531939742	13.2010127790291	2	1
79.3532414037128	12.9677708312968	2	1
79.5518875423585	12.7414363976978	2	1
79.758441317475	12.5222946576833	2	1
79.9726424730715	12.3106217279721	2	1
80.1942211175236	12.1066843146458	2	1
80.4228980636336	11.9107393771015	2	1
80.6583851804046	11.7230338042853	2	1
80.900385756083	11.5438041036139	2	1
81.1485948720125	11.3732761029779	2	1
81.4026997868292	11.2116646662	2	1
81.662380330513	11.0591734223088	2	1
81.9273093077992	10.9159945089677	2	1
82.1971529104415	10.7823083303834	0	1
82.4715711378077	10.658283329998	0	1
82.7502182252776	10.5440757782515	0	1
83.0327430799035	10.4398295756825	0	1
83.3187897227841	10.3123	0	1
83.6079977375951	10.1932	0	1
83.9000027247105	10.0624	0	1
84.1930713068718	9.97251396014267	0	1
84.4826510949896	9.8934782512514	0	1
84.7732146320807	9.81813949708415	0	1
85.0647147225861	9.74650993473937	0	1
85.3571040188247	9.67860119884012	0	1
85.6503350286839	9.61442431964426	0	1
85.9443601233333	9.55398972125289	0	1
86.2391315449615	9.49730721991711	0	1
86.5346014145325	9.44438602244366	0	1
86.8307217395634	9.39523472469945	0	1
87.1274444219192	9.34986131021533	0	1
87.4247212656253	9.3082731488894	0	1
87.7225039846961	9.27047699578986	0	1
88.0207442109779	9.23647899005788	0	1
88.319393502005	9.20628465391039	0	1
88.6184033488682	9.1798988917431	0	1
88.9177251840944	9.15732598933393	0	1
89.2173103895347	9.13856961314688	0	1
89.5171103042615	9.12363280973646	0	1
89.8170762324728	9.11251800525288	0	1
90.1171594514011	9.10522700504794	0	1
90.4173112192278	9.10176099338185	0	1
90.717482783	9.10212053323081	0	1
91.0176253865494	9.10630556619558	0	1
91.3176902784117	9.11431541251103	0	1
91.6176287197451	9.12614877115645	0	1
91.9173919922469	9.14180372006695	0	1
92.2169314060665	9.16127771644562	0	1
92.5161983077143	9.18456759717657	0	1
92.8151440879642	9.2116695793387	0	1
93.1137201897491	9.2396	0	1
93.4118781160479	9.2593	0	1
93.758	9.2941	0	1
94.0549320388349	9.32878640776699	0	1
94.3518640776699	9.37757281553398	0	1
94.6487961165049	9.42635922330097	0	1
94.9457281553398	9.47514563106796	0	1
95.2426601941748	9.52393203883495	0	1
95.5395922330097	9.57271844660194	0	1
95.8365242718447	9.62150485436893	0	1
96.1334563106796	9.67029126213592	0	1
96.4303883495146	9.71907766990291	0	1
96.7273203883495	9.7678640776699	0	1
97.0242524271845	9.81665048543689	0	1
97.3211844660194	9.86543689320388	0	1
97.6181165048544	9.91422330097087	0	1
97.9150485436893	9.96300970873786	0	1
98.2119805825243	10.0117961165049	0	1
98.5089126213592	10.0605825242718	0	1
98.8058446601942	10.1093689320388	0	1
99.1027766990291	10.1581553398058	0	1
99.3997087378641	10.2069417475728	0	1
99.696640776699	10.2557281553398	0	1
99.993572815534	10.3045145631068	0	1
100.290504854369	10.3533009708738	0	1
100.587436893204	10.4020873786408	0	1
100.884368932039	10.4508737864078	0	1
101.181300970874	10.4996601941748	0	1
101.478233009709	10.5484466019417	0	1
101.775165048544	10.5972330097087	0	1
102.072097087379	10.6460194174757	0	1
102.369029126214	10.6948058252427	0	1
102.665961165049	10.7435922330097	0	1
102.962893203883	10.7923786407767	0	1
103.259825242718	10.8411650485437	0	1
103.556757281553	10.8899514563107	0	1
103.853689320388	10.9387378640777	0	1
104.150621359223	10.9875242718447	0	1
104.447553398058	11.0363106796116	0	1
104.744485436893	11.0850970873786	0	1
105.041417475728	11.1338834951456	0	1
105.338349514563	11.1826699029126	0	1
105.635281553398	11.2314563106796	0	1
105.932213592233	11.2802427184466	0	1
106.229145631068	11.3290291262136	0	1
106.526077669903	11.3778155339806	0	1
106.823009708738	11.4266019417476	0	1
107.119941747573	11.4753883495146	0	1
107.416873786408	11.5241747572816	0	1
107.713805825243	11.5729611650485	0	1
108.010737864078	11.6217475728155	0	1
108.307669902913	11.6705339805825	0	1
108.604601941748	11.7193203883495	0	1
108.901533980583	11.7681067961165	0	1
109.198466019417	11.8168932038835	0	1
109.495398058252	11.8656796116505	0	1
109.792330097087	11.9144660194175	0	1
110.089262135922	11.9632524271845	0	1
110.386194174757	12.0120388349515	0	1
110.683126213592	12.0608252427184	0	1
110.980058252427	12.1096116504854	0	1
111.276990291262	12.1583980582524	0	1
111.573922330097	12.2071844660194	0	1
111.870854368932	12.2559708737864	0	1
112.167786407767	12.3047572815534	0	1
112.464718446602	12.3535436893204	0	1
112.761650485437	12.4023300970874	0	1
113.058582524272	12.4511165048544	0	1
113.355514563107	12.4999029126214	0	1
113.652446601942	12.5486893203884	0	1
113.949378640777	12.5974757281553	0	1
114.246310679612	12.6462621359223	0	1
114.543242718447	12.6950485436893	0	1
114.840174757282	12.7438349514563	0	1
115.137106796117	12.7926213592233	0	1
115.434038834951	12.8414077669903	0	1
115.730970873786	12.8901941747573	0	1
116.027902912621	12.9389805825243	0	1
116.324834951456	12.9877669902913	0	1
116.621766990291	13.0365533980583	0	1
116.918699029126	13.0853398058252	0	1
117.215631067961	13.1341262135922	0	1
117.512563106796	13.1829126213592	0	1
117.809495145631	13.2316990291262	0	1
118.106427184466	13.2804854368932	0	1
118.403359223301	13.3292718446602	0	1
118.700291262136	13.3780582524272	0	1
118.997223300971	13.4268446601942	0	1
119.294155339806	13.4756310679612	0	1
119.591087378641	13.5244174757282	0	1
119.888019417476	13.5732038834951	0	1
120.184951456311	13.6219902912621	0	1
120.481883495146	13.6707766990291	0	1
120.778815533981	13.7195631067961	2	1
121.075747572816	13.7683495145631	2	1
121.37267961165	13.8171359223301	2	1
121.669611650485	13.8659223300971	2	1
121.96654368932	13.9147087378641	2	1
122.263475728155	13.9634951456311	2	1
122.56040776699	14.0122815533981	2	1
122.857339805825	14.061067961165	2	1
123.15427184466	14.109854368932	2	1
123.451203883495	14.158640776699	2	1
123.74813592233	14.207427184466	2	1
124.045067961165	14.256213592233	2	1
124.342	14.305	2	1
124.619748582823	14.4115053050174	2	1
124.91545216474	14.4660714253315	2	1
125.209652747559	14.5282332054988	2	1
125.502155257179	14.5979494282202	2	1
125.792765745432	14.6751738671106	2	1
126.081291518684	14.7598553173495	2	1
126.367541265599	14.8519376296337	2	1
126.651325183998	14.9513597474074	2	1
126.932455106706	15.0580557473468	2	1
127.210744626318	15.1719548830719	2	1
127.486009218801	15.2929816320555	2	1
127.758066365848	15.4210557456996	2	1
128.026735675892	15.5560923025459	2	1
128.291839003727	15.6980017645836	2	1
128.55320056862	15.8466900366194	2	1
128.810647070875	16.0020585286683	2	1
129.064007806733	16.1640042213257	2	1
129.313114781565	16.3324197340755	2	1
129.557802821262	16.5071933964906	2	1
129.797909681756	16.6882093222775	2	1
130.033276156598	16.8753474861165	2	1
130.263746182524	17.0684838032464	2	1
130.489166942932	17.2674902117406	2	1
130.731005593478	17.6088389229839	2	1
130.921438837957	17.8414364464501	2	1
131.102097319766	18.081704924357	2	1
131.272672386921	18.3292338620405	0	1
131.432872614779	18.5836003604626	0	1
131.582424303939	18.8443698387279	0	1
131.721071947849	19.1110967765569	0	1
131.848578669335	19.3833254754506	0	1
131.964726625302	19.6605908372435	0	1
132.069317378915	19.942419158716	0	1
132.162172238627	20.2283289409083	0	1
132.243132563468	20.5178317117538	0	1
132.312060034079	20.8104328606246	0	1
132.368836889035	21.1056324833661	0	1
132.413366126031	21.4029262363749	0	1
132.445571667612	21.7018061982608	0	1
132.465398491151	22.0017617376225	0	1
132.472812722852	22.3022803854527	0	1
132.467801695625	22.6028487106827	0	1
132.450373970725	22.9029531973707	0	1
132.42055932313	23.2020811220354	0	1
132.378408690663	23.4997214296351	0	1
132.317	23.928	0	1
132.271158227848	24.2250316455696	0	1
132.225316455696	24.5220632911392	0	1
132.179474683544	24.8190949367089	0	1
132.133632911392	25.1161265822785	0	1
132.087791139241	25.4131582278481	0	1
132.041949367089	25.7101898734177	0	1
131.996107594937	26.0072215189873	0	1
131.950265822785	26.304253164557	0	1
131.904424050633	26.6012848101266	0	1
131.858582278481	26.8983164556962	0	1
131.812740506329	27.1953481012658	0	1
131.766898734177	27.4923797468354	0	1
131.721056962025	27.7894113924051	0	1
131.675215189873	28.0864430379747	0	1
131.629373417722	28.3834746835443	0	1
131.58353164557	28.6805063291139	0	1
131.537689873418	28.9775379746835	0	1
131.491848101266	29.2745696202532	0	1
131.446006329114	29.5716012658228	0	1
131.400164556962	29.8686329113924	0	1
131.35432278481	30.165664556962	0	1
131.308481012658	30.4626962025316	0	1
131.262639240506	30.7597278481013	0	1
131.216797468354	31.0567594936709	0	1
131.170955696203	31.3537911392405	0	1
131.125113924051	31.6508227848101	0	1
131.079272151899	31.9478544303797	0	1
131.033430379747	32.2448860759494	0	1
130.987588607595	32.541917721519	0	1
130.941746835443	32.8389493670886	0	1
130.895905063291	33.1359810126582	0	1
130.850063291139	33.4330126582278	0	1
130.804221518987	33.7300443037975	0	1
130.758379746835	34.0270759493671	0	1
130.712537974684	34.3241075949367	0	1
130.666696202532	34.6211392405063	0	1
130.62085443038	34.9181708860759	0	1
130.575012658228	35.2152025316456	0	1
130.529170886076	35.5122341772152	0	1
130.483329113924	35.8092658227848	0	1
130.437487341772	36.1062974683544	0	1
130.39164556962	36.403329113924	0	1
130.345803797468	36.7003607594937	0	1
130.299962025316	36.9973924050633	0	1
130.254120253165	37.2944240506329	0	1
130.208278481013	37.5914556962025	0	1
130.162436708861	37.8884873417722	0	1
130.116594936709	38.1855189873418	0	1
130.070753164557	38.4825506329114	0	1
130.024911392405	38.779582278481	0	1
129.979069620253	39.0766139240506	0	1
129.933227848101	39.3736455696203	0	1
129.887386075949	39.6706772151899	0	1
129.841544303797	39.9677088607595	0	1
129.795702531646	40.2647405063291	0	1
129.749860759494	40.5617721518987	0	1
129.704018987342	40.8588037974684	0	1
129.65817721519	41.155835443038	0	1
129.612335443038	41.4528670886076	0	1
129.566493670886	41.7498987341772	0	1
129.520651898734	42.0469303797468	0	1
129.474810126582	42.3439620253165	0	1
129.42896835443	42.6409936708861	0	1
129.383126582278	42.9380253164557	0	1
129.337284810127	43.2350569620253	0	1
129.291443037975	43.5320886075949	0	1
129.245601265823	43.8291202531646	0	1
129.199759493671	44.1261518987342	0	1
129.153917721519	44.4231835443038	0	1
129.108075949367	44.7202151898734	0	1
129.062234177215	45.017246835443	0	1
129.016392405063	45.3142784810127	0	1
128.970550632911	45.6113101265823	0	1
128.924708860759	45.9083417721519	0	1
128.878867088608	46.2053734177215	0	1
128.833025316456	46.5024050632911	0	1
128.787183544304	46.7994367088608	0	1
128.741341772152	47.0964683544304	0	1
128.6955	47.3935	0	1
128.649658227848	47.6905316455696	0	1
128.603816455696	47.9875632911392	0	1
128.557974683544	48.2845949367089	0	1
128.512132911392	48.5816265822785	0	1
128.46629113924	48.8786582278481	0	1
128.420449367089	49.1756898734177	0	1
128.374607594937	49.4727215189873	0	1
128.328765822785	49.769753164557	0	1
128.282924050633	50.0667848101266	0	1
128.237082278481	50.3638164556962	0	1
128.191240506329	50.6608481012658	0	1
128.145398734177	50.9578797468354	0	1
128.099556962025	51.2549113924051	0	1
128.053715189873	51.5519430379747	0	1
128.007873417722	51.8489746835443	0	1
127.96203164557	52.1460063291139	0	1
127.916189873418	52.4430379746835	0	1
127.870348101266	52.7400696202532	0	1
127.824506329114	53.0371012658228	0	1
127.778664556962	53.3341329113924	0	1
127.73282278481	53.631164556962	0	1
127.686981012658	53.9281962025317	0	1
127.641139240506	54.2252278481013	0	1
127.595297468354	54.5222594936709	0	1
127.549455696203	54.8192911392405	0	1
127.503613924051	55.1163227848101	0	1
127.457772151899	55.4133544303797	0	1
127.411930379747	55.7103860759494	0	1
127.366088607595	56.007417721519	0	1
127.320246835443	56.3044493670886	0	1
127.274405063291	56.6014810126582	0	1
127.228563291139	56.8985126582278	0	1
127.182721518987	57.1955443037975	0	1
127.136879746835	57.4925759493671	0	1
127.091037974684	57.7896075949367	0	1
127.045196202532	58.0866392405063	0	1
126.99935443038	58.3836708860759	0	1
126.953512658228	58.6807025316456	0	1
126.907670886076	58.9777341772152	0	1
126.861829113924	59.2747658227848	0	1
126.815987341772	59.5717974683544	0	1
126.77014556962	59.868829113924	0	1
126.724303797468	60.1658607594937	0	1
126.678462025316	60.4628924050633	0	1
126.632620253165	60.7599240506329	0	1
126.586778481013	61.0569556962025	0	1
126.540936708861	61.3539873417722	0	1
126.495094936709	61.6510189873418	0	1
126.449253164557	61.9480506329114	0	1
126.403411392405	62.245082278481	0	1
126.357569620253	62.5421139240506	0	1
126.311727848101	62.8391455696202	0	1
126.265886075949	63.1361772151899	0	1
126.220044303797	63.4332088607595	0	1
126.174202531646	63.7302405063291	0	1
126.128360759494	64.0272721518987	0	1
126.082518987342	64.3243037974683	0	1
126.03667721519	64.621335443038	0	1
125.990835443038	64.9183670886076	0	1
125.944993670886	65.2153987341772	0	1
125.899151898734	65.5124303797468	0	1
125.853310126582	65.8094620253164	0	1
125.80746835443	66.1064936708861	0	1
125.761626582278	66.4035253164557	0	1
125.715784810127	66.7005569620253	0	1
125.669943037975	66.9975886075949	0	1
125.624101265823	67.2946202531646	0	1
125.578259493671	67.5916518987342	0	1
125.532417721519	67.8886835443038	0	1
125.486575949367	68.1857151898734	0	1
125.440734177215	68.482746835443	0	1
125.394892405063	68.7797784810126	0	1
125.349050632911	69.0768101265823	0	1
125.303208860759	69.3738417721519	0	1
125.257367088608	69.6708734177215	0	1
125.211525316456	69.9679050632911	0	1
125.165683544304	70.2649367088608	0	1
125.119841772152	70.5619683544304	0	1
125.074	70.859	0	1
