122.721107 70.559536 0 0
122.675153758812 70.855995608757 0 0
122.629200668515 71.152455240903 0 0
122.583246455905 71.4489146990813 0 0
122.537293210082 71.7453743071198 0 0
122.491339968894 72.0418339158768 0 0
122.445386727707 72.3382935246337 0 0
122.399433486519 72.6347531333907 0 0
122.353480245331 72.9312127421477 0 0
122.307527004143 73.2276723509047 0 0
122.261572801861 73.5241318106838 0 0
122.215619545231 73.8205914170472 0 0
122.169666304044 74.1170510258042 0 0
122.123713062856 74.4135106345612 0 0
122.077759821668 74.7099702433181 0 0
122.03180658048 75.0064298520751 0 0
121.985853339292 75.3028894608321 0 0
121.939900098105 75.5993490695891 0 0
121.893945908172 75.8958085312826 0 0
121.847992639193 76.1922681357316 0 0
121.802039398005 76.4887277444886 0 0
121.756086156817 76.7851873532456 0 0
121.710132915629 77.0816469620025 0 0
121.664179674441 77.3781065707595 0 0
121.618226433254 77.6745661795165 0 0
121.572272254128 77.9710256428851 0 0
121.526318974342 78.267485245659 0 0
121.480365733154 78.563944854416 0 0
121.434412491966 78.860404463173 0 0
121.388459250778 79.15686407193 0 0
121.342506009591 79.4533236806869 0 0
121.296552768403 79.7497832894439 0 0
121.250599527215 80.0462428982009 0 0
121.204645360439 80.3427023634839 0 0
121.158692068303 80.6391619643434 0 0
121.112738827115 80.9356215731004 0 0
121.066785585927 81.2320811818574 0 0
121.02083234474 81.5285407906144 0 0
120.974879103552 81.8250003993713 0 0
120.928925862364 82.1214600081283 0 0
120.882971706395 82.4179194750865 0 0
120.837018403452 82.7143790742709 0 0
120.791065162264 83.0108386830278 0 0
120.745111921076 83.3072982917848 0 0
120.699158679889 83.6037579005418 0 0
120.653205438701 83.9002175092987 0 0
120.607252197513 84.1966771180557 0 0
120.561298956325 84.4931367268127 0 0
120.515344812707 84.7895961956853 0 0
120.469391497413 85.0860557929552 0 0
120.423438256226 85.3825154017122 0 0
120.377485015038 85.6789750104692 0 0
120.33153177385 85.9754346192262 0 0
120.285578532662 86.2718942279831 0 0
120.239625291474 86.5683538367401 0 0
120.193671158662 86.8648133072878 0 0
120.147717832562 87.1612729028827 0 0
120.101764591375 87.4577325116396 0 0
120.055811350187 87.7541921203966 0 0
120.009858108999 88.0506517291536 0 0
119.963904867811 88.3471113379106 0 0
119.917951626623 88.6435709466676 0 0
119.871998385436 88.9400305554245 0 0
119.826044264974 89.2364900278866 0 0
119.780090926524 89.5329496215671 0 0
119.734137685336 89.8294092303241 0 0
119.688184444148 90.125868839081 0 0
119.642231338296 90.4223284688159 0 0
119.596278113142 90.7187880800583 0 0
119.550324737097 91.0152476679114 0 0
119.50437061093 91.3117071394891 0 0
119.458417396051 91.608166752324 0 0
119.412464171855 91.9046263637147 0 0
119.366510930667 92.2010859724717 0 0
119.320557689479 92.4975455812286 0 0
119.274604448291 92.7940051899856 0 0
119.228651207104 93.0904647987426 0 0
119.182697965916 93.3869244074996 0 0
119.136743868614 93.6833838835517 0 0
119.090790507004 93.9798434736421 0 0
119.044837265816 94.2763030823991 0 0
118.998884024628 94.5727626911561 0 0
118.95293078344 94.869222299913 0 0
118.906977542253 95.16568190867 0 0
118.861024301065 95.462141517427 0 0
118.81507021457 95.7586009951542 0 0
118.769116842153 96.0550605835696 0 0
118.723163600965 96.3515201923265 0 0
118.677210359777 96.6479798010835 0 0
118.63125711859 96.9444394098405 0 0
118.585303877402 97.2408990185975 0 0
118.539350636214 97.5373586273544 0 0
118.493397395026 97.8338182361114 0 0
118.447443320882 98.130277715753 0 0
118.401489936114 98.426737302254 0 0
118.355536694926 98.7231969110109 0 0
118.309583453739 99.0196565197679 0 0
118.263630212551 99.3161161285249 0 0
118.217676971363 99.6125757372819 0 0
118.171723730175 99.9090353460388 0 0
118.125769666837 100.205494827356 0 0
118.079816271263 100.501954412181 0 0
118.033863030076 100.798414020938 0 0
117.987909788888 101.094873629695 0 0
117.9419565477 101.391333238452 0 0
117.896003306512 101.687792847209 0 0
117.850050065324 101.984252455966 0 0
117.804096824137 102.280712064723 0 0
117.758142773149 102.577171547954 0 0
117.712189365225 102.873631130866 0 0
117.666236124037 103.170090739623 0 0
117.620282882849 103.46655034838 0 0
117.574329641661 103.763009957137 0 0
117.528376400473 104.059469565894 0 0
117.482423159286 104.355929174651 0 0
117.436469119104 104.652388659557 0 0
117.390515700374 104.948848240793 0 0
117.344562459186 105.24530784955 0 0
117.298609217998 105.541767458307 0 0
117.25265597681 105.838227067064 0 0
117.206702735623 106.134686675821 0 0
117.160749494435 106.431146284578 0 0
117.114796253247 106.727605893335 0 0
117.068842225416 107.024065380156 0 0
117.022888794335 107.320524959478 0 0
116.976935553147 107.616984568235 0 0
116.930982311959 107.913444176992 0 0
116.885029070772 108.209903785749 0 0
116.839075829584 108.506363394506 0 0
116.793122588396 108.802823003263 0 0
116.747168571372 109.099282491758 0 0
116.701215129484 109.395742069405 0 0
116.655261888296 109.692201678162 0 0
116.609308647108 109.988661286919 0 0
116.563355405921 110.285120895676 0 0
116.517402164733 110.581580504433 0 0
116.471448923545 110.87804011319 0 0
116.425495800942 111.174499740328 0 0
116.379541710708 111.470959217476 0 0
116.333588223445 111.767418788089 0 0
116.287635100124 112.063878415116 0 0
116.24168189244 112.360338029066 0 0
116.195728533864 112.656797619627 0 0
116.149775375843 112.953257241275 0 0
116.103822168876 113.249716855337 0 0
116.057868175012 113.546176347423 0 0
116.011914709964 113.84263592148 0 0
115.965961468776 114.139095530236 0 0
115.920008227589 114.435555138993 0 0
115.874054986401 114.73201474775 0 0
115.828101745213 115.028474356507 0 0
115.782148504025 115.324933965264 0 0
115.736195262838 115.621393574021 0 0
115.690241281324 115.917853068022 0 0
115.644287803926 116.214312640164 0 0
115.598334562738 116.510772248921 0 0
115.55238132155 116.807231857678 0 0
115.506428080362 117.103691466435 0 0
115.460474839174 117.400151075192 0 0
115.414521597987 117.696610683949 0 0
115.368567627279 117.993070179624 0 0
115.322614139075 118.289529750091 0 0
115.276660897887 118.585989358848 0 0
115.230707656699 118.882448967605 0 0
115.184754415511 119.178908576362 0 0
115.138801174324 119.475368185119 0 0
115.092847933136 119.771827793876 0 0
115.046894691948 120.068287402633 0 0
115.000940733591 120.364746900223 0 0
114.954987233036 120.661206468776 0 0
114.909033991848 120.957666077533 0 0
114.86308075066 121.25412568629 0 0
114.817127509473 121.550585295047 0 0
114.771174268285 121.847044903804 0 0
114.725221027097 122.143504512561 0 0
114.679267079547 122.439964011825 0 0
114.633313568185 122.736423578703 0 0
114.587360326997 123.03288318746 0 0
114.541407085809 123.329342796217 0 0
114.495453844622 123.625802404974 0 0
114.449500603434 123.922262013731 0 0
114.403547362246 124.218721622488 0 0
114.357594121058 124.515181231245 0 0
114.311640185858 124.811640732424 0 0
114.265686662146 125.108100297388 0 0
114.219733420959 125.404559906145 0 0
114.173780179771 125.701019514902 0 0
114.127826938583 125.997479123659 0 0
114.081873697395 126.293938732415 0 0
114.035920456207 126.590398341172 0 0
113.989966531814 126.886857844027 0 0
113.944012997295 127.183317407315 0 0
113.898059756108 127.479777016072 0 0
113.85210651492 127.776236624829 0 0
113.806153273732 128.072696233586 0 0
113.760200032544 128.369155842343 0 0
113.714246791356 128.6656154511 0 0
113.668293550169 128.962075059857 0 0
113.622339638126 129.258534564626 0 0
113.576386091257 129.554994125999 0 0
113.530432850069 129.851453734756 0 0
113.484479608881 130.147913343513 0 0
113.438526367693 130.44437295227 0 0
113.392573126506 130.740832561027 0 0
113.346619885318 131.037292169784 0 0
113.300665984081 131.333751676228 0 0
113.254712426406 131.630211235927 0 0
113.208759287051 131.926670860469 0 0
113.1628060954 132.223130476904 0 0
113.116852854212 132.519590085661 0 0
113.070899511909 132.816049678744 0 0
113.024946321343 133.112509295348 0 0
112.979022860002 133.40897351789 0 0
112.933207659776 133.70545448485 0 0
112.886566980329 134.001806408249 0 0
112.839723864188 134.29812671206 1 0
112.792884951993 134.594447680444 1 0
112.719214550237 134.884704866801 1 0
112.631403360592 135.171561723484 1 0
112.542789481013 135.458175715372 1 0
112.449725008328 135.743363507658 1 0
112.342971059249 136.023641053243 1 0
112.220301201011 136.297337317539 1 0
112.082132877178 136.563556960734 1 0
111.928918886382 136.821423697484 1 0
111.761161903144 137.070088827623 1 0
111.579413315435 137.30873447229 1 0
111.384221378388 137.536531265777 1 0
111.175950083003 137.752432778422 1 0
110.955650546433 137.956026825051 1 0
110.724046695925 138.146643398655 1 0
110.481901526359 138.323657248655 1 0
110.230011917366 138.486487068467 1 0
109.96920722372 138.634598982094 1 0
109.700416581989 138.767667019679 1 0
109.421680618629 138.87655452607 1 0
109.132101651332 138.954938336259 1 0
108.838468806224 139.016190895257 1 0
108.543449116003 139.070613388926 1 0
108.247418835832 139.119242578155 1 0
107.950490265411 139.162050695069 1 0
107.65277808428 139.199023189762 1 0
107.354391495932 139.230088146064 1 0
107.055452004338 139.25527649768 1 0
106.756076247212 139.274590710274 1 0
106.45637976178 139.288026386835 1 0
106.156477879598 139.29557570779 1 0
105.856915418112 139.293243200135 1 0
105.562967431012 139.233289580278 1 0
105.268774889869 139.174546878544 0 0
104.974476694357 139.116336329141 0 0
104.680393190638 139.057049825741 0 0
104.386347461833 138.997576234861 0 0
104.09232405574 138.937992378144 0 0
103.798292836715 138.878447551881 0 0
103.503978169558 138.820361647486 0 0
103.208703809106 138.767323434287 0 0
102.914081757156 138.710827448708 0 0
102.619736744802 138.652853366958 0 0
102.325374318145 138.594967602107 0 0
102.031011949596 138.537081541762 0 0
101.736649434466 138.479196226821 0 0
101.442286985942 138.421310573167 0 0
101.147924617393 138.363424512821 0 0
100.853562135075 138.305539031024 0 0
100.55919969097 138.247653354899 0 0
100.264837214467 138.189767843528 0 0
99.9704747438889 138.131882302024 0 0
99.6761123587665 138.073996325958 0 0
99.3817498909874 138.016110770223 0 0
99.087387432343 137.958225168036 0 0
98.7930250637942 137.90033910769 0 0
98.4986626047385 137.842453507594 0 0
98.2043001201444 137.784568037367 0 0
97.9099376469002 137.726682509423 0 0
97.6155751737162 137.668796981173 0 0
97.3212128051674 137.610910920827 0 0
97.0268503606513 137.553025246794 0 0
96.7324878787439 137.495139762905 0 0
96.4381254963998 137.437253772711 0 0
96.1437630371721 137.379368173489 0 0
95.8494005465406 137.321482733964 0 0
95.5550381165642 137.263596985993 0 0
95.260675620117 137.205711576042 0 0
94.9663132515683 137.147825515696 0 0
94.6719508199514 137.089939776068 0 0
94.3775882879143 137.032054547102 0 0
94.0832259193655 136.974168486756 0 0
93.7888635068367 136.91628265006 0 0
93.494500992942 136.858397328833 0 0
93.2001385862287 136.800511462564 0 0
92.9057760595853 136.742626206168 0 0
92.6114136607387 136.684740299893 0 0
92.3170512627495 136.626854389259 0 0
92.0226887343152 136.568969141971 0 0
91.7283263657664 136.511083081625 0 0
91.4339639765006 136.45319712663 0 0
91.1396014358407 136.395311941512 0 0
90.8452390335631 136.337426052684 0 0
90.5508766530214 136.279540053325 0 0
90.2565141071396 136.221654894762 0 0
89.9621517324135 136.163768865829 0 0
89.667789180716 136.10588373684 0 0
89.3734269979664 136.04799673576 0 0
89.0792751829021 135.989089181651 0 0
88.7870481607238 135.921252624538 0 0
88.4953173461243 135.851301739543 0 0
88.2036522059433 135.781078778774 0 0
87.9123158004926 135.70950295284 0 0
87.6211815030087 135.637129881705 0 0
87.3313024016349 135.559904845276 0 0
87.043100072087 135.4766452215 1 0
86.756699682794 135.387387791695 1 0
86.472225913457 135.292170953707 1 0
86.189802511331 135.191036008215 1 0
85.9095521259135 135.084027436377 1 0
85.6315967547491 134.971191447912 1 0
85.3560573302653 134.852576991776 1 0
85.0830537345937 134.728235556317 1 0
84.8127046019429 134.598221423746 1 0
84.5451275286719 134.4625910945 1 0
84.2804389031279 134.321403505747 1 0
84.0187538011708 134.174720117648 1 0
83.7601859647651 134.022604811856 1 0
83.5048482708933 133.865123020008 1 0
83.2529684557547 133.702166600936 1 0
83.0045954751928 133.533916550726 1 0
82.7597905479691 133.360519966845 1 0
82.5186611672886 133.182050796601 1 0
82.2813111277745 132.998588129354 1 0
82.0478389569871 132.810217346766 0 0
81.8170441296096 132.618556845735 0 0
81.5862521956258 132.426892860644 0 0
81.3554728176186 132.235213757809 0 0
81.1247218040551 132.043500511183 0 0
80.8940213970135 131.851726373307 0 0
80.6634006276862 131.65985648019 0 0
80.4328932265519 131.467850414876 0 0
80.2025285815306 131.275673106241 0 0
79.9724815743672 131.083115874175 0 0
79.7427294777555 130.89020671288 0 0
79.5131324258539 130.697112987239 0 0
79.2837813956646 130.503727215295 0 0
79.0547664416898 130.30994360682 0 0
78.8261334480143 130.115709548299 0 0
78.5979293404886 129.920971841102 0 0
78.3702954487839 129.725568227492 0 0
78.1400576688724 129.533274675215 0 0
77.9108272621896 129.339778385961 0 0
77.683378139869 129.144159130471 0 0
77.4560181194207 128.948436329003 0 0
77.2287569917791 128.752598708782 0 0
77.0015967933216 128.556644026447 0 0
76.7745394827587 128.360570134836 0 0
76.5475865689919 128.164375414711 0 0
76.3207399689222 127.968057780504 0 0
76.0940015840055 127.771615171273 0 0
75.867373181592 127.575045687817 0 0
75.6408847103205 127.37831504825 0 0
75.414508037254 127.181457010621 0 0
75.1865596139772 126.986420380082 0 0
74.9573518446838 126.792864854621 0 0
74.7288792295267 126.598441957066 0 0
74.5002464356389 126.404207445305 0 0
74.2714561209543 126.210158504195 0 0
74.0425147963334 126.016287752277 0 0
73.8134264283755 125.822590778988 0 0
73.5841949257012 125.629063221659 0 0
73.3548235040105 125.435701519629 0 0
73.1253167655887 125.242500448759 0 0
72.8956776203336 125.049456775879 0 0
72.6659107579503 124.856565133396 0 0
72.433338113351 124.667070970534 0 0
72.1801614625047 124.512192347077 0 0
71.9468312069597 124.323637156595 0 0
71.712128701202 124.136782396173 0 0
71.4771977980833 123.950214864235 0 0
71.2420570102156 123.763911914267 0 0
71.0067242673659 123.577851480771 0 0
70.7712170860429 123.392011879051 0 0
70.535552873602 123.206371437125 0 0
70.2997416274484 123.020917795904 0 0
70.0639096826609 122.835490852246 0 0
69.8278294221363 122.650399940948 0 0
69.5875419615158 122.470793185637 0 0
69.3474995818886 122.290861265531 0 0
69.1083217076185 122.109770287421 1 0
68.8690794036515 121.928764432752 1 0
68.6298025889715 121.747804200162 1 0
68.3905095594444 121.566865409492 1 0
68.1512109165897 121.385934042598 1 0
67.9108048385212 121.206478774093 1 0
67.6681999806607 121.030005371112 1 0
67.4226018105603 120.857751271524 1 0
67.172739315082 120.691728332704 1 0
66.9192216246514 120.53134561292 1 0
66.6623418123149 120.376408827367 1 0
66.4022136966935 120.22698767399 1 0
66.1389258092185 120.08319979655 1 0
65.8722122716813 119.945870399603 1 0
65.6026326249819 119.814265089457 1 0
65.3303074056666 119.688441162941 1 0
65.0553572834743 119.568455605358 1 0
64.7777423145765 119.454768867053 1 0
64.4975756690482 119.3475262234 1 0
64.2151872184799 119.24628641264 1 0
63.9307026997218 119.151094073508 1 0
63.6442485803639 119.061991789752 1 0
63.3557327501198 118.979810256991 1 0
63.0654943098248 118.903947702855 1 0
62.7737048503076 118.8342946983 1 0
62.480494035874 118.770882861135 1 0
62.1859505652222 118.713969474034 1 0
61.8901366286388 118.664079284844 1 0
61.5933289881904 118.620511583515 1 0
61.2956596406455 118.583285713958 1 0
60.9972607876443 118.552420137462 1 0
60.6982210516748 118.52854591922 1 0
60.398736073962 118.511085976508 1 0
60.0990007631678 118.498630232719 1 0
59.7990975153029 118.491460035894 1 0
59.4991067932903 118.4904486963 1 0
59.1991707498363 118.496272124799 1 0
58.8994267924131 118.508426999994 1 0
58.5999958038316 118.526709361047 1 0
58.3010002991679 118.55111108151 1 0
58.0025626232438 118.581622118321 1 0
57.7049176743546 118.619084771826 1 0
57.4081100933302 118.662663968825 1 0
57.1122569045335 118.712303011091 1 0
56.8174794353068 118.767983125891 1 0
56.523924379061 118.829798586037 1 0
56.231871633038 118.898361612684 1 0
55.9412854734322 118.972882173927 1 0
55.6522847905884 119.053329635186 1 0
55.3648711221829 119.139288290478 1 0
55.0778410908979 119.22654515918 1 0
54.7908151175735 119.313815374932 1 0
54.5037987159197 119.401117063194 1 0
54.2168004439871 119.488478329358 0 0
53.9298315944432 119.575936190321 0 0
53.6429085022347 119.663544041478 0 0
53.3560534043804 119.751374244591 0 0
53.0707203780635 119.843814324969 0 0
52.7873554312858 119.942220718082 0 0
52.4970442755979 120.012989457617 0 0
52.2151963078723 120.113932911007 0 0
51.9347105963456 120.220364880169 0 0
51.6542960834142 120.326984288943 0 0
51.373956764028 120.433801242243 0 0
51.0936972813693 120.540827480692 0 0
50.8135233327179 120.648077420433 0 0
50.5334401433018 120.75556414464 0 0
50.2534527590986 120.863300168767 0 0
49.9735673059936 120.971300709259 0 0
49.6937893054235 121.079579292097 0 0
49.4141241064394 121.18814887738 0 0
49.1345775745244 121.297023630901 0 0
48.8551556235989 121.406217706222 0 0
48.5758639509697 121.515744558702 0 0
48.2967085407124 121.625618230984 0 0
48.01769540047 121.735852670085 0 0
47.7388304369109 121.846461411398 0 0
47.4601195007765 121.957457684839 0 0
47.1815688306681 122.068855535471 0 0
46.9031838783488 122.180666865704 0 0
46.6249709078305 122.292905438803 0 0
46.3469361308174 122.40558470823 0 0
46.0690851589399 122.518716465703 0 0
45.791424038659 122.632313401789 0 0
45.5147309494082 122.748117156835 0 0
45.244367048802 122.878130084073 0 0
44.9753256978212 123.010852970026 0 0
44.7007822581912 123.131101258205 0 0
44.4259708931751 123.25113362055 0 0
44.1534326657951 123.376524318773 0 0
43.8806666215308 123.501418702186 0 0
43.6076871052006 123.625845854135 0 0
43.3345085304066 123.749835407455 0 0
43.0611452649454 123.873417274922 0 0
42.7876115679603 123.99662148848 0 0
42.5139213019529 124.119477530765 0 0
42.2400879836147 124.24201441931 0 0
41.9661252175091 124.364261640693 0 0
41.692045725566 124.486246953745 0 0
41.4178620927192 124.607998025912 0 0
41.1435865303469 124.729541872144 0 0
40.869230117532 124.850903117024 0 0
40.5948040277156 124.97210673086 0 0
40.3203184309846 125.093175527045 0 0
40.0457828268537 125.214130888116 0 0
39.7712060519189 125.334992763426 0 0
39.4965964560262 125.455780050437 0 0
39.2219611567662 125.576508885924 0 0
38.9473064553449 125.697193576768 0 0
38.6726379595291 125.81784687027 0 0
38.3979605010038 125.93847975844 0 0
38.123277447848 126.059099907178 0 0
37.8485917214851 126.179713968258 1 0
37.5739051136134 126.300326021782 1 0
37.2986753497201 126.419688763355 1 0
37.0221787746982 126.536078595448 1 0
36.7453371889198 126.651658307134 1 0
36.4529512968002 126.717551973158 1 0
36.1578417795609 126.771472886154 1 0
35.862061908612 126.821606709771 1 0
35.5656810377926 126.86805213009 1 0
35.2687452111795 126.910802588478 1 0
34.9713003748634 126.949850924488 1 0
34.6733927703679 126.985192120648 1 0
34.3750684179227 127.016819459868 1 0
34.0763736564428 127.044728852627 1 0
33.777354697963 127.068915133514 1 0
33.478058016571 127.089375992658 1 0
33.1785299032283 127.106106965443 1 0
32.8788168183471 127.119105915931 1 0
32.5789652134076 127.128370628604 1 0
32.2790215694436 127.133899824682 1 0
31.9790323865086 127.135693019461 1 0
31.6790441624761 127.133749109949 1 0
31.3791033824792 127.12806921621 1 0
31.079256542512 127.118654268034 1 0
30.7795501623893 127.1055044271 0 0
30.4800306188402 127.088623358925 0 0
30.1807444204995 127.068012495384 0 0
29.8817031674176 127.044088273146 0 0
29.5827353682051 127.019223538401 0 0
29.2837677841164 126.994356217232 0 0
28.9848007587924 126.96948217938 0 0
28.6858347805413 126.944595560084 0 0
28.3868706149576 126.919687175455 0 0
28.0880236580353 126.893415439768 0 0
27.7891500353025 126.867444391976 0 0
27.4903029169224 126.84116975566 0 0
27.191482363393 126.814594129403 0 0
26.8926321679369 126.788355409924 0 0
26.5938563660105 126.76128879533 0 0
26.2951159717105 126.733826515503 0 0
25.996375539044 126.706364653039 0 0
25.6976351430052 126.678902392127 0 0
25.3988947742305 126.651439834628 0 0
25.1001543441721 126.623977943791 0 0
24.8014139455252 126.596515711252 0 0
24.5026735172056 126.5690538015 0 0
24.2039331168199 126.541591587875 0 0
23.905192690239 126.514129659209 0 0
23.6064522881146 126.486667464498 0 0
23.3077119193399 126.459204907 0 0
23.0089714953672 126.431742949962 0 0
22.7102310906346 126.404280783623 0 0
22.4114906684007 126.37681880767 0 0
22.1127502619294 126.349356660246 0 0
21.8140098931546 126.321894102748 0 0
21.5152694735288 126.294432098423 0 0
21.2165290644494 126.266969979371 0 0
20.9177886465623 126.239507956132 0 0
20.6190482357441 126.212045855994 0 0
20.3203078195957 126.18458381384 0 0
20.0215674070388 126.157121732618 0 0
19.7228270382641 126.129659175119 0 0
19.4240866247239 126.102197104593 0 0
19.1253462055235 126.074735095639 0 0
18.8266057893778 126.047273053456 0 0
18.5278485002193 126.019995901461 0 0
18.2290517647072 125.993154580234 0 0
17.9301690925143 125.967296530558 0 0
17.6312296984144 125.942092597645 1 0
17.3328242737294 125.911415440146 1 0
17.0361400445827 125.868241438982 1 0
16.7421534687654 125.808719290892 1 0
16.4505483484333 125.738451863837 1 0
16.1617170881051 125.657533894674 1 0
15.8760484769501 125.566073846494 1 0
15.5939269995042 125.464194721247 1 0
15.3157321340836 125.352034075614 1 0
15.0418382949986 125.229742743032 1 0
14.7726144248154 125.097484517185 1 0
14.508422477752 124.955438067521 1 0
14.2496182168379 124.803794137624 1 0
13.9965502710864 124.642756234054 1 0
13.749558641934 124.472541920111 1 0
13.5089762030661 124.293379556642 1 0
13.2751266187142 124.105510343584 1 0
13.0483251265781 123.909186464851 1 0
12.8288760038513 123.704673139935 1 0
12.6170763430244 123.49224373217 1 0
12.4132102225907 123.272185069915 1 0
12.2175517619558 123.044793462036 1 0
12.0303655371226 122.810373817594 1 0
11.8519031563978 122.569241852956 1 0
11.6824045951038 122.321722181661 1 0
11.5221542248912 122.068113673368 1 0
11.3714195555698 121.808735794179 1 0
11.235168749215 121.542200960559 1 0
11.147539623779 121.255284358782 1 0
11.0597267510097 120.968423945338 1 0
10.9721521050254 120.681490721591 1 0
10.8893338975864 120.393151801181 1 0
10.8148536676356 120.102550818922 1 0
10.7490008893368 119.809872093474 1 0
10.6918353717404 119.515371228224 1 0
10.6435453367048 119.219285448173 1 0
10.6040437868964 118.921901559205 1 0
10.5733558911024 118.623481370012 1 0
10.5515101958094 118.324285822195 1 0
10.5385241320874 118.024576849616 1 0
10.5344096601066 117.724616657265 1 0
10.5391708245949 117.424667718024 1 0
10.5528045339956 117.124992657142 1 0
10.579211851145 116.826440684277 1 0
10.6359544254809 116.531861264059 0 0
10.6873221271228 116.236303307917 0 0
10.7368136568166 115.940413843931 0 0
10.7863686220605 115.644534975294 0 0
10.8359056650464 115.348653104656 0 0
10.8854429439183 115.052771273511 0 0
10.9349800915479 114.756889420393 0 0
10.9845174286349 114.461007598994 0 0
11.034054479952 114.165125729752 0 0
11.0835917504926 113.869243897212 0 0
11.1331288059771 113.573362028667 0 0
11.1826660723504 113.277480195429 0 0
11.2322031320021 112.981598327582 0 0
11.2817403942081 112.685716493646 0 0
11.3312774580271 112.389834626497 0 0
11.3808147160659 112.093952791864 0 0
11.4303517840521 111.798070925412 0 0
11.4798890379236 111.502189090081 0 0
11.5294261100771 111.206307224327 0 0
11.5789633597814 110.910425388299 0 0
11.6285004361021 110.614543523242 0 0
11.6780376816392 110.318661686516 0 0
11.7275748570227 110.022779838045 0 0
11.7771116016281 109.726897917451 0 0
11.8266488409177 109.431016079679 0 0
11.8761859276531 109.135134216367 0 0
11.9257231627755 108.839252377897 0 0
11.9752602536781 108.543370515282 0 0
12.0247974846332 108.247488676114 0 0
12.0743345797031 107.951606814197 0 0
12.123871806491 107.655724974332 0 0
12.1734089057281 107.359843113112 0 0
12.2229461283487 107.063961272549 0 0
12.2724832317532 106.768079412027 0 0
12.3220204502065 106.472197570766 0 0
12.3715575577782 106.176315710942 0 0
12.4210947720642 105.880433868984 0 0
12.4706318838032 105.584552009857 0 0
12.5201691832384 105.288670182155 0 0
12.5697063726837 104.992788336038 0 0
12.6192435786385 104.696906492685 0 0
12.6687806987088 104.401024634953 0 0
12.7183179004962 104.105142790902 0 0
12.7678550247338 103.809260933868 0 0
12.817392222354 103.51337908912 0 0
12.8669293507588 103.217497232783 0 0
12.9164665442117 102.921615387337 0 0
12.9660036767838 102.625733531698 0 0
13.0155408660695 102.329851685555 0 0
13.0650780028088 102.033969830613 0 0
13.1146151879273 101.738087983772 0 0
13.1641523288338 101.442206129528 0 0
13.213689509785 101.146324281989 0 0
13.2632266548588 100.850442428444 0 0
13.3127639153781 100.554560594226 0 0
13.3623011437394 100.258678754625 0 0
13.4118383163593 99.9627969056906 0 0
13.4613754697644 99.6669150535396 0 0
13.5109121464097 99.3710331215686 0 0
13.560449312779 99.0751512715881 0 0
13.6099864724347 98.7792694204837 0 0
13.6595236346367 98.4833875698055 0 0
13.7090607984597 98.1875057193987 0 0
13.7585979564945 97.8916238680229 0 0
13.8081351244848 97.5957420183138 0 0
13.8576722783522 97.2998601662403 0 0
13.9072094505098 97.0039783172289 0 0
13.95674660021 96.7080964644576 0 0
14.0062837765348 96.4122146161439 0 0
14.0558209220677 96.116332762675 0 0
14.1053581807126 95.8204509281434 0 0
14.1548954067843 95.5245690881584 0 0
14.2044325914404 95.2286872412395 0 0
14.2539697286421 94.9328053863757 0 0
14.3035069174655 94.6369235401546 0 0
14.3530440504998 94.3410416845931 0 0
14.4025812434905 94.0451598390697 0 0
14.4521183723576 93.7492779828105 0 0
14.5016555695155 93.4533961379847 0 0
14.5511926942153 93.1575142810279 0 0
14.6007298955405 92.8616324368998 0 0
14.6502670160731 92.5657505792453 0 0
14.6998042215655 92.2698687358149 0 0
14.7493413379309 91.9739868774626 0 0
14.7988785475905 91.67810503473 0 0
14.8484156597886 91.38222317568 0 0
14.8979529461874 91.0863413457951 0 0
14.9474901445052 90.7904595011633 0 0
14.9970273624962 90.4945776598255 0 0
15.046564466363 90.1986957993807 0 0
15.0961016885212 89.9028139587406 0 0
15.1456383651665 89.6069320267695 0 0
15.1951754627827 89.3110501652782 0 0
15.2447126911915 89.0151683256845 0 0
15.2942497846404 88.7192864634956 0 0
15.3437870172166 88.4234046245996 0 0
15.3933241064982 88.127522761713 0 0
15.4428613432416 87.8316409235147 0 0
15.4923984283559 87.5357590599303 0 0
15.5419356692666 87.2398772224298 0 0
15.5914727502137 86.9439953581477 0 0
15.6410099952916 86.6481135213449 0 0
15.6905470720714 86.3522316563651 0 0
15.7400843879587 86.0563498314172 0 0
15.789621556788 85.7604679818485 0 0
15.8391588101973 85.4645861464404 0 0
15.8886958786458 85.1687042800659 0 0
15.9382331362223 84.8728224453555 0 0
15.9877702005035 84.5769405782832 0 0
16.0373074622473 84.2810587442706 0 0
16.0868445223613 83.9851768765006 0 0
16.1363817882723 83.6892950431857 0 0
16.185918844219 83.393413174718 0 0
16.2354561142973 83.0975313421007 0 0
16.2849931660768 82.8016494729354 0 0
16.3345304403223 82.5057676410158 0 0
16.3840674879346 82.2098857711528 0 0
16.4336047663473 81.9140039399309 0 0
16.4831418097923 81.6181220693702 0 0
16.5326791534335 81.3222402490689 0 0
16.5822162945089 81.0263583948535 0 0
16.631753581253 80.7304765650264 0 0
16.6812906163666 80.4345946930709 0 0
16.730827907278 80.1387128639415 0 0
16.7803645839233 79.8428309319704 0 0
16.8299016127864 79.5469490589684 0 0
16.8794389099483 79.2510672308855 0 0
16.9289759346441 78.9551853571857 0 0
16.9785132359734 78.6593035298005 0 0
17.0280502565019 78.3634216554031 0 0
17.0775875619984 78.0675398287156 0 0
17.1271245783596 77.7716579536205 0 0
17.1766618880234 77.4757761276307 0 0
17.2261989002174 77.1798942518379 0 0
17.2757362140484 76.8840124265458 0 0
17.3252732775564 76.5881305593442 0 0
17.3748107029289 76.2922487527268 0 0
17.4243477067916 75.9963668755392 0 0
17.473885028954 75.7004850516419 0 0
17.5234220286494 75.4046031737566 0 0
17.572959354979 75.108721350557 0 0
17.6224963505071 74.812839471974 0 0
17.672033681004 74.5169576494721 0 0
17.7215706723649 74.2210757701913 0 0
17.771108007029 73.9251939483871 0 0
17.8206449942227 73.6293120684087 0 0
17.870182333054 73.3334302473022 0 0
17.9197193160804 73.0375483666261 0 0
17.969256659079 72.7416665462173 0 0
18.0187936379382 72.4457846648435 0 0
18.068330985104 72.1499028451324 0 0
18.1178680096961 71.8540209714154 0 0
18.1674054739846 71.5581391713134 0 0
18.2169424445124 71.2622572885447 0 0
18.2664798000096 70.9663754702285 0 0
18.3160167663702 70.6704935867621 0 0
18.3655541260346 70.3746117691436 0 0
18.4150908026799 70.0787298371725 0 0
18.4646277627899 69.7828479526597 0 0
18.5141651287049 69.4869661360876 0 0
18.5637020846476 69.191084250877 0 0
18.61323945473 68.8952024350026 0 0
18.6627764065054 68.5993205490944 0 0
18.712313780755 68.3034387339177 0 0
18.7618507283631 68.0075568473118 0 0
18.81138810678 67.7116750328328 0 0
18.8609250502209 67.4157931455292 0 0
18.9104624771233 67.1199113391676 0 0
18.9599995349375 66.8240294710125 0 0
19.0095369216857 66.5281476579283 0 0
19.0590738567952 66.2322657692299 0 0
19.1086112477107 65.9363839568434 0 0
19.158148178653 65.6405020674472 0 0
19.2076855737357 65.3446202557585 0 0
19.2572225005107 65.0487383656646 0 0
19.3067598997607 64.7528565546735 0 0
19.3562968223685 64.456974663882 0 0
19.4058342257857 64.1610928535886 0 0
19.4553711442263 63.8652109620994 0 0
19.5049085518107 63.5693291525037 0 0
19.554445466084 63.2734472603168 0 0
19.6039828778357 62.9775654514188 0 0
19.6535197879418 62.6816835585342 0 0
19.7030572425981 62.3858017568193 0 0
19.7525942726583 62.0899198840175 0 0
19.8021316927414 61.7940380765143 0 0
19.8516685945161 61.4981561822349 0 0
19.9012060187664 61.2022743754294 0 0
19.9507429163739 60.9063924804523 0 0
20.0002803447914 60.6105106743445 0 0
20.0498172382316 60.3146287786697 0 0
20.0993546708164 60.0187469732596 0 0
20.1488913474617 59.7228650412885 0 0
20.1984282346513 59.4269831445672 0 0
20.2479656734868 59.1311013402036 0 0
20.2975025565091 58.8352194427846 0 0
20.3470399995118 58.5393376391187 0 0
20.3965768783668 58.243455741002 0 0
20.4461143255368 57.9475739380338 0 0
20.4956512002246 57.6516920392194 0 0
20.5451886843694 57.3558102424415 0 0
20.5947256849412 57.0599283647027 0 0
20.6442631404424 56.7640465631293 0 0
20.6938000067989 56.4681646629201 0 0
20.7433374664674 56.1722828620444 0 0
20.7928743286567 55.8764009611375 0 0
20.8424117924925 55.5805191609595 0 0
20.8919486505144 55.2846372593549 0 0
20.9414861185175 54.9887554598746 0 0
20.9910693268242 54.6928813388597 0 0
21.0441608224796 54.3976673416379 0 0
21.106594035003 54.1042365453266 0 0
21.1698568569347 53.8109827124918 0 0
21.2333199418381 53.5177722011184 1 0
21.297219619215 53.2246565868505 1 0
21.3636882406616 52.9321282083368 1 0
21.4377784510766 52.6414536774782 1 0
21.5210020403418 52.3532620149045 1 0
21.6132767884918 52.0678387957317 1 0
21.7145116300372 51.7854669789077 1 0
21.8246059558322 51.5064262127751 1 0
21.9434501283068 51.2309927254974 1 0
22.0709286183628 50.9594403889139 1 0
22.2070940015655 50.6921329714474 1 0
22.352022333735 50.4294755345541 1 0
22.5051616425126 50.1715273325115 1 0
22.6663594644479 49.9185434921455 1 0
22.8354560663801 49.6707746517752 1 0
23.012283994562 49.4284663321879 1 0
23.1966674571889 49.1918582092529 1 0
23.388424168283 48.9611849846032 1 0
23.5873642920933 48.7366753796656 1 0
23.793290561971 48.518551683794 1 0
24.0059992717617 48.3070303436936 1 0
24.2252793372873 48.1023205594887 1 0
24.4509141145478 47.9046257916298 1 0
24.6830608737164 47.7146194759543 1 0
24.9211108414358 47.5320745345198 1 0
25.164796328303 47.3571341615902 1 0
25.4129310999851 47.1885300412767 1 0
25.6805439296876 47.0568730147127 1 0
25.9643070192405 46.9597475402148 1 0
26.2509803995818 46.8713506971436 1 0
26.5396197698158 46.7895935390004 1 0
26.8301424576362 46.7147995513768 1 0
27.1223560867849 46.6469203839768 1 0
27.4160672741427 46.585860856525 1 0
27.7111173797357 46.5316540443428 1 0
28.0073468213795 46.4843280939771 1 0
28.3045956603821 46.4439089133591 1 0
28.6027034040836 46.4104188890407 1 0
28.9015089889374 46.3838758140945 1 0
29.2008509461641 46.3642933206376 1 0
29.5005676310823 46.3516825978321 1 0
29.800497150647 46.3460505770485 1 0
30.1004774863234 46.347399923355 1 0
30.4003465944107 46.3557302961924 0 0
30.70014162102 46.3668093087017 0 0
30.9999273063781 46.3781469820717 0 0
31.2996778762987 46.3903730591156 0 0
31.599449527578 46.4020727933553 0 0
31.8991976265018 46.4143618806901 0 0
32.1987539546729 46.4306198712038 0 0
32.4985012292225 46.4422311673489 0 0
32.7982658707375 46.4539134566167 0 0
33.0979808595399 46.4669873040616 0 0
33.3976958643985 46.4800607834143 0 0
33.6974108556244 46.4931345752975 0 0
33.9971258599585 46.506208066676 0 0
34.2968408511112 46.5192818602399 0 0
34.5965558536195 46.5323553934736 0 0
34.8962708470933 46.5454291338262 0 0
35.1959858491796 46.5585026767353 0 0
35.4957008426825 46.5715764164181 0 0
35.7954158439096 46.5846499790251 0 0
36.0951308394177 46.5977236727377 0 0
36.3948458384005 46.6107972867945 0 0
36.6945608342537 46.6238709725964 0 0
36.9942758330279 46.6369445914346 0 0
37.2939908309889 46.6500182289159 0 0
37.5937058276214 46.6630918968538 0 0
37.8934208471102 46.6761650408073 0 0
38.1931358469108 46.6892386361144 0 0
38.4928508417806 46.7023123444638 0 0
38.7925658417469 46.7153859359731 0 0
39.0922808362286 46.7284596532168 0 0
39.3919958384821 46.7415331922927 0 0
39.6917108310014 46.7546069545231 0 0
39.9914258340284 46.7676804758682 0 0
40.2911408265615 46.7807542377848 0 0
40.5908558300534 46.7938277484709 0 0
40.8905708202225 46.8069015645824 0 0
41.1902858254972 46.8199750343968 0 0
41.4900008157826 46.8330488478441 0 0
41.7897158216247 46.8461223046492 0 0
42.0894308099743 46.8591961624726 0 0
42.3891458183599 46.8722695609688 0 0
42.6888608050034 46.8853434579033 0 0
42.9885758236026 46.8984166222516 0 0
43.288290832811 46.9114900018868 0 0
43.5880058191627 46.9245639055134 0 0
43.887720829118 46.9376372680259 0 0
44.1874358128236 46.9507112323109 0 0
44.4871508242798 46.9637845604154 0 0
44.7868658083837 46.9768585155726 0 0
45.0865808206893 46.9899318242042 0 0
45.3862958022936 47.0030058366643 0 0
45.6860108174244 47.0160790805238 0 0
45.9857257976047 47.0291531256319 0 0
46.2854408122605 47.0422263803824 0 0
46.585155791412 47.0553004490738 0 0
46.8848708089957 47.068373636702 0 0
47.1845857868255 47.0814477356912 0 0
47.4843008039012 47.0945209349676 0 0
47.7840157823856 47.1075950189529 0 0
48.0837308009848 47.1206681833012 0 0
48.383445819584 47.1337413476495 0 0
48.683160795403 47.1468154927389 0 0
48.9828758150853 47.1598886322561 0 0
49.2825907921382 47.1729627490585 0 0
49.5823058088049 47.1860359577087 0 0
49.8820207887379 47.1991100084859 0 0
50.181735804365 47.2121832409705 0 0
50.4814507837095 47.2252573052367 0 0
50.781165798026 47.238330567768 0 0
51.0808807802068 47.2514045670145 0 0
51.3805957935861 47.2644778510297 0 0
51.6803107752809 47.277551861415 0 0
51.980025788831 47.2906251415119 0 0
52.2797407720161 47.3036991177346 0 0
52.579455782807 47.316772461089 0 0
52.8791707668521 47.3298464175932 0 0
53.1788857779494 47.3429197539214 0 0
53.4786007635873 47.3559936739128 0 0
53.7783157720279 47.3690670711483 0 0
54.0780307906271 47.3821402354966 0 0
54.3777457789893 47.3952140930331 0 0
54.6774607861871 47.4082875187583 0 0
54.9771757743454 47.42136138097 0 0
55.2768907811502 47.4344348157036 0 0
55.5766057710805 47.4475086372896 0 0
55.8763207754081 47.4605821288176 0 0
56.1760357659165 47.4736559371482 0 0
56.4757507702686 47.4867294281131 0 0
56.7754657626517 47.4998031934678 0 0
57.075180764629 47.5128767388768 0 0
57.3748957586107 47.5259504675852 0 0
57.674610760189 47.5390240221386 0 0
57.9743257542231 47.5520977496461 0 0
58.27404075385 47.5651713489361 0 0
58.5737557500795 47.5782450261138 0 0
58.8734707494101 47.5913186321978 0 0
59.1731857680092 47.6043917965461 0 0
59.4729007659246 47.6174654350752 0 0
59.7726157635693 47.6305390798078 0 0
60.0723307617165 47.6436127130228 0 0
60.3720457572303 47.6566864066054 0 0
60.6716598903163 47.6717380438587 1 0
60.9712459981783 47.6871775260318 1 0
61.2703443551315 47.6820414064528 1 0
61.5689358637336 47.655118167216 1 0
61.8686534992369 47.6421052374764 1 0
62.1683671445082 47.6290006507941 1 0
62.4680788384223 47.6158514873205 1 0
62.7677649148179 47.6021471685847 1 0
63.0671841303944 47.583749228902 1 0
63.3660209323112 47.5574994473268 1 0
63.6639533680529 47.5224431650626 1 0
63.9608838270045 47.4797550137285 1 0
64.2566225212546 47.4294612887059 1 0
64.5508855869253 47.3711436908754 1 0
64.8433633486541 47.3044461610032 1 0
65.1340302481592 47.2302665246787 1 0
65.4227006202109 47.148652259448 1 0
65.7089601303411 47.0589469283261 1 0
65.9926330791438 46.9613725986319 1 0
66.2737070432081 46.856552108072 1 0
66.5520023624802 46.7445521551912 1 0
66.8269215457254 46.6245042365362 1 0
67.098540161564 46.4971705528003 1 0
67.3668013323719 46.3629093757547 1 0
67.6315341451854 46.2218073619145 1 0
67.8919083700112 46.0728158349194 1 0
68.1483611978439 45.9171813170547 1 0
68.4007369532664 45.7550179210158 1 0
68.6487197515327 45.5862082985534 1 0
68.8916683287054 45.4102300022953 1 0
69.1300179080669 45.2280778447679 1 0
69.3636166816082 45.0398688353885 1 0
69.590798774543 44.8440555495708 1 0
69.8107145259576 44.6400039328911 1 0
70.0301864332417 44.4354778705864 1 0
70.2460861063947 44.2272098087328 1 0
70.4560718246793 44.0129750834431 1 0
70.6591139234138 43.7921495203904 1 0
70.8556069938486 43.565479646279 1 0
71.0456759256981 43.3333961234855 1 0
71.2287695320112 43.0957695166472 1 0
71.4042954880659 42.8524985299199 1 0
71.572938478036 42.604410185153 1 0
71.7345701442376 42.3516920912422 1 0
71.8878653989852 42.0938326488725 1 0
72.033742814001 41.8317100205482 1 0
72.1722229272278 41.5656035791014 1 0
72.3057311375688 41.2969511016934 1 0
72.4388356547824 41.0280957737882 1 0
72.5718930942801 40.7592171453752 1 0
72.7048475495482 40.4902875809166 1 0
72.8500240121891 40.2293573494712 1 0
72.9800883616368 39.9605803483998 0 0
73.0817869025476 39.6783487898874 0 0
73.1816610382373 39.3954616091597 0 0
73.2815349865241 39.112574362269 0 0
73.3814091576814 38.8296871940633 0 0
73.4812830705005 38.5467999346507 0 0
73.5811572771255 38.2639127789669 0 0
73.681031154477 37.9810255070323 0 0
73.7809053965695 37.6981383638705 0 0
73.880779011707 37.4152509993605 0 0
73.9806528358577 37.1323637086432 0 0
74.0805271311511 36.8494765842641 0 0
74.1804009198341 36.5665892810248 0 0
74.2802752505952 36.2837021691677 0 0
74.3801490038106 36.0008148534065 0 0
74.4800233700393 35.7179277540713 0 0
74.5798970877871 35.4350404257881 0 0
74.6797714894834 35.1521533389748 0 0
74.7796451046208 34.869265974465 0 0
74.8795187691677 34.5863786273991 0 0
74.9793932240649 34.3034915593685 0 0
75.0792668531442 34.0206041997808 0 0
75.1791413397164 33.7377171429331 0 0
75.2790149586465 33.4548297797622 0 0
75.3788894236929 33.1719427153148 0 0
75.4787630780905 32.8890553646658 0 0
75.5786375076694 32.6061682876965 0 0
75.6785111975346 32.3232809495693 0 0
75.7783855916458 32.0403938600781 0 0
75.8782593169787 31.7575065344729 0 0
75.9781329321162 31.474619169963 0 0
76.0780072730265 31.191732061689 0 0
76.1778810515603 30.9088447548665 0 0
76.277755357003 30.6259576340707 0 0
76.3776291710044 30.3430703397701 0 0
76.4775034409794 30.0601832064523 0 0
76.5773772904485 29.7772959246737 0 0
76.6772515249559 29.4944087788339 0 0
76.7771254098925 29.2115215095773 0 0
76.87699902503 28.9286341450673 0 0
76.9768732063366 28.6457469804448 0 0
77.0767471444741 28.3628597299708 0 0
77.1766212903131 28.0799725528264 0 0
77.2764952639182 27.7970853148744 0 0
77.3763693742895 27.5141981252081 0 0
77.4762433833623 27.231310899778 0 0
77.576117458266 26.9484236975897 0 0
77.6759915028064 26.6655364846815 0 0
77.7758651179439 26.3826491201716 0 0
77.8757391396466 26.0997618992006 0 0
77.975613237388 25.8168747050752 0 0
78.0754872236231 25.5339874715822 0 0
78.175361356832 25.2511002899787 0 0
78.2752353075996 24.9682130439639 0 0
78.3751094762761 24.6853258748823 0 0
78.4749833915761 24.4024386163455 0 0
78.5748575957202 24.1195514597859 0 0
78.6747312108577 23.8366640952759 0 0
78.7746050729567 23.5537768179564 0 0
78.8744793303018 23.2708896801795 0 0
78.9743531569332 22.988002390338 0 0
79.0742274497459 22.705115265083 0 0
79.1741012409097 22.4222279627196 0 0
79.2739755691899 22.1393408499866 0 0
79.373849374511 21.8564535526217 0 0
79.4737240025557 21.5735665457218 0 0
79.5735976176932 21.2906791812118 0 0
79.6734713201912 21.0077918475447 0 0
79.7735786392461 20.7249883468883 0 0
79.8761346045545 20.443063137253 0 0
79.9767287372655 20.1604321845722 0 0
80.0755630312838 19.8771829509992 0 0
80.1802167584248 19.5960289350917 0 0
80.2852834805001 19.3150289829888 0 0
80.3906075916686 19.0341253925459 0 0
80.4960666397322 18.7532724272965 0 0
80.6015782174198 18.4724391904688 0 0
80.7093544319376 18.1924790944562 0 0
80.8244802490413 17.9154880049274 0 0
80.9489519095093 17.6425665220724 1 0
81.082626273753 17.3740278799818 1 0
81.2253498869252 17.110180396358 1 0
81.3769591492118 16.8513271006928 1 0
81.537596370414 16.5979727464777 1 0
81.7070705808226 16.3504469922425 1 0
81.8848518816833 16.1088286538732 1 0
82.070735605231 15.873394717822 1 0
82.26450849698 15.6444155884567 1 0
82.4659475659573 15.4221537334427 1 0
82.6748214278232 15.2068641871154 1 0
82.8908908553862 14.9987947276789 1 0
83.1139075173401 14.7981839367607 1 0
83.3436153686908 14.6052621406739 1 0
83.5797511033943 14.4202512903448 1 0
83.822152985672 14.2435192157605 1 0
84.0707432581406 14.0756062794319 1 0
84.3248881548394 13.9162416987167 1 0
84.5842945183094 13.7656062593294 1 0
84.8478427676988 13.6222949067952 1 0
85.1130379479816 13.4820418545609 1 0
85.3786592309369 13.3425953294746 1 0
85.649323097105 13.2148947036892 1 0
85.9332578828669 13.1180397380212 1 0
86.218014152669 13.0236568552488 1 0
86.5043341796954 12.9341283697304 1 0
86.792135364048 12.8494801713855 1 0
87.0813346719669 12.7697367490011 1 0
87.3718487469097 12.6949214934216 1 0
87.6635935454999 12.6250551492763 1 0
87.9564849829083 12.5601582853567 1 0
88.2504385946266 12.5002498595662 1 0
88.5453695314491 12.4453470392406 1 0
88.8412081994732 12.3955626805422 1 0
89.1378656170983 12.3509198009787 1 0
89.4352377060128 12.3113266747196 1 0
89.7332387137917 12.2767952044363 1 0
90.0317826198369 12.2473351605249 1 0
90.3307831464491 12.2229536899211 1 0
90.6301541490542 12.2036593562246 1 0
90.9298092271548 12.1894576084247 1 0
91.2296618506935 12.1803514117472 1 0
91.5296255343464 12.1763444936535 1 0
91.8296137137825 12.177437745294 1 0
92.1295398149399 12.1836305426994 1 0
92.4293172972562 12.1949212458727 1 0
92.7288596578697 12.2113064548339 1 0
93.0280804607563 12.2327815462299 1 0
93.3269752296223 12.2584542189401 1 0
93.6257545908383 12.2854891333763 1 0
93.9245249013956 12.3126239925885 1 0
94.223293223476 12.3397807545581 1 0
94.5220621532901 12.3669308290799 1 0
94.8198096384498 12.4028888597966 0 0
95.116770114359 12.4454835772567 0 0
95.4136949858147 12.4883277216757 0 0
95.7106197632772 12.5311725174933 0 0
96.0075445846024 12.5740170093313 0 0
96.3044694556681 12.6168611564533 0 0
96.6013943328683 12.6597052610613 0 0
96.8983191000631 12.7025501280355 0 0
97.195243925521 12.7453945912309 0 0
97.4921687891099 12.7882387901697 0 0
97.7890936595256 12.8310829417966 0 0
98.086018444196 12.873927687661 0 0
98.3829432593533 12.9167722222443 0 0
98.679868129379 12.9596163765743 0 0
98.9767929936179 13.0024605710082 0 0
99.2737178633836 13.04530472714 0 0
99.5706426525589 13.0881494417841 0 0
99.8675674638613 13.1309940030828 0 0
100.164492333237 13.1738381619176 0 0
100.461417210437 13.2166822665256 0 0
100.758341991035 13.2595270406133 0 0
101.05526680309 13.3023715966952 0 0
101.352191668369 13.3452157839212 0 0
101.649116537094 13.3880599472609 0 0
101.946041333478 13.4309046119518 0 0
102.242966138612 13.4737492159959 0 0
102.539891006948 13.5165933820386 0 0
102.836815884148 13.5594374866465 0 0
103.133740672994 13.6022822035729 0 0
103.430665476801 13.6451268168162 0 0
103.72759034312 13.6879709968343 0 0
104.024515210805 13.7308151673818 0 0
104.321440014397 13.7736597821195 0 0
104.618364813363 13.8165044289089 0 0
104.915289680659 13.8593486021595 0 0
105.212214547628 13.9021927776727 0 0
105.509139414663 13.9450369527252 0 0
105.80606422276 13.9878815362427 0 0
106.102989017871 14.0307262097473 0 0
106.399913884517 14.0735703875029 0 0
106.696838761717 14.1164144921108 0 0
106.993763563966 14.1592591161507 0 0
107.29068835437 14.2021038222804 0 0
107.58761323157 14.2449479268884 0 0
107.884538099709 14.2877920942926 0 0
108.181462903678 14.3306367064104 0 0
108.478387692622 14.3734814226604 0 0
108.775312558228 14.4163256076238 0 0
109.072237435428 14.4591697122317 0 0
109.369162245925 14.5020142791104 0 0
109.666087028081 14.5448590424014 0 0
109.96301189713 14.5877032034988 0 0
110.259936762085 14.6305473929671 0 0
110.556861584597 14.6733918765781 0 0
110.853786367373 14.7162366355734 0 0
111.150711231939 14.7590808277447 0 0
111.447636109139 14.8019249323527 0 0
111.744560978968 14.8447690880441 0 0
112.04148579296 14.8876136307012 0 0
112.338410571881 14.9304584164119 0 0
112.635335435797 14.9733026130881 0 0
112.932260312997 15.016146717696 0 0
113.229185136897 15.0589911916882 0 0
113.526109905649 15.1018360478657 0 0
113.82303478285 15.1446801524736 0 0
114.119959653719 15.1875243009571 0 0
114.416884473879 15.2303688008689 0 0
114.713809246632 15.2732136293249 0 0
115.010734109507 15.316057833209 0 0
115.307658986708 15.358901937817 0 0
115.604583818856 15.4017463546478 0 0
115.90150857936 15.4445912679866 0 0
116.19843345656 15.4874353725946 0 0
116.49535832847 15.5302795138701 0 0
116.792283154798 15.5731239710367 0 0
117.089207921383 15.6159688422379 0 0
117.386132783218 15.6588130533299 0 0
117.683057660418 15.7016571579379 0 0
117.979982532978 15.7445012947086 0 0
118.276907363161 15.7873457251598 0 0
118.573832125891 15.8301906230764 0 0
118.870756987076 15.8730348386733 0 0
119.167681864276 15.9158789432812 0 0
119.464606709828 15.9587232672256 0 0
119.761531456929 16.0015682734509 0 0
120.058456334129 16.0444123780588 0 0
120.355381207729 16.0872565076216 0 0
120.65230604408 16.1301008953275 0 0
120.949230800642 16.1729458359894 0 0
121.246155660787 16.2157900587942 0 0
121.543080537987 16.2586341634022 0 0
121.840005391786 16.3014784301853 0 0
122.136931571348 16.3443135004064 0 0
122.433874103261 16.387034889855 0 0
122.73084158626 16.4295818238176 0 0
123.027731690773 16.4726661913066 0 0
123.324676246428 16.5153697667997 0 0
123.621957055966 16.5556221484348 0 0
123.918120602467 16.6024212323795 0 0
124.212945117443 16.6578562873488 1 0
124.505968679598 16.7187450569563 1 0
124.788230101763 16.8202779201225 1 0
125.066689136342 16.9318142742358 1 0
125.340991863798 17.0532110723631 1 0
125.610788967139 17.1843144457352 1 0
125.875737036434 17.3249577032551 1 0
126.135499267165 17.4749611891666 1 0
126.389745077364 17.6341340802429 1 0
126.638150880342 17.8022739341579 1 0
126.880400906737 17.9791662983651 1 0
127.116186540072 18.1645865633207 1 0
127.345207701664 18.3582988159921 1 0
127.567173359402 18.5600560557342 1 0
127.78180082939 18.7696018057728 1 0
127.988817010774 18.986669388397 1 0
128.188077748669 19.2108811409653 1 0
128.366900083173 19.4506404560639 1 0
128.523146922545 19.7067391036971 1 0
128.672648814157 19.9668307904816 1 0
128.813695207819 20.2316015309247 1 0
128.94614108927 20.5007759435147 1 0
129.069847864347 20.774075369027 1 0
129.184688705373 21.0512155957316 1 0
129.290543586596 21.331909504109 1 0
129.387303537614 21.6158655834997 1 0
129.474866927828 21.9027896779085 1 0
129.553144625868 22.1923835980372 1 0
129.62205447201 22.4843472015619 1 0
129.68152609206 22.7783773481455 1 0
129.72321099293 23.074415487696 1 0
129.699212658663 23.3734540804435 1 0
129.650903479875 23.6694402176352 1 0
129.606371322532 23.9661154554083 1 0
129.564172417175 24.2631326604447 0 0
129.521444142948 24.5600741985283 0 0
129.478364714242 24.8569650118962 0 0
129.435078980457 25.1538258259706 0 0
129.391970945928 25.4507121966604 0 0
129.350343109652 25.7478068344166 0 0
129.311013795212 26.0452176698374 0 0
129.269797482177 26.3423728533176 0 0
129.226350061657 26.6392084488432 0 0
129.182401829702 26.9359719107527 0 0
129.138446631051 27.2327343418513 0 0
129.094492316329 27.5294969038723 0 0
129.050537212282 27.8262593489831 0 0
129.006582013631 28.1230217800816 0 0
128.96262681498 28.4197842111802 0 0
128.918671616328 28.7165466422788 0 0
128.874716417677 29.0133090733775 0 0
128.830762066082 29.310071629937 0 0
128.786806998908 29.6068340805091 0 0
128.742851800257 29.9035965116077 0 0
128.698896601606 30.2003589427063 0 0
128.654941402954 30.497121373805 0 0
128.610986204303 30.7938838049036 0 0
128.567031815835 31.0906463560016 0 0
128.523076785534 31.3874088120352 0 0
128.479121586883 31.6841712431338 0 0
128.435166388231 31.9809336742325 0 0
128.39121118958 32.2776961053311 0 0
128.347255990929 32.5744585364296 0 0
128.303301680124 32.8712210990306 0 0
128.259346717096 33.1679835650282 0 0
128.215391518445 33.4647459961268 0 0
128.171436319794 33.7615084272254 0 0
128.127481121143 34.0582708583239 0 0
128.083525922491 34.3550332894225 0 0
128.039571460274 34.6517958295973 0 0
127.995616503722 34.9485582965542 0 0
127.951661305071 35.2453207276528 0 0
127.90770610642 35.5420831587514 0 0
127.863750907768 35.83884558985 0 0
127.819795709117 36.1356080209486 0 0
127.775841210027 36.432370555662 0 0
127.731886290348 36.7291330280803 0 0
127.687931091697 37.0258954591788 0 0
127.643975893046 37.3226578902774 0 0
127.600020694394 37.619420321376 0 0
127.556065495743 37.9161827524746 0 0
127.51211095978 38.2129452817266 0 0
127.468156076974 38.5097077596063 0 0
127.424200878323 38.8064701907049 0 0
127.380245679672 39.1032326218035 0 0
127.33629048102 39.399995052902 0 0
127.292335282369 39.6967574840006 0 0
127.248380709533 39.9935200077911 0 0
127.2044258636 40.2902824911322 0 0
127.160470664949 40.5870449222308 0 0
127.116515466298 40.8838073533294 0 0
127.072560267646 41.180569784428 0 0
127.028605068995 41.4773322155266 0 0
126.984650459285 41.7740947338557 0 0
126.940695650226 42.0708572226583 0 0
126.896740451575 42.3676196537568 0 0
126.852785252924 42.6643820848554 0 0
126.808830054272 42.961144515954 0 0
126.764874855621 43.2579069470526 0 0
126.720920209038 43.5546694599203 0 0
126.676965436852 43.8514319541843 0 0
126.63301031815 44.1481943971246 0 0
126.589055184486 44.4449568378487 0 0
126.545099985835 44.7417192689473 0 0
126.501144787183 45.0384817000459 0 0
126.457190103724 45.3352442074517 0 0
126.413235368414 45.6320067071776 0 0
126.369280169763 45.9287691382761 0 0
126.325324971112 46.2255315693747 0 0
126.281369772461 46.5222940004733 0 0
126.237414573809 46.8190564315719 0 0
126.193459853477 47.1158189335163 0 0
126.14950515504 47.4125814387035 0 0
126.105549956389 47.7093438698021 0 0
126.061594757738 48.0061063009007 0 0
126.017639559087 48.3028687319993 0 0
125.973684360435 48.5996311630979 0 0
125.92972960323 48.8963936595808 0 0
125.885774941666 49.1931561702295 0 0
125.841819743015 49.4899186013281 0 0
125.797864544364 49.7866810324267 0 0
125.753909345712 50.0834434635253 0 0
125.709954147061 50.3802058946239 0 0
125.665999352983 50.6769683856454 0 0
125.622044728292 50.9737309017556 0 0
125.578089529641 51.2704933328541 0 0
125.53413433099 51.5672557639527 0 0
125.490179132338 51.8640181950513 0 0
125.446223933687 52.1607806261499 0 0
125.402268735036 52.4575430572485 0 0
125.358313897939 52.7543055418984 0 0
125.314359316267 53.0510680643802 0 0
125.270404117616 53.3478304954788 0 0
125.226448918964 53.6445929265774 0 0
125.182493720313 53.941355357676 0 0
125.138538521662 54.2381177887746 0 0
125.094583647692 54.534880267963 0 0
125.050629102893 54.8316427959063 0 0
125.006673950511 55.1284052338581 0 0
124.962718850527 55.4251676795707 0 0
124.918763651875 55.7219301106693 0 0
124.874808453224 56.0186925417679 0 0
124.830853542378 56.3154550154944 0 0
124.786899034455 56.6122175488995 0 0
124.742943835804 56.9089799799981 0 0
124.698988637153 57.2057424110967 0 0
124.655033438501 57.5025048421953 0 0
124.61107823985 57.7992672732939 0 0
124.567123292131 58.096029741559 0 0
124.523168821081 58.3927922804256 0 0
124.47921362243 58.6895547115242 0 0
124.435258423779 58.9863171426227 0 0
124.391303225127 59.2830795737213 0 0
124.347348026476 59.5798420048199 0 0
124.303393041884 59.8766044676236 0 0
124.259438607707 60.1733670119516 0 0
124.215483409056 60.4701294430502 0 0
124.171528210404 60.7668918741488 0 0
124.127573011753 61.0636543052474 0 0
124.083617813102 61.360416736346 0 0
124.039662791637 61.6571791936883 0 0
123.995708394333 61.9539417434777 0 0
123.951753195682 62.2507041745763 0 0
123.90779799703 62.5474666056749 0 0
123.863842798379 62.8442290367735 0 0
123.819887599728 63.1409914678721 0 0
123.77593254139 63.437753919753 0 0
123.731978180959 63.7345164750037 0 0
123.688022982308 64.0312789061023 0 0
123.644067783656 64.3280413372009 0 0
123.600112585005 64.6248037682995 0 0
123.556157386354 64.9215661993981 0 0
123.512202291142 65.2183286458175 0 0
123.468247967585 65.5150912065297 0 0
123.424292768934 65.8118536376283 0 0
123.380337582873 66.1086160705918 0 0
123.336382516567 66.4053785212928 0 0
123.292427317916 66.7021409523914 0 0
123.248472185828 66.998903393349 0 0
123.204517899147 67.2956659595231 0 0
123.160562700496 67.5924283906217 0 0
123.116607501845 67.8891908217203 0 0
123.072652303193 68.1859532528188 0 0
123.028697104542 68.4827156839175 0 0
122.984741935581 68.7794781194136 0 0
122.940787685773 69.0762406910492 0 0
122.896832487122 69.3730031221478 0 0
122.852877288471 69.6697655532464 0 0
122.808922089819 69.9665279843449 0 0
122.764966891168 70.2632904154436 0 0