122.574336 70.536302 0 0
122.529065662753 70.8328666583219 0 0
122.483795325507 71.1294313166438 0 0
122.438524011075 71.4259958257976 0 0
122.393253673785 71.7225604841128 0 0
122.3479834857 72.0191251652041 0 0
122.302712171326 72.3156896743667 0 0
122.25744183399 72.6122543326748 0 0
122.212171496743 72.9088189909967 0 0
122.166900182401 73.2053835001642 0 0
122.121629845021 73.5019481584658 0 0
122.076359507775 73.7985128167876 0 0
122.031088342625 74.0950773487297 0 0
121.985818005226 74.3916420070283 0 0
121.940547667979 74.6882066653502 0 0
121.895276353728 74.9847711745314 0 0
121.850006016257 75.2813358328192 0 0
121.804735679011 75.5779004911411 0 0
121.759464364802 75.874465000329 0 0
121.714194027289 76.1710296586101 0 0
121.66892383917 76.4675943396962 0 0
121.623652525054 76.7641588488981 0 0
121.578382187494 77.0607235071722 0 0
121.533111850247 77.357288165494 0 0
121.487840536129 77.6538526746957 0 0
121.442570198525 77.9504173329631 0 0
121.397299861279 78.246981991285 0 0
121.352028696318 78.5435465232559 0 0
121.30675835873 78.8401111815256 0 0
121.261488021483 79.1366758398475 0 0
121.216216707455 79.4332403490629 0 0
121.170946369761 79.7298050073165 0 0
121.125676032515 80.0263696656384 0 0
121.08040471853 80.3229341748604 0 0
121.035134380793 80.6194988331074 0 0
120.98986419264 80.9160635141883 0 0
120.944593855473 81.2126281725223 0 0
120.899322541549 81.5091926817536 0 0
120.854052203751 81.8057573399914 0 0
120.808781866504 82.1023219983132 0 0
120.763510552624 82.3988865075512 0 0
120.718240214783 82.6954511657823 0 0
120.672970026614 82.9920158468607 0 0
120.627698712875 83.2885803561203 0 0
120.582428374987 83.5851450143443 0 0
120.537158037741 83.8817096726662 0 0
120.49188672395 84.1782741819179 0 0
120.446616386019 84.4748388401352 0 0
120.401346048772 84.7714034984571 0 0
120.356074735025 85.0679680077154 0 0
120.31080454611 85.3645326886799 0 0
120.265534208977 85.6610973470191 0 0
120.220262895277 85.9576618562846 0 0
120.174992557255 86.2542265144882 0 0
120.129722220009 86.5507911728101 0 0
120.084450906352 86.8473556820821 0 0
120.039180568287 87.1439203402791 0 0
119.993910380083 87.4404850213523 0 0
119.948639066603 87.7370495306513 0 0
119.903368728491 88.0336141888411 0 0
119.858098391245 88.330178847163 0 0
119.812827077678 88.6267433564488 0 0
119.767556739523 88.923308014632 0 0
119.722286402276 89.2198726729539 0 0
119.677015237783 89.5164372049962 0 0
119.631744899728 89.8130018631946 0 0
119.586474562481 90.1095665215165 0 0
119.541203249004 90.406131030816 0 0
119.495932910759 90.7026956889855 0 0
119.450662573513 90.9992603473074 0 0
119.405391260079 91.2958248566135 0 0
119.360120921791 91.5923895147764 0 0
119.314850733553 91.8889541958444 0 0
119.269580396471 92.1855188541913 0 0
119.224309083098 92.4820833635068 0 0
119.179038744749 92.7786480216603 0 0
119.133768407502 93.0752126799822 0 0
119.088497094173 93.3717771893043 0 0
119.04322675578 93.6683418474512 0 0
118.997956567527 93.9649065285168 0 0
118.952685254424 94.2614710378734 0 0
118.907414915985 94.5580356960133 0 0
118.862144578738 94.8546003543352 0 0
118.816873265499 95.151164863671 0 0
118.771602927017 95.4477295218042 0 0
118.72633258977 95.7442941801261 0 0
118.681061276574 96.0408586894685 0 0
118.635791087023 96.337423370336 0 0
118.590520749975 96.6339880286881 0 0
118.545249436826 96.9305525380377 0 0
118.499979098253 97.2271171961571 0 0
118.454708761006 97.523681854479 0 0
118.409437447901 97.8202463638352 0 0
118.364167109284 98.1168110219481 0 0
118.318896920997 98.4133757030084 0 0
118.273625608152 98.7099402124044 0 0
118.228355269489 99.0065048705101 0 0
118.183084932243 99.303069528832 0 0
118.137813619227 99.5996340382019 0 0
118.092543280521 99.896198696301 0 0
118.047272943274 100.192763354623 0 0
118.002001630302 100.489327863999 0 0
117.956731440493 100.785892544828 0 0
117.911461103479 101.082457203185 0 0
117.866189790553 101.379021712569 0 0
117.820919451757 101.675586370654 0 0
117.77564911451 101.972151028976 0 0
117.730377801628 102.268715538366 0 0
117.685107462789 102.565280196445 0 0
117.639837274467 102.8618448775 0 0
117.594566937468 103.15840953586 0 0
117.549295624647 103.454974045259 0 0
117.504025285747 103.751538703329 0 0
117.4587549485 104.048103361651 0 0
117.413483635722 104.344667871057 0 0
117.368213296778 104.64123252912 0 0
117.322942959532 104.937797187442 0 0
117.277671795707 105.234361719586 0 0
117.232401456983 105.530926377682 0 0
117.187131119736 105.827491036004 0 0
117.141859807048 106.124055545424 0 0
117.096589468014 106.420620203473 0 0
117.051319130768 106.717184861795 0 0
117.006047818123 107.013749371222 0 0
116.960777627937 107.310314051992 0 0
116.915507290972 107.606878710357 0 0
116.870235978375 107.903443219791 0 0
116.824965639251 108.200007877826 0 0
116.779695302004 108.496572536148 0 0
116.73442398945 108.793137045588 0 0
116.689153650282 109.089701703617 0 0
116.643883313036 109.386266361939 0 0
116.598612149401 109.682830894112 0 0
116.553341810487 109.979395552179 0 0
116.50807147324 110.275960210501 0 0
116.462800160776 110.572524719955 0 0
116.417529821518 110.86908937797 0 0
116.372259484272 111.165654036292 0 0
116.326988171851 111.462218545753 0 0
116.281717981407 111.758783226484 0 0
116.236447644477 112.055347884854 0 0
116.191176332102 112.351912394322 0 0
116.145905992755 112.648477052323 0 0
116.100635655508 112.945041710645 0 0
116.055364343177 113.24160622012 0 0
116.010094003786 113.538170878114 0 0
115.96482366654 113.834735536436 0 0
115.919553478132 114.131300217478 0 0
115.874282166196 114.427864727013 0 0
115.829011826744 114.724429384998 0 0
115.783741489498 115.02099404332 0 0
115.738470177271 115.31755855281 0 0
115.693199837776 115.614123210789 0 0
115.647929500529 115.910687869111 0 0
115.602658337172 116.207252401327 0 0
115.557387997981 116.503817059352 0 0
115.512117660734 116.800381717673 0 0
115.466846348598 117.096946227178 0 0
115.421576009012 117.393510885143 0 0
115.376305671765 117.690075543464 0 0
115.331034359672 117.986640052975 0 0
115.28576416885 118.283204733649 0 0
115.24049383197 118.579769392026 0 0
115.195222519924 118.876333901544 0 0
115.149952180248 119.172898559495 0 0
115.104681843002 119.469463217817 0 0
115.059410530999 119.766027727342 0 0
115.01414019128 120.062592385286 0 0
114.968869854033 120.359157043608 0 0
114.923598690866 120.655721575853 0 0
114.878328351485 120.952286233849 0 0
114.833058014238 121.248850892171 0 0
114.787786702325 121.545415401709 0 0
114.742516362516 121.84198005964 0 0
114.69724602527 122.138544717962 0 0
114.6519747134 122.435109227507 0 0
114.60670452232 122.731673908141 0 0
114.561434185474 123.028238566524 0 0
114.516162873651 123.324803076076 0 0
114.470892533752 123.621367733993 0 0
114.425622196506 123.917932392315 0 0
114.380350884726 124.214496901873 0 0
114.335080544784 124.511061559784 0 0
114.289810207537 124.807626218106 0 0
114.244540019045 125.104190899135 0 0
114.199268707745 125.400755408766 0 0
114.153998367742 125.697320066668 0 0
114.108728030495 125.993884724989 0 0
114.06345671882 126.290449234564 0 0
114.018186378774 126.587013892458 0 0
113.972916041527 126.88357855078 0 0
113.927644878637 127.180143083067 0 0
113.882374538978 127.476707741021 0 0
113.837104201732 127.773272399343 0 0
113.791832890147 128.069836908931 0 0
113.74656255001 128.366401566812 0 0
113.701292212763 128.662966225134 0 0
113.656020901222 128.959530734729 0 0
113.610750561041 129.256095392603 0 0
113.565480372515 129.552660073627 0 0
113.520209061473 129.849224583298 0 0
113.474938721246 130.145789241165 0 0
113.429668383999 130.442353899487 0 0
113.384397072548 130.738918409095 0 0
113.339126732278 131.035483066956 0 0
113.293856395031 131.332047725278 0 0
113.24858523233 131.628612257594 0 0
113.203314892482 131.925176915518 0 0
113.158044555236 132.22174157384 0 0
113.112773243874 132.518306083463 0 0
113.067502903514 132.814870741309 0 0
113.022232566267 133.111435399631 0 0
112.976961254949 133.40799990926 0 0
112.931690914545 133.7045645671 0 0
112.886426641807 134.001130141867 0 0
112.839673135954 134.297464597619 1 0
112.792041894082 134.593620042366 1 0
112.719103179796 134.884592887526 1 0
112.631190670907 135.171422734051 1 0
112.542322085963 135.457955250537 1 0
112.448468550165 135.742862158514 1 0
112.341355042596 136.023023050382 1 0
112.218350339197 136.296569210344 1 0
112.079848886761 136.562594151251 1 0
111.926319358814 136.820228350518 1 0
111.75827132789 137.068627386669 1 0
111.576258989915 137.306975866841 1 0
111.380880359469 137.534490061378 1 0
111.172777792261 137.750422104478 1 0
110.952636174561 137.954062865836 1 0
110.721179166838 138.144742880707 1 0
110.479167806109 138.321835559556 1 0
110.227407333212 138.484774498544 1 0
109.966730574008 138.63304005241 1 0
109.697995643911 138.766157320536 1 0
109.417875690453 138.872418425276 1 0
109.129227897687 138.953603002812 1 0
108.835899513708 139.016105557668 1 0
108.540868012212 139.07043472767 1 0
108.244833532996 139.119004361951 1 0
107.947902465377 139.161755223035 1 0
107.650189280965 139.198672128511 1 0
107.351808234882 139.229737684223 1 0
107.052874359291 139.254940685037 1 0
106.753502773413 139.274270748707 1 0
106.453808858109 139.287721128164 1 0
106.153908062048 139.295286581107 1 0
105.858895950418 139.242926710617 1 0
105.564263293754 139.18643256327 1 0
105.269691204847 139.129623419537 0 0
104.975167661636 139.072563105035 0 0
104.680681623516 139.015309527926 0 0
104.386217757546 138.957942016513 0 0
104.091734060507 138.90067638918 0 0
103.797239020418 138.843469123653 0 0
103.502753946462 138.786210577177 0 0
103.20826162451 138.728989322317 0 0
102.913758254663 138.671824952855 0 0
102.619256741985 138.614651016351 0 0
102.324751919138 138.557494135408 0 0
102.030237932697 138.50038448863 0 0
101.735720888114 138.443290614615 0 0
101.441203811689 138.386196904856 0 0
101.146686735264 138.329103195097 0 0
100.852169663192 138.272009462882 0 0
100.557652618633 138.214915588745 0 0
100.263135542208 138.157821878987 0 0
99.9686184657824 138.100728169228 0 0
99.6741013936873 138.043634437133 0 0
99.3795843491511 137.986540562876 0 0
99.085067272726 137.929446853117 0 0
98.7905502006133 137.872353121113 0 0
98.4960331560947 137.815259246765 0 0
98.2015160796697 137.758165537007 0 0
97.9069990032446 137.701071827248 0 0
97.6124819311084 137.643978095365 0 0
97.3179648866133 137.586884220896 0 0
97.0234478322522 137.529790397321 0 0
96.7289309248701 137.472695815564 0 0
96.4344138803926 137.415601941005 0 0
96.1398968039675 137.358508231246 0 0
95.8453797275424 137.301414521487 0 0
95.5508626553652 137.244320789816 0 0
95.2563456109111 137.187226915135 0 0
94.961828534486 137.130133205377 0 0
94.6673114622912 137.073039473796 0 0
94.3727944178547 137.015945599025 0 0
94.0782773414296 136.958851889266 0 0
93.7837602650046 136.901758179507 0 0
93.4892431927863 136.844664448048 0 0
93.1947261483732 136.787570573156 0 0
92.9002090719482 136.730476863397 0 0
92.6056919997124 136.673383132028 0 0
92.3111749553169 136.616289257045 0 0
92.0166578788918 136.559195547286 0 0
91.7221408024667 136.502101837527 0 0
91.4276237302074 136.445008106279 0 0
91.1331066858354 136.387914231176 0 0
90.8385896094103 136.330820521417 0 0
90.5440725543841 136.273726701273 0 0
90.2495556475382 136.21663211675 0 0
89.955040217599 136.159529919128 0 0
89.6605404566727 136.102346976636 0 0
89.366062671627 136.045050954888 0 0
89.0720259385024 135.985672267017 0 0
88.7797929422179 135.917865947479 0 0
88.4881719928147 135.847458406435 0 0
88.1965489472325 135.777059547893 0 0
87.9049259781638 135.70666037243 0 0
87.6136790787854 135.634758962909 0 0
87.3238363680399 135.557408762314 0 0
87.0356734221612 135.474020724884 1 0
86.7493139193203 135.384637072871 1 0
86.4648824381297 135.289296093769 1 0
86.1825023681712 135.188039876546 1 0
85.9022966504587 135.080911745805 1 0
85.6243868570897 134.967958726855 1 0
85.3488940128452 134.84922929105 1 0
85.0759376606358 134.724775409865 1 0
84.8056366232531 134.594650724154 1 0
84.5381081586599 134.45891218116 1 0
84.2734682843803 134.317619181099 1 0
84.011965502462 134.170600568306 1 0
83.7536141085244 134.018116341273 1 0
83.4985037812903 133.860274016895 1 0
83.2467446220739 133.697143413445 1 0
82.9984466065745 133.528794513452 1 0
82.7536051105358 133.355455030395 1 0
82.5109012202522 133.179117792013 1 0
82.2682011290329 133.002775324962 1 0
82.0255140108328 132.826415005147 0 0
81.7828549956531 132.65001602141 0 0
81.5402449661851 132.473549675341 0 0
81.2977114909872 132.296978136336 0 0
81.0552867914613 132.120257294114 0 0
80.8130074492584 131.943337239817 0 0
80.570913474714 131.766163637292 0 0
80.3290692059407 131.588649384465 0 0
80.0875375167549 131.410710107821 0 0
79.8463447094572 131.232311768001 0 0
79.6055166508734 131.053421378052 0 0
79.3650829437136 130.874001363013 0 0
79.1250639283001 130.694027010397 0 0
78.8854949677037 130.513454097864 0 0
78.6464060649336 130.332246114157 0 0
78.4077153353655 130.150513759838 0 0
78.1693017874447 129.968417793032 0 0
77.9310491720779 129.786111227581 0 0
77.6928256994735 129.603766568381 0 0
77.4546069588969 129.421415741038 0 0
77.216542157298 129.238864090167 0 0
76.978700983804 129.056021069535 0 0
76.7409668977638 128.873038835102 0 0
76.5033548042691 128.689898210363 0 0
76.2658750210799 128.506586040875 0 0
76.0285383956603 128.323088557964 0 0
75.7913410165578 128.139411122571 0 0
75.5543215932457 127.955504132226 0 0
75.3171599653369 127.771780585813 0 0
75.0794892548019 127.588716675233 0 0
74.8412372324418 127.406409948614 0 0
74.6023615313305 127.224921440841 0 0
74.362723279968 127.044441601435 0 0
74.1224797169548 126.864767101996 0 0
73.8820787727769 126.68530294987 0 0
73.6416456065028 126.505882009567 0 0
73.4010361786061 126.326697537153 0 0
73.1602299086781 126.147777684528 0 0
72.919230333434 125.969118287864 0 0
72.6780418216644 125.790714032081 0 0
72.4362874246692 125.613080357553 0 0
72.1931697199855 125.437318066353 0 0
71.9488422220555 125.263238380829 0 0
71.7036479646796 125.090382991076 0 0
71.4573389664078 124.919120048635 0 0
71.2105660504109 124.748523728485 0 0
70.9640206532347 124.577598814918 0 0
70.7171355762028 124.407165520453 0 0
70.4698384211125 124.237330094943 0 0
70.2222449098637 124.067926949688 0 0
69.9743695266214 123.898936470568 0 0
69.7262971508727 123.730235472014 0 0
69.4774575143835 123.562672797719 0 0
69.2267081270513 123.397984420031 0 0
68.9742613531531 123.235905307658 0 0
68.7204562616237 123.07596113589 0 0
68.4656716346586 122.917579658451 0 0
68.2113589655763 122.758441620277 0 0
67.957175473893 122.599096898958 0 0
67.7029152794021 122.439874746472 0 0
67.4490238438796 122.280065142744 0 0
67.1951459737575 122.120233988889 0 0
66.941132448948 121.960618431631 0 0
66.6870290651405 121.801146013485 0 0
66.4327668775313 121.641926868076 0 0
66.1776583339252 121.484070120793 0 0
65.9187934985214 121.332467305736 0 0
65.6565682241054 121.186760152916 0 0
65.3910761816379 121.047088984946 0 0
65.1219185908267 120.914618430343 0 0
64.8498353035065 120.788272240282 0 0
64.574907097453 120.66823781842 0 0
64.2968680336245 120.555595085619 0 0
64.0163539992176 120.449272144242 0 0
63.73343947621 120.349507917092 0 0
63.4479773436749 120.25728354988 0 0
63.1605040438459 120.171540791779 0 0
62.8710952526456 120.092573371503 0 0
62.579707335792 120.021250808028 0 0
62.2867822093532 119.956538994915 0 0
61.9924056107471 119.898784962496 0 0
61.6966202145413 119.848738026177 0 0
61.3997798054139 119.805395658258 0 0
61.1019880669352 119.769160139672 0 0
60.8033554485015 119.740663738886 0 0
60.5041543762804 119.718956965182 0 0
60.2045700626891 119.703289384053 0 0
59.9047310142209 119.693720651994 0 0
59.6047592550146 119.690562031225 0 0
59.304787299591 119.693914078513 0 0
59.0049955587211 119.704821927087 0 0
58.7055239338652 119.722429072343 0 0
58.4065020660613 119.746514139609 0 0
58.1081681605703 119.777987539093 0 0
57.8106298756023 119.816253997353 0 0
57.5139885312975 119.860951210804 0 0
57.2185215410937 119.912842576376 0 0
56.9243399712623 119.971585104881 0 0
56.6314983831412 120.03668133504 0 0
56.3401907120282 120.108349157607 0 0
56.0494496893325 120.182306291928 0 0
55.7587115166891 120.256274629214 0 0
55.467982347653 120.330278344396 0 0
55.1772729469278 120.404359670504 0 0
54.8865933857443 120.478557981399 0 0
54.5959590691802 120.552933302609 0 0
54.3053970557143 120.627590546129 0 0
54.0154414432513 120.704536556326 0 0
53.726069883905 120.783682621911 0 0
53.4352093838501 120.857103249417 0 0
53.1438371974019 120.928518730742 0 0
52.8525598784395 121.000315263094 0 0
52.5618977071197 121.074519381525 0 0
52.275062587327 121.16240400178 0 0
51.9892890469576 121.253691825817 0 0
51.7036222337052 121.345313056775 0 0
51.4180671361849 121.43728185191 0 0
51.1326294668476 121.529614429441 0 0
50.8473147641937 121.62232626295 0 0
50.5621283797969 121.715432037148 0 0
50.2770762897022 121.808948134918 0 0
49.9921640108046 121.902889310333 0 0
49.7073972389117 121.99727062365 0 0
49.4227819131988 122.092107638761 0 0
49.1383234744127 122.187414175684 0 0
48.8540277738662 122.283205039954 0 0
48.5699007713728 122.379495107775 0 0
48.2859483506264 122.476298768307 0 0
48.0021761400226 122.573629409672 0 0
47.7185898878252 122.671500514727 0 0
47.4351955210153 122.76992582992 0 0
47.1519987990465 122.86891835791 0 0
46.8690055590711 122.968491064587 0 0
46.5873465296024 123.071708585352 0 0
46.3078110524563 123.180580194823 0 0
46.0291315846077 123.291636786117 0 0
45.7488581348876 123.398618518956 0 0
45.4673434906792 123.50229782531 0 0
45.1862853739062 123.607208906688 0 0
44.9042808018961 123.709548140381 0 0
44.6214829976324 123.809673458988 0 0
44.3401223786729 123.913762966671 0 0
44.0596718987502 124.020283908838 0 0
43.7791403093153 124.126594409239 0 0
43.4983697766569 124.232272196756 0 0
43.2173727362282 124.337346233562 0 0
42.9361614227805 124.441845495527 0 0
42.6547480736899 124.545799512896 0 0
42.373145066543 124.649238723109 0 0
42.0913647410298 124.752193979525 0 0
41.8094191870629 124.854695942724 0 0
41.5273203613702 124.956775377003 0 0
41.2450804520786 125.058464118169 0 0
40.9627108130979 125.159792103341 0 0
40.6802230796894 125.26079041799 0 0
40.3976282256621 125.3614886408 0 0
40.1149370907734 125.4619162732 0 0
39.8321599671948 125.562101543216 0 0
39.5493069078034 125.662072233918 0 0
39.2663873318022 125.761854534301 0 0
38.9834100853968 125.861473174736 0 0
38.7003839444306 125.960952822051 0 0
38.4173168774117 126.060315960277 0 0
38.1342161047083 126.159583028565 0 0
37.8510880119804 126.25877215127 0 0
37.5678986279393 126.357785982644 0 0
37.2845048135688 126.456212282431 0 0
37.0008526606773 126.553892354884 0 0
36.7171227890522 126.651346753909 1 0
36.4261363616267 126.722511819211 1 0
36.1309931210442 126.776172508142 1 0
35.8351350524784 126.825844377491 1 0
35.5386993388323 126.871940457017 1 0
35.2417148400638 126.914353242684 1 0
34.9442255973297 126.953063434287 1 0
34.646277793026 126.988065635462 1 0
34.347917649676 127.019354859152 1 0
34.0491912516516 127.04692489012 1 0
33.7501450678161 127.070773238076 1 0
33.4508252993797 127.090894581788 1 0
33.1512783823518 127.107286348722 1 0
32.8515507372962 127.11994602276 1 0
32.5516888427518 127.128872499769 1 0
32.2517391461822 127.134063764008 1 0
31.951748114809 127.13551847979 1 0
31.651762254336 127.133236703944 1 0
31.35182804496 127.127219000844 1 0
31.0519919488018 127.117466972887 1 0
30.7523004625105 127.103981119424 1 0
30.4528000361109 127.086763404624 1 0
30.1535370528243 127.065817087548 1 0
29.8545256655954 127.041523202702 1 0
29.5555879146132 127.016299780307 0 0
29.2566503506428 126.991074141636 0 0
28.9577141954657 126.965831814888 0 0
28.6587940852597 126.94040033297 0 0
28.3598870249846 126.91481583047 0 0
28.0609993288172 126.88900619942 0 0
27.7621207226112 126.863091380929 0 0
27.4632330872873 126.837280956691 0 0
27.1643356601351 126.811584143392 0 0
26.8654355410658 126.785918625742 0 0
26.5665274458499 126.760346205748 0 0
26.2676173257264 126.734797427173 0 0
25.9687270760993 126.709017425069 0 0
25.6698409340942 126.683189647117 0 0
25.3709548548084 126.657361143305 0 0
25.0720687805355 126.631532581484 0 0
24.77318270127 126.605704077437 0 0
24.4742966269768 126.579875515851 0 0
24.1754105477316 126.554047011569 0 0
23.8765244734181 126.528218450218 0 0
23.5776383941932 126.502389945701 0 0
23.2787522487914 126.476562206994 0 0
22.979866154881 126.450733872421 0 0
22.6809800805268 126.42490531154 0 0
22.3820940013426 126.399076806552 0 0
22.0832079269681 126.373248245907 0 0
21.7843218478042 126.347419740684 0 0
21.4854357734094 126.321591180275 0 0
21.1865496942658 126.295762674816 0 0
20.8876636198507 126.269934114642 0 0
20.5887775407275 126.244105608948 0 0
20.2898913964002 126.218277857807 0 0
19.9910053014152 126.192449535668 0 0
19.6921192269594 126.166620975964 0 0
19.3932331478768 126.1407924698 0 0
19.0943426641163 126.115014996996 0 0
18.7954488634802 126.089276003657 0 0
18.4965551844282 126.06353559554 0 0
18.1976634783085 126.037772289959 0 0
17.8987756321102 126.011964247613 0 0
17.6025581913589 125.965455314607 0 0
17.3069053619901 125.914569123118 0 0
17.0113280010929 125.863246755317 0 0
16.7174963210099 125.802848057616 0 0
16.4260662127966 125.731749596602 1 0
16.1374362108088 125.650010655576 1 0
15.8519957734399 125.557736451004 1 0
15.5701294376637 125.455050063626 1 0
15.2922162120446 125.342090533478 1 0
15.0186693787575 125.218926578178 1 0
14.7499009248082 125.085660381394 1 0
14.4862056793623 124.9426266521 1 0
14.2279396228634 124.790015770262 1 0
13.9754494054154 124.628034699564 1 0
13.7290743873539 124.456902018798 1 0
13.4891468864597 124.276846888791 1 0
13.2559885611907 124.088113263298 1 0
13.0299142197555 123.890953794401 1 0
12.8112270665827 123.685635034135 1 0
12.6002218813281 123.472432742929 1 0
12.3971820344848 123.251634418297 1 0
12.2023806086883 123.023537328261 1 0
12.0160801136196 122.788448093698 1 0
11.8385310217056 122.546683324048 1 0
11.6699511405257 122.298581991642 1 0
11.5105322640926 122.044496720819 1 0
11.3604666972458 121.784779351125 1 0
11.2389510786364 121.511784531636 1 0
11.1455415964234 121.226712304697 1 0
11.0547540467418 120.940779410647 1 0
10.9660663591123 120.654194604537 1 0
10.8838790140325 120.365704112243 1 0
10.8102473521138 120.074911773188 1 0
10.7452551819815 119.782066728877 1 0
10.6889544269115 119.487426584576 1 0
10.6413941296957 119.191249169924 1 0
10.60261644816 118.893793566556 1 0
10.5726550672929 118.595320070551 1 0
10.551535708109 118.296089879184 1 0
10.5392770419753 117.99636477686 1 0
10.5358939802619 117.696406969728 1 0
10.573539124981 117.399511438133 1 0
10.6224370997561 117.103523290593 1 0
10.671565013602 116.807573230596 1 0
10.7208256203209 116.51164521398 1 0
10.7700885179602 116.215717576103 1 0
10.8193550158312 115.919790537495 1 0
10.8685912241257 115.623858458042 1 0
10.9177844289472 115.327919227089 0 0
10.9669616020421 115.031977331388 0 0
11.0161354181798 114.73603487785 0 0
11.0653091501017 114.440092410318 0 0
11.1144828980653 114.144149945452 0 0
11.163657522543 113.848207626228 0 0
11.2128313671247 113.552265177416 0 0
11.2620051150883 113.25632271255 0 0
11.3111788630518 112.960380247683 0 0
11.3603526110153 112.664437782817 0 0
11.4095263589789 112.36849531795 0 0
11.4586999613261 112.072552828888 0 0
11.5078736932104 111.77661036135 0 0
11.5570474411739 111.480667896484 0 0
11.6062211891374 111.184725431617 0 0
11.655394937101 110.888782966751 0 0
11.7045695613024 110.592840647481 0 0
11.7537434061604 110.296898198715 0 0
11.802917154124 110.000955733849 0 0
11.8520909020875 109.705013268982 0 0
11.901264650051 109.409070804116 0 0
11.95043825244 109.113128315061 0 0
11.9996119842825 108.817185847516 0 0
12.048785732246 108.521243382649 0 0
12.0979594802096 108.225300917783 0 0
12.1471332281731 107.929358452917 0 0
12.1963069761366 107.63341598805 0 0
12.2454816000618 107.337473668735 0 0
12.2946554451961 107.041531220014 0 0
12.3438291931596 106.745588755148 0 0
12.3930027955863 106.449646266099 0 0
12.4421765273911 106.153703798548 0 0
12.4913502753547 105.857761333681 0 0
12.5405240233182 105.561818868815 0 0
12.5896977712817 105.265876403949 0 0
12.6388715192453 104.969933939082 0 0
12.6880452672088 104.673991474216 0 0
12.7372190151723 104.378049009349 0 0
12.7863936388212 104.082106689988 0 0
12.8355673387326 103.786164217138 0 0
12.8847410704998 103.49022174958 0 0
12.9339148184633 103.194279284713 0 0
12.9830885664268 102.898336819847 0 0
13.0322623143904 102.602394354981 0 0
13.0814360623539 102.306451890114 0 0
13.1306098103174 102.010509425248 0 0
13.1797835582809 101.714566960381 0 0
13.2289573062445 101.418624495515 0 0
13.278131054208 101.122682030649 0 0
13.3273055321205 100.826739687071 0 0
13.376479361572 100.530797235745 0 0
13.4256531095355 100.234854770879 0 0
13.4748268574991 99.9389123060122 0 0
13.5240006054626 99.6429698411457 0 0
13.5731743534261 99.3470273762793 0 0
13.6223481013897 99.0510849114129 0 0
13.6715218493532 98.7551424465465 0 0
13.7206955973167 98.4591999816801 0 0
13.7698691998605 98.1632574926507 0 0
13.8190429315482 97.8673150250799 0 0
13.8682175546414 97.5713727056264 0 0
13.9173914006077 97.2754302570442 0 0
13.9665651485712 96.9794877921778 0 0
14.0157388965348 96.6835453273114 0 0
14.0649126444983 96.387602862445 0 0
14.1140863924618 96.0916603975785 0 0
14.1632601404253 95.7957179327121 0 0
14.2124338883889 95.4997754678457 0 0
14.2616074909744 95.2038329788233 0 0
14.3107812226204 94.9078905112456 0 0
14.3599549705839 94.6119480463791 0 0
14.4091295934008 94.3160057268797 0 0
14.4583034396434 94.0200632783434 0 0
14.5074771876069 93.724120813477 0 0
14.5566509355704 93.4281783486106 0 0
14.605824683534 93.1322358837442 0 0
14.6549984314975 92.8362934188778 0 0
14.7041720341207 92.5403509298616 0 0
14.753345765729 92.2444084622776 0 0
14.8025195136925 91.9484659974112 0 0
14.8516932616561 91.6525235325448 0 0
14.9008670096196 91.3565810676784 0 0
14.9500416321602 91.060638748133 0 0
14.9992154786791 90.7646962996427 0 0
15.0483892266426 90.4687538347763 0 0
15.0975629746061 90.1728113699098 0 0
15.146736577267 89.8768688809 0 0
15.1959103088376 89.5809264133097 0 0
15.2450840568012 89.2849839484433 0 0
15.2942578047647 88.9890414835769 0 0
15.3434315527282 88.6930990187104 0 0
15.3926053006917 88.397156553844 0 0
15.4417790486553 88.1012140889776 0 0
15.4909536709196 87.8052717693863 0 0
15.5401275177148 87.5093293209419 0 0
15.5893012656783 87.2133868560755 0 0
15.6384748683809 86.9174443670726 0 0
15.6876485999098 86.6215018994754 0 0
15.7368223478733 86.3255594346089 0 0
15.7859960958368 86.0296169697425 0 0
15.8351698438004 85.7336745048761 0 0
15.8843435917639 85.4377320400097 0 0
15.9335173397274 85.1417895751432 0 0
15.982691087691 84.8458471102768 0 0
16.031865709679 84.5499047906396 0 0
16.0810394115272 84.2539623181109 0 0
16.1302131430184 83.9580198505075 0 0
16.1793868909819 83.662077385641 0 0
16.2285606389455 83.3661349207746 0 0
16.277734386909 83.0701924559082 0 0
16.3269081348725 82.7742499910417 0 0
16.376081882836 82.4783075261753 0 0
16.4252556307996 82.1823650613089 0 0
16.4744293787631 81.8864225964425 0 0
16.5236031267266 81.590480131576 0 0
16.5727776032542 81.2945377877687 0 0
16.6219514340906 80.9985953366726 0 0
16.6711251820542 80.7026528718062 0 0
16.7202989300177 80.4067104069397 0 0
16.7694726779812 80.1107679420733 0 0
16.8186464259448 79.8148254772069 0 0
16.8678201739083 79.5188830123405 0 0
16.9169939218718 79.222940547474 0 0
16.9661676698353 78.9269980826076 0 0
17.015341272655 78.6310555936242 0 0
17.0645150040668 78.3351131260075 0 0
17.1136896254992 78.039170806278 0 0
17.1628634731263 77.7432283579718 0 0
17.2120372210899 77.4472858931054 0 0
17.2612109690534 77.151343428239 0 0
17.3103847170169 76.8554009633725 0 0
17.3595584649804 76.5594584985061 0 0
17.408732212944 76.2635160336397 0 0
17.4579058158013 75.9675735446625 0 0
17.5070795471755 75.6716310770395 0 0
17.556253295139 75.3756886121731 0 0
17.6054270431025 75.0797461473067 0 0
17.6546016642586 74.7838038275313 0 0
17.703775512162 74.487861379271 0 0
17.7529492601255 74.1919189144046 0 0
17.8021230080891 73.8959764495382 0 0
17.8512967560526 73.6000339846718 0 0
17.9004705040161 73.3040915198053 0 0
17.9496441069153 73.008149030835 0 0
17.9988178382476 72.7122065632052 0 0
18.0479915862112 72.4162640983388 0 0
18.0971653341747 72.1203216334723 0 0
18.1463399550792 71.8243793136551 0 0
18.1955138032342 71.5284368654366 0 0
18.2446875511977 71.2324944005702 0 0
18.2938612991612 70.9365519357038 0 0
18.3430350471248 70.6406094708374 0 0
18.3922086500616 70.3446669818734 0 0
18.4413823813563 70.0487245142373 0 0
18.4905561293198 69.7527820493709 0 0
18.5397298772833 69.4568395845044 0 0
18.5889036252468 69.160897119638 0 0
18.6380773732104 68.8649546547716 0 0
18.6872519938386 68.5690123349085 0 0
18.7364258422699 68.2730698867359 0 0
18.7855995902334 67.9771274218694 0 0
18.8347733381969 67.681184957003 0 0
18.8839469411755 67.3852424680459 0 0
18.9331206724284 67.0893000004029 0 0
18.9822944203919 66.7933575355365 0 0
19.0314681683555 66.49741507067 0 0
19.080641916319 66.2014726058036 0 0
19.1298156642825 65.9055301409372 0 0
19.1789894122461 65.6095876760708 0 0
19.228164032598 65.3136453561617 0 0
19.2773378813055 65.0177029080351 0 0
19.3265114843218 64.7217604190843 0 0
19.375685215537 64.425817951435 0 0
19.4248589635006 64.1298754865686 0 0
19.4740327114641 63.8339330217021 0 0
19.5232064594276 63.5379905568357 0 0
19.5723802073912 63.2420480919693 0 0
19.6215539553547 62.9461056271028 0 0
19.6707277033182 62.6501631622364 0 0
19.7199014512817 62.3542206973699 0 0
19.7690759264451 62.0582783533359 0 0
19.8182497586458 61.7623359024665 0 0
19.8674235066093 61.4663934376 0 0
19.9165972545728 61.1704509727336 0 0
19.9657710025363 60.8745085078671 0 0
20.0149447504999 60.5785660430007 0 0
20.0641184984634 60.2826235781343 0 0
20.1132922464269 59.9866811132678 0 0
20.1624659943905 59.6907386484014 0 0
20.211639742354 59.394796183535 0 0
20.2608133454497 59.0988536945974 0 0
20.3099879484182 58.8029113717999 0 0
20.3591617976815 58.5069689237656 0 0
20.408335545645 58.2110264588992 0 0
20.4575092936085 57.9150839940327 0 0
20.5066830415721 57.6191415291663 0 0
20.5558567895356 57.3231990642998 0 0
20.6050305374991 57.0272565994334 0 0
20.6542042854626 56.731314134567 0 0
20.703377888596 56.4353716456356 0 0
20.7525516196941 56.1394291779668 0 0
20.8017253676577 55.8434867131004 0 0
20.8508999871776 55.5475443930531 0 0
20.9000882119868 55.2516043340576 0 0
20.9493013717759 54.9556684206516 0 0
20.9985004117985 54.6597301594558 0 0
21.053701608308 54.3648545560529 0 0
21.1167560073774 54.0715559792306 0 0
21.1798153201457 53.7782583094941 0 0
21.2428716216608 53.4849599923528 0 0
21.3060652073809 53.1916917146142 0 0
21.3721518331242 52.8990746129563 0 0
21.4474376595011 52.6086944974062 0 0
21.5318738845711 52.3208476596256 1 0
21.6253449021329 52.0358108201111 1 0
21.7277571337565 51.7538656892426 1 0
21.8390090452656 51.4752911702489 1 0
21.9589915270103 51.2003633313821 1 0
22.0875853271547 50.9293539842938 1 0
22.2246635160631 50.6625314878173 1 0
22.3700902045867 50.4001597169633 1 0
22.5237223544207 50.142498783052 1 0
22.6856892813917 49.8899899749969 1 0
22.8558237573616 49.6429144156828 1 0
23.0336606725399 49.4013322238369 1 0
23.2190247663848 49.1654829621145 1 0
23.4117320856593 48.9355996351709 1 0
23.6115915008222 48.7119093322046 1 0
23.8184049127062 48.4946331045337 1 0
24.0319680983365 48.2839863177147 1 0
24.2520701734677 48.0801779023423 1 0
24.4784929947402 47.8834091546572 1 0
24.7110127882492 47.6938751175911 1 0
24.9493614187719 47.511713200359 1 0
25.1935199569022 47.3374125615873 1 0
25.4448644158573 47.1739832711344 1 0
25.7147407747228 47.0451300127658 1 0
25.9987417392576 46.9487771698304 1 0
26.2857672926392 46.8615269569077 1 0
26.5746357165592 46.7805831201628 1 0
26.8653646998749 46.7065957709731 1 0
27.1577678059225 46.6395382855977 1 0
27.4516486216272 46.5793018537005 1 0
27.7468487899557 46.5259201243056 1 0
28.0432086612377 46.4794201559967 1 0
28.3405685856201 46.4398287321232 1 0
28.6387678458544 46.4071655443873 1 0
28.937645585072 46.3814487655208 1 0
29.2370405218117 46.3626922439662 1 0
29.5367910694003 46.3509060124408 1 0
29.836735485004 46.3460969804738 1 0
30.1367118937488 46.348266950289 1 0
30.4366559585187 46.353995208986 1 0
30.7365892086576 46.3603232033968 1 0
31.0365208764147 46.3667258712413 1 0
31.3364484848683 46.3733156654436 1 0
31.6363722134992 46.380079887654 0 0
31.9363000708718 46.3866584291352 0 0
32.2362304686427 46.393120319683 0 0
32.5361538098506 46.3999017542182 0 0
32.8360727665207 46.4068743691186 0 0
33.135984842985 46.4141355418864 0 0
33.4358788268653 46.4221103463287 0 0
33.7357685576073 46.4302435741932 0 0
34.0356582876402 46.438376828204 0 0
34.3355480176774 46.4465100820595 0 0
34.635437748438 46.4546433092359 0 0
34.935327451749 46.4627775484788 0 0
35.2352171821218 46.4709107899545 0 0
35.5351069121722 46.4790440433213 0 0
35.8349966422051 46.4871772973321 0 0
36.1348863729338 46.4953105256854 0 0
36.4347761030059 46.5034437782528 0 0
36.7346658337201 46.511577007139 0 0
37.0345555638067 46.5197102591735 0 0
37.3344452938396 46.5278435131843 0 0
37.6343350245322 46.5359767428699 0 0
37.9342247546403 46.5441099941051 0 0
38.2341144615247 46.5522441015968 0 0
38.5340041883387 46.5603774742907 0 0
38.8338939183716 46.5685107283015 0 0
39.1337836490281 46.5766439593193 0 0
39.4336733791723 46.5847772092223 0 0
39.7335631098144 46.5929104407729 0 0
40.0334528399731 46.601043690143 0 0
40.3333425706007 46.6091769222266 0 0
40.6332323007739 46.6173101710637 0 0
40.9331220308068 46.6254434250745 0 0
41.2330117402835 46.6335774369872 0 0
41.5329014645051 46.6417109052602 0 0
41.8327911950966 46.649844138676 0 0
42.1326809253059 46.6579773861809 0 0
42.4325706553388 46.6661106401917 0 0
42.7324603859086 46.6742438744068 0 0
43.0323501161396 46.6823771211125 0 0
43.3322398466949 46.6905103558605 0 0
43.6321295769404 46.6986436020332 0 0
43.9320193069733 46.706776856044 0 0
44.2319090375069 46.7149100915913 0 0
44.5317987495759 46.7230440079268 0 0
44.8316884711907 46.7311775723099 0 0
45.1315782014723 46.7393108171504 0 0
45.4314679315052 46.7474440711612 0 0
45.7313576620027 46.7555773080408 0 0
46.031247392306 46.7637105520819 0 0
46.3311371227891 46.7718437894944 0 0
46.6310268531068 46.7799770330027 0 0
46.9309165831397 46.7881102870135 0 0
47.2308063136011 46.7962435252252 0 0
47.5306960439405 46.8043767679342 0 0
47.8305857591204 46.8125105695721 0 0
48.1304754776388 46.8206442481199 0 0
48.4303652076717 46.8287775021307 0 0
48.7302549380969 46.8369107416747 0 0
49.0301446684725 46.8450439830514 0 0
49.3300343988833 46.8531772231283 0 0
49.6299241292733 46.8613104639721 0 0
49.9298138593061 46.8694437179829 0 0
50.2297035896953 46.8775769588592 0 0
50.5295933201069 46.8857101989037 0 0
50.8294830504816 46.8938434403128 0 0
51.1293727685718 46.9019771346493 0 0
51.4292624841654 46.9101109210314 0 0
51.729152214606 46.9182441600101 0 0
52.0290419446389 46.9263774140209 0 0
52.3289316749774 46.9345106567622 0 0
52.6288214054397 46.9426438949416 0 0
52.9287111357637 46.9507771382159 0 0
53.2286008662404 46.9589103758623 0 0
53.5284905962734 46.9670436298731 0 0
53.8283803265758 46.9751768739467 0 0
54.1282700570742 46.9833101107939 0 0
54.4281597779572 46.9914437021571 0 0
54.7280494907724 46.9995775909796 0 0
55.0279392208054 47.0077108449904 0 0
55.3278289510716 47.0158440903962 0 0
55.6277186816062 47.0239773259111 0 0
55.9276084118579 47.0321105718498 0 0
56.2274981424069 47.0402438068318 0 0
56.5273878724398 47.0483770608426 0 0
56.82727760267 47.0565103075806 0 0
57.1271673332406 47.0646435417633 0 0
57.4270570634563 47.0727767890343 0 0
57.7269467875676 47.0809102613717 0 0
58.0268364969718 47.0890442759598 0 0
58.3267262271658 47.0971775240301 0 0
58.6266159577726 47.1053107568806 0 0
58.9265056879521 47.1134440054837 0 0
59.2263954185733 47.1215772378013 0 0
59.5262851486062 47.1297104918121 0 0
59.8261736676228 47.1378877061596 0 0
60.126051751748 47.1464319564092 0 0
60.4259087599716 47.1556863170837 0 0
60.7258061763102 47.1633009532045 0 0
61.0257936498655 47.1639128648184 0 0
61.3257235254149 47.1577214407814 0 0
61.6254614817164 47.1454299734782 0 0
61.925154358642 47.1319673314563 1 0
62.2249677051424 47.1214024910526 1 0
62.5247921900839 47.1111419730885 1 0
62.8244962963571 47.0981044878375 1 0
63.1237811714699 47.0775861383557 1 0
63.4222695514056 47.0476334544343 1 0
63.7198599128683 47.0098193405142 1 0
64.0163532745062 46.9641686861578 1 0
64.3112684458663 46.9092401873194 1 0
64.6046143493454 46.8464857050996 1 0
64.896206522533 46.7760154245643 1 0
65.1854652092093 46.6965101780108 1 0
65.4724804413953 46.6092621700799 1 0
65.7570976497193 46.5144735697002 1 0
66.0386557869497 46.4109539882458 1 0
66.3172992308055 46.2998331790057 1 0
66.5929171951524 46.1814002847913 1 0
66.8647851940075 46.054598269725 1 0
67.1330748683394 45.9203943296296 1 0
67.3977335158667 45.7791597147761 1 0
67.6579904811498 45.6299719445577 1 0
67.9140184934686 45.4736397038009 1 0
68.1658355979687 45.3106078959151 1 0
68.4126421114207 45.1400881134073 1 0
68.6545912119609 44.9627441902581 1 0
68.8918648961671 44.779187905027 1 0
69.1231742700951 44.5881812025239 1 0
69.3472063813022 44.3887390198043 1 0
69.5668515343696 44.184396154174 1 0
69.7855210951171 43.9790144025145 1 0
69.9980177706614 43.767268885647 1 0
70.2042069912306 43.5493828597001 1 0
70.4038429888452 43.3254748419213 1 0
70.5957343388108 43.094893273521 1 0
70.7808934569711 42.8588749831291 1 0
70.9586211350832 42.6172126995338 1 0
71.128369351966 42.3698774735104 1 0
71.2909136832225 42.1177496145079 1 0
71.4451636210874 41.860466305211 1 0
71.5913156591233 41.5984965780444 1 0
71.7298516341736 41.3324178983311 1 0
71.8634115884953 41.0637894711899 1 0
71.9968245842638 40.7950870849493 1 0
72.1302457148082 40.5263892852385 1 0
72.2699502656932 40.2609275448556 1 0
72.4096135588735 39.9954410404648 1 0
72.5409661310463 39.7257440060126 1 0
72.6571111978483 39.4491752978189 1 0
72.7642872154192 39.1689733450951 1 0
72.8703559757124 38.8883500813621 1 0
72.9762967971037 38.6076784897058 1 0
73.0822380620311 38.3270070654646 1 0
73.1881785673445 38.0463353545034 0 0
73.2941201788746 37.76566406109 0 0
73.4000606430781 37.4849923346117 0 0
73.5060022837851 37.2043210522113 0 0
73.6119427513007 36.9236493269831 0 0
73.7178840436683 36.6429779130994 0 0
73.8238248479769 36.3623063149951 0 0
73.9297661306675 36.0816348974587 0 0
74.0357069535557 35.8009633063674 0 0
74.1416482176666 35.5202918818181 0 0
74.2475887714492 35.2396201891518 0 0
74.3535302563341 34.9589488479354 0 0
74.4594708882927 34.6782771847772 0 0
74.5654123320677 34.3976058280437 0 0
74.6713530051361 34.1169341804026 0 0
74.7772941482774 33.8362627101927 0 0
74.883235045486 33.555591147154 0 0
74.9891762352766 33.274919694552 0 0
75.0951171510649 32.9942481385263 0 0
75.2010583222758 32.7135766789113 0 0
75.3069992566437 32.4329051298986 0 0
75.4129404092749 32.1522336632706 0 0
75.5188811421285 31.8715620381955 0 0
75.6248223803507 31.590890603875 0 0
75.7307632589719 31.310219033821 0 0
75.8367044560843 31.0295475839832 0 0
75.9426453758154 30.7488760294464 0 0
76.0485863398857 30.4682044916452 0 0
76.1545273485741 30.1875329706852 0 0
76.2604684268849 29.9068614760046 0 0
76.3664094541529 29.6261899620575 0 0
76.472350513884 29.3455184603638 0 0
76.5782913959639 29.064846891615 0 0
76.6842324286333 28.7841753797074 0 0
76.7901735128073 28.5035038872404 0 0
76.8961145043669 28.2228323598156 0 0
77.0020556296508 27.9421608828658 0 0
77.1079964444948 27.6614892887385 0 0
77.2139375460833 27.3808178028441 0 0
77.319878531494 27.1001462730978 0 0
77.4258196516621 26.8194747942164 0 0
77.5317606184932 26.5388032574571 0 0
77.6377017572409 26.2581317855887 0 0
77.7436427054923 25.9774602418164 0 0
77.8495837666431 25.6967887406588 0 0
77.9555245526499 25.4161171356469 0 0
78.0614658834866 25.1354457362842 0 0
78.1674066283836 24.8547741157552 0 0
78.2733480003301 24.5741027319096 0 0
78.3792886361031 24.293431070191 0 0
78.4852298491713 24.0127596263753 0 0
78.5911707231023 23.7320880545503 0 0
78.6971119547501 23.4514166177476 0 0
78.8030528101014 23.1707450389097 0 0
78.9089940204785 22.8900735940782 0 0
79.0149346009325 22.6094019114793 0 0
79.120876137322 22.3287305897036 0 0
79.2268166766662 22.0480588915876 0 0
79.3327582541655 21.7673875853291 0 0
79.4387038445381 21.4867177952312 0 0
79.5447933662554 21.2061023800352 0 0
79.6511735492822 20.925597021092 0 0
79.7574192970482 20.6450407146574 0 0
79.8636311633741 20.3644715797699 0 0
79.9704728950598 20.0841417039847 0 0
80.0778275508091 19.8040078527617 0 0
80.1856483770174 19.524053146033 0 0
80.2946422382409 19.244553101796 0 0
80.4045199913285 18.965399245458 0 0
80.5145575582796 18.686308341503 0 0
80.6246623370042 18.4072439446563 0 0
80.7360125664344 18.1286792432406 0 0
80.8533819255675 17.8526313804715 0 0
80.9800600302466 17.5807292457033 0 0
81.1159026610551 17.3132853317638 0 0
81.2607529552253 17.0506059179317 0 0
81.414445300563 16.7929926802369 0 0
81.5768047270576 16.5407419836724 0 0
81.7480447752768 16.294430224543 0 0
81.9277850292416 16.0542572916517 1 0
82.1155753148581 15.8203349926352 1 0
82.3111988117135 15.5929306187297 1 0
82.5144312208239 15.3723051397779 1 0
82.725039262255 15.1587115665188 1 0
82.9427813997878 14.9523950282058 1 0
83.1674076465018 14.7535920308052 1 0
83.3986608763927 14.5625313340574 1 0
83.6362753573679 14.3794315859721 1 0
83.8799790640416 14.2045035824592 1 0
84.1297827978744 14.0383988826188 1 0
84.3852150314174 13.8810979274869 1 0
84.6458215489954 13.7325415743038 1 0
84.9104487071697 13.5912242310113 1 0
85.1761489818871 13.4519282794414 1 0
85.4418311178602 13.312597730875 1 0
85.7160749951279 13.1928834377953 1 0
85.9997706265376 13.095355005005 1 0
86.2849712999951 13.0023121439274 1 0
86.5716523281193 12.9139369194947 1 0
86.8597819036275 12.8304036119837 1 0
87.1492909781442 12.751780009427 1 0
87.4400956805742 12.678087405207 1 0
87.7321125456234 12.6093486767254 1 0
88.0252940404512 12.5457594096778 1 0
88.3195192031706 12.4871949882706 1 0
88.6146959189504 12.4336401703719 1 0
88.9107390230639 12.3851102346428 1 0
89.207563280485 12.3416201101779 1 0
89.5050829114399 12.3031812983589 1 0
89.8032122181333 12.269805801416 1 0
90.10186514418 12.2415026980494 1 0
90.4009554899985 12.2182796127353 1 0
90.7003970775545 12.2001443457172 1 0
91.0001034933055 12.1871015661875 1 0
91.2999882731391 12.1791546572611 1 0
91.5999649327905 12.1763064426384 1 0
91.8999469506332 12.178557317149 1 0
92.1998477733697 12.1859074935296 1 0
92.4995809396501 12.1983537792311 1 0
92.7990599168232 12.21589383306 1 0
93.0981972177404 12.2385360988958 1 0
93.3970220631037 12.2650295987727 0 0
93.6957914499381 12.2921746441863 0 0
93.9945610839916 12.319316968445 0 0
94.2933334301576 12.3464294195856 0 0
94.5921076436763 12.3735212874274 0 0
94.8894262110749 12.4133369188539 0 0
95.186598874346 12.4544271634821 0 0
95.4837591885422 12.4956066116966 0 0
95.7808942660908 12.5369677732859 0 0
96.0780279368648 12.5783390397925 0 0
96.3751617204791 12.6197094958577 0 0
96.6722953885186 12.6610807820043 0 0
96.9694290382819 12.7024521994121 0 0
97.2665627066921 12.7438234828959 0 0
97.563696374749 12.7851947689171 0 0
97.8608300244949 12.8265661864503 0 0
98.1579636953589 12.8679374523107 0 0
98.4550974975646 12.9093077748473 0 0
98.752231147293 12.9506791925059 0 0
99.049364815379 12.9920504783182 0 0
99.3464984650958 13.0334218960603 0 0
99.6436321335061 13.0747931795442 0 0
99.9407658038124 13.1161644494091 0 0
100.237899587894 13.157534902116 0 0
100.535033256009 13.1989061877193 0 0
100.832166905697 13.2402776056704 0 0
101.129300574107 13.2816488891542 0 0
101.42643424224 13.3230201746321 0 0
101.723567893863 13.3643915786852 0 0
102.020701696905 13.4057618952098 0 0
102.317835365055 13.4471331805623 0 0
102.614969014708 13.4885045987642 0 0
102.91210268287 13.5298758840332 0 0
103.209236332511 13.5712473023186 0 0
103.506370002623 13.6126185735808 0 0
103.803503805685 13.6539888899634 0 0
104.100637455309 13.6953603083742 0 0
104.3977711235 13.7367315934343 0 0
104.694904773112 13.7781030119286 0 0
104.992038441522 13.8194742954124 0 0
105.289172111181 13.8608455699271 0 0
105.58630589591 13.9022160179842 0 0
105.883439564321 13.9435873014681 0 0
106.180573232546 13.9849585862773 0 0
106.477706882123 14.0263300050224 0 0
106.774840550361 14.0677012897482 0 0
107.071974201127 14.1090726999553 0 0
107.369108004922 14.150443011078 0 0
107.666241673176 14.1918142956784 0 0
107.963375322724 14.2331857146324 0 0
108.260508990991 14.2745569991493 0 0
108.557642640527 14.3159284181868 0 0
108.854776308937 14.3572997016707 0 0
109.151909978129 14.3986709795437 0 0
109.449043763326 14.4400414242425 0 0
109.746177431621 14.4814127085505 0 0
110.043311081129 14.5227841277969 0 0
110.340444749539 14.5641554112807 0 0
110.637578417852 14.6055266954633 0 0
110.934712067999 14.6468981101152 0 0
111.231845872337 14.6882684173363 0 0
111.528979540667 14.7296397013935 0 0
111.82611319014 14.7710111208907 0 0
112.123246858482 14.8123824048643 0 0
112.420380507942 14.8537538244451 0 0
112.717514176759 14.8951251050107 0 0
113.014647981297 14.9364954107945 0 0
113.31178163074 14.9778668305007 0 0
113.608915299112 15.0192381142654 0 0
113.906048948543 15.0606095340551 0 0
114.203182616953 15.1019808175389 0 0
114.500316285498 15.1433521000617 0 0
114.797450071342 15.1847225401107 0 0
115.094583739752 15.2260938235946 0 0
115.391717408158 15.2674651071085 0 0
115.688851057556 15.3088365271375 0 0
115.985984725965 15.3502078106328 0 0
116.283118375371 15.3915792306084 0 0
116.580252180216 15.4329495341875 0 0
116.877385848763 15.4743208166884 0 0
117.174519498186 15.5156922365386 0 0
117.471653166566 15.5570635202428 0 0
117.768786816001 15.5984349400095 0 0
118.065920484369 15.6398062237972 0 0
118.363054152779 15.681177507281 0 0
118.660187938388 15.7225479490226 0 0
118.957321607167 15.7639192298528 0 0
119.254455275577 15.8052905133367 0 0
119.551588925047 15.8466619328525 0 0
119.84872259338 15.8880332168911 0 0
120.145856242862 15.9294046363234 0 0
120.442990047088 15.9707749443474 0 0
120.740123716178 16.0121462229467 0 0
121.037257365677 16.0535176422536 0 0
121.334391033981 16.094888926501 0 0
121.631525235371 16.1362563818807 0 0
121.928660412788 16.1776168260407 0 0
122.225795730396 16.2189762630526 0 0
122.522930748238 16.2603378535873 0 0
122.817798578245 16.315587170746 0 0
123.112660281231 16.3708734430222 0 0
123.407318876188 16.4272290477436 0 0
123.700719982931 16.4897903175384 0 0
123.991701410475 16.5627756884643 0 0
124.279890735241 16.6460990275132 0 0
124.564921677561 16.7396512370348 0 0
124.846432044351 16.8433111906926 0 0
125.124063584073 16.9569467928653 0 0
125.397462838225 17.0804136052954 0 0
125.666282333431 17.213553363338 0 0
125.930179315109 17.356197843874 1 0
126.188818619077 17.508164116624 1 0
126.441870393757 17.6692598947226 1 0
126.689013407702 17.8392787769417 1 0
126.929932909589 18.0180046941861 1 0
127.164322032054 18.2052104722348 1 0
127.391882631244 18.4006575866719 1 0
127.612326525816 18.6040957458846 1 0
127.825373656831 18.8152657441252 1 0
128.030759646319 19.0338923292353 1 0
128.225737559885 19.2616658711392 1 0
128.400306300388 19.5052846847205 1 0
128.554800875201 19.7624247257923 1 0
128.702416204421 20.0235593937749 1 0
128.841639388255 20.2892611199144 1 0
128.972239605279 20.5593049962351 1 0
129.094073829872 20.8334148233795 1 0
129.207016387396 21.1113058753343 1 0
129.274498630088 21.3984722993424 1 0
129.268303031965 21.6984067351773 1 0
129.260128321049 21.9982942253434 1 0
129.250220429548 22.2981297933708 1 0
129.238835212782 22.5979131374081 1 0
129.226227309544 22.8976477245721 1 0
129.212645225295 23.1973398820131 1 0
129.198324511029 23.4969977519299 1 0
129.183478779394 23.7966301367308 1 0
129.168292238202 24.0962454806555 1 0
129.152914054297 24.3958510673166 1 0
129.137452141025 24.695452350245 1 0
129.12206176486 24.9950573134902 1 0
129.099104713575 25.2941578187393 1 0
129.074610571509 25.593156208288 1 0
129.050117679649 25.8921547003378 1 0
129.025609481266 26.191151938107 0 0
128.994592793532 26.4895408098431 0 0
128.951473068071 26.7864226418173 0 0
128.90823238009 27.0832900244989 0 0
128.864984030842 27.3801562911171 0 0
128.821716686877 27.6770197899617 0 0
128.778449342913 27.9738832888063 0 0
128.735182076075 28.2707467988919 0 0
128.691915634184 28.5676104292105 0 0
128.64864829022 28.8644739280551 0 0
128.605380946255 29.1613374268998 0 0
128.562113602291 29.4582009257444 0 0
128.518846335379 29.7550644358192 0 0
128.475579893562 30.0519280661485 0 0
128.432312560823 30.3487915666293 0 0
128.38904534835 30.6456550846385 0 0
128.345778004385 30.9425185834831 0 0
128.302510660421 31.2393820823277 0 0
128.259243393418 31.5362455923891 0 0
128.215976951692 31.8331092227319 0 0
128.172709607727 32.1299727215765 0 0
128.129442263763 32.4268362204211 0 0
128.086174919799 32.7236997192657 0 0
128.042907652722 33.0205632293164 0 0
127.99964121107 33.31742685967 0 0
127.956373867105 33.6142903585146 0 0
127.913106523141 33.9111538573592 0 0
127.869839179177 34.2080173562038 0 0
127.826571835212 34.5048808550484 0 0
127.783304568046 34.8017443650861 0 0
127.740038126483 35.0986079954526 0 0
127.696770782519 35.3954714942972 0 0
127.653503438554 35.6923349931418 0 0
127.61023609459 35.9891984919864 0 0
127.566968838533 36.2860620036432 0 0
127.523702528577 36.5829256531909 0 0
127.480435184613 36.8797891520355 0 0
127.437167840649 37.1766526508801 0 0
127.393900496684 37.4735161497247 0 0
127.35063315272 37.7703796485693 0 0
127.307365885389 38.0672431585829 0 0
127.264099443991 38.3641067889735 0 0
127.220832100027 38.6609702878181 0 0
127.177564756062 38.9578337866627 0 0
127.134297412098 39.2546972855073 0 0
127.091030144693 39.5515607955102 0 0
127.047763703369 39.8484244259115 0 0
127.004496359404 40.1452879247562 0 0
126.96122901544 40.4421514236007 0 0
126.917961671476 40.7390149224453 0 0
126.874694403997 41.0358784324375 0 0
126.831427962746 41.3327420628496 0 0
126.788160618782 41.6296055616942 0 0
126.744893274818 41.9264690605388 0 0
126.701625941992 42.2233325610069 0 0
126.658358729606 42.5201960790287 0 0
126.615091462035 42.8170595890074 0 0
126.571825020877 43.1139232194329 0 0
126.528557676912 43.4107867182775 0 0
126.485290332948 43.7076502171221 0 0
126.442022988983 44.0045137159667 0 0
126.398755721339 44.3013772259347 0 0
126.355489280254 44.5982408563709 0 0
126.31222193629 44.8951043552155 0 0
126.268954592326 45.1919678540601 0 0
126.225687248361 45.4888313529047 0 0
126.182419904397 45.7856948517494 0 0
126.139152636664 46.0825583617044 0 0
126.095886195668 46.3794219921535 0 0
126.052618851703 46.6762854909981 0 0
126.009351507739 46.9731489898428 0 0
125.966084163775 47.2700124886874 0 0
125.922816895968 47.5668759986317 0 0
125.879550455046 47.8637396290916 0 0
125.836283122177 48.1606031295533 0 0
125.793015909833 48.4574666475815 0 0
125.749748565869 48.7543301464261 0 0
125.706481221905 49.0511936452707 0 0
125.663213954006 49.3480571552016 0 0
125.619947513176 49.6449207856749 0 0
125.576680169211 49.9417842845195 0 0
125.533412825247 50.2386477833641 0 0
125.490145481283 50.5355112822088 0 0
125.44687821331 50.8323747921289 0 0
125.403611772553 51.1292384226129 0 0
125.360344428589 51.4261019214575 0 0
125.317077084625 51.7229654203022 0 0
125.27380974066 52.0198289191468 0 0
125.230542396696 52.3166924179913 0 0
125.187275128635 52.6135559278986 0 0
125.144008687967 52.9104195583956 0 0
125.100741344003 53.2072830572402 0 0
125.057474000038 53.5041465560848 0 0
125.014206667128 53.8010100565405 0 0
124.970939530652 54.0978735856261 0 0
124.927673090061 54.3947372161343 0 0
124.884405746097 54.6916007149789 0 0
124.841138402133 54.9884642138235 0 0
124.797871058168 55.2853277126681 0 0
124.754603789956 55.5821912225534 0 0
124.711337349439 55.8790548530723 0 0
124.668070005475 56.1759183519169 0 0
124.62480266151 56.4727818507615 0 0
124.581535317546 56.7696453496061 0 0
124.538267973582 57.0665088484507 0 0
124.495000705281 57.3633723583231 0 0
124.451734264852 57.660235988855 0 0
124.408466920888 57.9570994876996 0 0
124.365199576924 58.2539629865441 0 0
124.321932232959 58.5508264853888 0 0
124.278664964585 58.8476899952504 0 0
124.23539852423 59.144553625793 0 0
124.192131191279 59.4414171262427 0 0
124.148863979018 59.7382806442829 0 0
124.105596635054 60.0351441431275 0 0
124.062329291089 60.3320076419721 0 0
124.019062022623 60.6288711518203 0 0
123.97579558236 60.9257347823763 0 0
123.932528238396 61.2225982812209 0 0
123.889260894432 61.5194617800655 0 0
123.845993550467 61.8163252789101 0 0
123.802726281928 62.1131887887476 0 0
123.759459841738 62.4100524193143 0 0
123.716192497774 62.7069159181589 0 0
123.672925153809 63.0037794170035 0 0
123.629657809845 63.3006429158482 0 0
123.586390465881 63.5975064146928 0 0
123.543123197252 63.8943699245174 0 0
123.499856757152 64.1912335550969 0 0
123.456589413187 64.4880970539416 0 0
123.413322069223 64.7849605527862 0 0
123.370054725258 65.0818240516308 0 0
123.326787467525 65.3786875630433 0 0
123.283521159246 65.6755512128352 0 0
123.240253815282 65.9724147116798 0 0
123.196986471317 66.2692782105244 0 0
123.153719127353 66.5661417093691 0 0
123.110451858574 66.8630052191717 0 0
123.067185418624 67.1598688497732 0 0
123.023918074659 67.4567323486179 0 0
122.980650730695 67.7535958474625 0 0
122.937383386731 68.0504593463071 0 0
122.894116042766 68.3473228451517 0 0
122.850848773899 68.6441863549414 0 0
122.807582334037 68.9410499855559 0 0
122.764314990073 69.2379134844005 0 0
122.721047646109 69.5347769832451 0 0
122.677780302144 69.8316404820897 0 0
122.634513033203 70.1285039918686 0 0