122.515974 70.527063 0 0
122.470975897089 70.8236690868129 0 0
122.425977794179 71.1202751736258 0 0
122.380980816997 71.4168814312207 0 0
122.335982714157 71.7134875180443 0 0
122.290985588649 72.0100937531373 0 0
122.245987634116 72.3066998624605 0 0
122.200989531224 72.6033059492762 0 0
122.155992405655 72.8999121843599 0 0
122.110994451174 73.196518293691 0 0
122.065997325591 73.4931245287726 0 0
122.020999222883 73.7897306156162 0 0
121.976001268233 74.0863367249215 0 0
121.931004142598 74.3829429599952 0 0
121.886006039951 74.6795490468481 0 0
121.84100891424 74.9761552819103 0 0
121.796010959879 75.2727613912597 0 0
121.751012857018 75.56936747808 0 0
121.706015731246 75.865973713133 0 0
121.661017776938 76.1625798224902 0 0
121.616020651183 76.4591860575457 0 0
121.571022548677 76.75579214442 0 0
121.526024593996 77.0523982537207 0 0
121.481027468189 77.3490044887683 0 0
121.436029365745 77.6456105756519 0 0
121.391032388048 77.9422168331688 0 0
121.346034285723 78.2388229200705 0 0
121.301036182812 78.5354290068833 0 0
121.256039056838 78.8320352419055 0 0
121.211041102701 79.1286413512888 0 0
121.166042999879 79.4252474381153 0 0
121.121045873844 79.7218536731282 0 0
121.076047919759 80.0184597825193 0 0
121.03105079378 80.3150660175409 0 0
120.986052691539 80.6116721044552 0 0
120.941054736817 80.9082782137498 0 0
120.896057610786 81.2048844487635 0 0
120.851059508606 81.5014905356872 0 0
120.806062530605 81.7980967931579 0 0
120.761064428584 82.0947028801057 0 0
120.716066325673 82.3913089669186 0 0
120.671069199435 82.6879152019008 0 0
120.626071245522 82.984521311318 0 0
120.581074119371 83.2811275463135 0 0
120.536076017332 83.5777336332586 0 0
120.49107806258 83.8743397425485 0 0
120.446080936378 84.1709459775361 0 0
120.4010828344 84.4675520644905 0 0
120.356085856166 84.7641583219259 0 0
120.311087754378 85.060764408909 0 0
120.266089651467 85.3573704957219 0 0
120.221092673163 85.6539767531466 0 0
120.176094571445 85.9505828401404 0 0
120.131097444963 86.2471890750855 0 0
120.086099343126 86.5437951620614 0 0
120.041101388343 86.8404012713466 0 0
119.996104261969 87.1370075063082 0 0
119.951106160194 87.4336135932933 0 0
119.906109181727 87.7302198506933 0 0
119.861111080172 88.0268259377118 0 0
119.816112977261 88.3234320245247 0 0
119.771115998724 88.620038281914 0 0
119.726117897239 88.9166443689433 0 0
119.681120770554 89.2132506038576 0 0
119.63612281702 89.5098567133324 0 0
119.591124714307 89.8064628001752 0 0
119.54612758756 90.1030690350803 0 0
119.501129485988 90.3996751220961 0 0
119.456132507287 90.6962813794607 0 0
119.411134405966 90.9928874665147 0 0
119.366136303055 91.2894935533275 0 0
119.321139324284 91.5860998106815 0 0
119.276141223033 91.8827058977461 0 0
119.231144096146 92.1793121326297 0 0
119.186146142783 92.4759182421305 0 0
119.141148040101 92.772524328978 0 0
119.096150913152 93.0691305638524 0 0
119.051152811782 93.365736650899 0 0
119.006155832848 93.6623429082282 0 0
118.96115773176 93.9589489953175 0 0
118.916159628849 94.2555550821304 0 0
118.871162649845 94.5521613394489 0 0
118.826164548827 94.8487674265489 0 0
118.781167421737 95.1453736614018 0 0
118.736169468546 95.4419797709287 0 0
118.691171365895 95.7385858577808 0 0
118.646174238743 96.0351920926245 0 0
118.601176285605 96.3317982021592 0 0
118.556179158679 96.6284044370371 0 0
118.511181057554 96.9250105241208 0 0
118.466182954643 97.2216166109337 0 0
118.421185975406 97.5182228682168 0 0
118.376187874621 97.8148289553522 0 0
118.331190747328 98.1114351901744 0 0
118.28619279431 98.4080412997274 0 0
118.241194691688 98.7046473865841 0 0
118.196197564334 99.001253621397 0 0
118.151199611368 99.2978597309579 0 0
118.106202484271 99.5944659658097 0 0
118.061204383347 99.8910720529241 0 0
118.016206428426 100.187678162188 0 0
117.971209301277 100.484284397032 0 0
117.926211200415 100.780890484156 0 0
117.88121407292 101.077496718947 0 0
117.836216120073 101.374102828527 0 0
117.791218017482 101.670708915388 0 0
117.746220889926 101.96731515017 0 0
117.701222937131 102.263921259757 0 0
117.656225809862 102.560527494583 0 0
117.611227709141 102.857133581728 0 0
117.566229754189 103.153739690988 0 0
117.521232626868 103.450345925805 0 0
117.476234526209 103.74695201296 0 0
117.431237546457 104.043558270165 0 0
117.386239446187 104.340164357378 0 0
117.341241343276 104.636770444191 0 0
117.296244215517 104.933376678943 0 0
117.251246262894 105.229982788556 0 0
117.206249135453 105.526589023355 0 0
117.161251034935 105.823195110531 0 0
117.116253079952 106.119801219786 0 0
117.071255952459 106.416407454578 0 0
117.026257852003 106.713013541763 0 0
116.981260872017 107.009619798933 0 0
116.936262771981 107.306225886182 0 0
116.89126466907 107.602831972995 0 0
116.846267689014 107.899438230154 0 0
116.801269589048 108.196044317413 0 0
116.756272461045 108.492650552128 0 0
116.711274360729 108.789256639334 0 0
116.666276405715 109.085862748584 0 0
116.621279278051 109.38246898335 0 0
116.576281177797 109.679075070566 0 0
116.531284197578 109.9756813277 0 0
116.486286097775 110.272287414985 0 0
116.441287994864 110.568893501797 0 0
116.396291014575 110.865499758921 0 0
116.351292914842 111.162105846216 0 0
116.306295786636 111.4587120809 0 0
116.261297834392 111.75531819057 0 0
116.216299731909 112.051924277448 0 0
116.171302603642 112.348530512122 0 0
116.126304503591 112.645136599369 0 0
116.081307523138 112.941742856468 0 0
116.036309423569 113.238348943787 0 0
115.991311320658 113.5349550306 0 0
115.946314340135 113.831561287688 0 0
115.901316240636 114.128167375019 0 0
115.856318137725 114.424773461832 0 0
115.811321157132 114.721379718909 0 0
115.766323057703 115.01798580625 0 0
115.721325929234 115.314592040894 0 0
115.676327977214 115.611198150598 0 0
115.631329874771 115.907804237482 0 0
115.58633274624 116.204410472117 0 0
115.541334646452 116.501016559403 0 0
115.496337665696 116.797622816456 0 0
115.45133956643 117.094228903822 0 0
115.406341463519 117.390834990635 0 0
115.361344482693 117.687441247677 0 0
115.316346383497 117.984047335053 0 0
115.271349254825 118.280653569666 0 0
115.226351302977 118.577259679396 0 0
115.181353200565 118.873865766285 0 0
115.136356071831 119.170472000889 0 0
115.091358120035 119.467078110627 0 0
115.046360991767 119.763684345301 0 0
115.001362892224 120.060290432625 0 0
114.956364789313 120.356896519438 0 0
114.911367808254 120.653502776445 0 0
114.866369709291 120.950108863856 0 0
114.821372580416 121.246715098439 0 0
114.77637462874 121.543321208195 0 0
114.731376526359 121.839927295088 0 0
114.686379397423 122.136533529661 0 0
114.641381445798 122.433139639426 0 0
114.596384317359 122.729745874074 0 0
114.551386218018 123.026351961428 0 0
114.506388262856 123.322958070656 0 0
114.461391134365 123.619564305297 0 0
114.416393035085 123.91617039266 0 0
114.371395906008 124.212776627212 0 0
114.326397954503 124.509382736994 0 0
114.281399852153 124.805988823892 0 0
114.236402723014 125.102595058434 0 0
114.191404771561 125.399201168225 0 0
114.14640764295 125.695807402847 0 0
114.101409543812 125.992413490232 0 0
114.056411588619 126.289019599455 0 0
114.011414459956 126.58562583407 0 0
113.966416360879 126.882231921464 0 0
113.921419379305 127.178838178393 0 0
113.876421280857 127.475444265883 0 0
113.831423177946 127.772050352696 0 0
113.786426048605 128.068656587207 0 0
113.741428097324 128.365262697024 0 0
113.696430968541 128.66186893162 0 0
113.651432869605 128.958475019036 0 0
113.606434914382 129.255081128254 0 0
113.561437785548 129.551687362842 0 0
113.516439686673 129.848293450267 0 0
113.471442704865 130.144899707161 0 0
113.426444606651 130.441505794686 0 0
113.38144650374 130.738111881499 0 0
113.336449521862 131.034718138381 0 0
113.291451423718 131.331324225917 0 0
113.246454294133 131.627930460392 0 0
113.201456195399 131.924536547838 0 0
113.156458240146 132.221142657052 0 0
113.111461111139 132.517748891614 0 0
113.066463012467 132.81435497907 0 0
113.021466030426 133.110961235928 0 0
112.976467932445 133.407567323489 0 0
112.931469829534 133.704173410302 0 0
112.886481726499 134.000781007419 0 0
112.839728176461 134.297115456203 1 0
112.792126747365 134.593276925612 1 0
112.719206698227 134.884254933209 1 0
112.631294900565 135.171084998408 1 0
112.542430766651 135.457618920797 1 0
112.448591911656 135.742530931811 1 0
112.341496618458 136.022699190132 1 0
112.218509643548 136.296253692816 1 0
112.080025399259 136.562287928254 1 0
111.926512534031 136.819932356393 1 0
111.758480572537 137.068342525537 1 0
111.576483664682 137.30670301077 1 0
111.381119777897 137.534230045988 1 0
111.173031220985 137.750175724551 1 0
110.952902838068 137.953830874973 1 0
110.721458249726 138.144525989196 1 0
110.479458453737 138.32163442989 1 0
110.227708636652 138.484589713742 1 0
109.967041558238 138.632872070282 1 0
109.698315336009 138.766006568592 1 0
109.418210279261 138.872304497599 1 0
109.129569890681 138.953513728075 1 0
108.836246113823 139.016036293344 1 0
108.54121584217 139.070371930324 1 0
108.245182503192 139.118948246104 1 0
107.948252456245 139.161705871454 1 0
107.650540162201 139.198629566273 1 0
107.352159875114 139.22970193043 1 0
107.053226626296 139.254911751598 1 0
106.753855534983 139.274248647545 1 0
106.454161981697 139.28770586651 1 0
106.154261415063 139.295278164871 1 0
105.859540480602 139.241455285424 1 0
105.565230408624 139.183304007128 1 0
105.27098685775 139.124817033797 0 0
104.976797371204 139.066058696137 0 0
104.682649899377 139.00709037275 0 0
104.388528093252 138.947994156133 0 0
104.094384898021 138.889004490935 0 0
103.800229247479 138.83007696688 0 0
103.506085595664 138.771089578285 0 0
103.21193362837 138.712143673059 0 0
102.917768402622 138.653263965703 0 0
102.623605817502 138.594371067217 0 0
102.329438839895 138.535500116937 0 0
102.035259138998 138.476692774547 0 0
101.74107525071 138.417906382654 0 0
101.446891339858 138.359120103679 0 0
101.15270728198 138.300334560471 0 0
100.858523398179 138.241548146123 0 0
100.564339543802 138.182761584531 0 0
100.270155633166 138.123975304473 0 0
99.9759715750719 138.065189762348 0 0
99.6817876867838 138.006403370456 0 0
99.3876037763109 137.947617089584 0 0
99.0934197180536 137.888831548273 0 0
98.7992358341772 137.830045134304 0 0
98.505051957853 137.771258682542 0 0
98.2108678994337 137.712473142042 0 0
97.9166840111456 137.65368675015 0 0
97.6225001009974 137.594900467653 0 0
97.3283160424155 137.536114927967 0 0
97.0341321541274 137.477328536075 0 0
96.7399482484776 137.418542231066 0 0
96.4457642237949 137.359756521736 0 0
96.1515803355068 137.300970129844 0 0
95.8573964256834 137.242183845722 0 0
95.5632123667767 137.183398307661 0 0
95.2690284784886 137.124611915769 0 0
94.9748445688278 137.065825630833 0 0
94.6806605140185 137.007040072267 0 0
94.3864766598687 136.948253509538 0 0
94.09229275037 136.889467223791 0 0
93.7981086911385 136.830681687355 0 0
93.5039248028504 136.771895295463 0 0
93.2097408935144 136.713109008902 0 0
92.9155568383155 136.654323452286 0 0
92.6213729842305 136.595536889232 0 0
92.3271890750565 136.53675060186 0 0
92.0330050155003 136.47796506705 0 0
91.7388211272123 136.419178675157 0 0
91.444637218201 136.360392386971 0 0
91.1504531584821 136.301606852974 0 0
90.8562692743135 136.242820440467 0 0
90.5620853997431 136.184033979929 0 0
90.2679013398621 136.125248446744 0 0
89.9737197471654 136.066450578001 0 0
89.6795625564627 136.007530783187 0 0
89.3854424353506 135.948426177989 0 0
89.0916934795583 135.887595627438 0 0
88.7994674933997 135.819759394194 0 0
88.5078475096682 135.749347853612 0 0
88.2162252401913 135.678945780178 0 0
87.9246029634447 135.608543736901 0 0
87.6333756755092 135.53656391986 0 0
87.3435669156474 135.459087931316 0 0
87.055451350865 135.375537252947 1 0
86.7691542341873 135.285954242832 1 0
86.4848015026684 135.190378083424 1 0
86.2025181598304 135.08885096131 1 0
85.9224283781469 134.981417370349 1 0
85.6446553220261 134.868124566319 1 0
85.3693212590648 134.74902207912 1 0
85.0965469932511 134.62416288139 1 0
84.8264528690536 134.49360101219 1 0
84.559249980168 134.357217310414 1 0
84.2950447271586 134.215116646672 1 0
84.0338842872837 134.067500082667 1 0
83.7758838369809 133.914431928875 1 0
83.521156189905 133.755980587815 1 0
83.2698138416083 133.592214923097 1 0
83.0219669320635 133.423207555661 1 0
82.7777246136455 133.249032536762 1 0
82.5362434168267 133.071030260205 1 0
82.2955913423741 132.891902989652 1 0
82.05494753451 132.712764613933 0 0
81.8143253553176 132.533597188081 0 0
81.5737442318081 132.354374639457 0 0
81.3332297529332 132.175062667694 0 0
81.0928123675243 131.995620540119 0 0
80.8525291394172 131.815998812244 0 0
80.6124179220633 131.636147213596 0 0
80.3725563976738 131.455962747646 0 0
80.1330102201247 131.27535924926 0 0
79.8937963020572 131.094315887915 0 0
79.6549402804718 130.912800602296 0 0
79.4164736250617 130.730774081543 0 0
79.1784080568971 130.548223311939 0 0
78.9407769882709 130.365107326514 0 0
78.703691815635 130.181285178172 0 0
78.4670595504244 129.996880388855 0 0
78.2307281162595 129.81209016689 0 0
77.9945829720226 129.627061903589 0 0
77.7584905672957 129.441966317193 0 0
77.5224720780354 129.256776501615 0 0
77.2866270972892 129.071365834505 0 0
77.0509274933454 128.885770337729 0 0
76.8153412365616 128.700030989857 0 0
76.5798776963402 128.514136102547 0 0
76.3445420632662 128.328079315507 0 0
76.109335834773 128.141858966004 0 0
75.8742711346286 127.955460010618 0 0
75.6393097955159 127.768930766684 0 0
75.4041543106774 127.582646521606 0 0
75.1684895978595 127.397006794018 0 0
74.9323300891552 127.211996830912 0 0
74.6955681209083 127.027758487478 0 0
74.4580667891827 126.844474435945 0 0
74.22020219267 126.661661940784 0 0
73.9823512565165 126.478831605306 0 0
73.744368960833 126.296172307937 0 0
73.5062048560028 126.113750144671 0 0
73.2678574838517 125.931567500423 0 0
73.0293302644556 125.749620390569 0 0
72.7906271692162 125.567904080299 0 0
72.551000821237 125.38740879202 0 0
72.3101070916229 125.208608955018 0 0
72.0684156655898 125.030887056611 0 0
71.8258234410379 124.854397197945 0 0
71.5822289196087 124.679293111182 0 0
71.3386634251995 124.504147900337 0 0
71.0952484622893 124.328793727171 0 0
70.8512895876419 124.15419693171 0 0
70.6070558375356 123.979984865991 0 0
70.3625657521988 123.806132729267 0 0
70.1178761471258 123.632561454144 0 0
69.872933081242 123.459348315173 0 0
69.6269710600346 123.287588983337 0 0
69.3793539108792 123.11822441858 0 0
69.130440004593 122.950768892619 0 0
68.8803621375919 122.785055963951 0 0
68.6299769052245 122.619807183607 1 0
68.3799814123129 122.453969363457 1 0
68.1299795031207 122.288141014136 1 0
67.8800088706516 122.122265673367 1 0
67.6302863920048 121.956016857248 1 0
67.3805397704752 121.78980429139 1 0
67.1307263861511 121.623692062268 1 0
66.8808838770708 121.457623645241 1 0
66.6294985344741 121.293917392392 1 0
66.3745527675686 121.135814245763 1 0
66.1156491781658 120.984278293173 1 0
65.8534492517623 120.838525542503 1 0
65.5880773576939 120.698625810536 1 0
65.3192218440589 120.565544693942 1 0
65.0473805590247 120.438677845958 1 0
64.7727908486687 120.317873250967 1 0
64.4953820016446 120.203690755772 1 0
64.2152568656028 120.096343511 1 0
63.932820301173 119.995237867024 1 0
63.6481819346524 119.900499031171 1 0
63.3611719821292 119.813207107652 1 0
63.0722991776945 119.732304767976 1 0
62.7817005202375 119.657831484679 1 0
62.4893278138692 119.590662164223 1 0
62.1954610893746 119.530368013955 1 0
61.9003288595811 119.476609075168 1 0
61.6040133253087 119.429805376607 1 0
61.3066202840083 119.390420262459 1 0
61.0084278027404 119.357649801715 1 0
60.709576406113 119.331528298312 1 0
60.4101620724446 119.312900088118 1 0
60.1104618155974 119.299635028856 1 0
59.8105727608882 119.291879826476 1 0
59.5105842249781 119.290555387202 1 0
59.2106544292777 119.29665008168 1 0
58.9109247817772 119.309114597118 1 0
58.6115261209491 119.327943234203 1 0
58.3126491305965 119.353760808083 1 0
58.0144439206647 119.38643369379 1 0
57.717000826133 119.425432383939 1 0
57.4204530187366 119.47076033274 1 0
57.1251317963476 119.523492051466 1 0
56.8310004892873 119.582483925098 1 0
56.5381874525439 119.64771010722 1 0
56.2469583254472 119.719679442572 1 0
55.9574590761532 119.798322375266 1 0
55.6688501662586 119.880205811493 1 0
55.3802427328055 119.962094451423 1 0
55.0916438058113 120.044013063953 1 0
54.8030607903601 120.125987707572 1 0
54.5145045885956 120.208056680324 1 0
54.2259915926953 120.290277400907 1 0
53.9377817419754 120.373540791185 1 0
53.6502769151079 120.459220274035 0 0
53.361893605968 120.541843723662 0 0
53.0725426355465 120.621062975371 0 0
52.7836062229905 120.701775237686 0 0
52.494600171583 120.782224866816 0 0
52.2083210507863 120.871771481333 0 0
51.9238818675296 120.967125382748 0 0
51.6397505845557 121.06340312157 0 0
51.3557215768469 121.159982176083 0 0
51.0717993504732 121.25687471221 0 0
50.787992586158 121.354104933234 0 0
50.5043064372837 121.451686498019 0 0
50.2207444081039 121.549628133294 0 0
49.9373119131892 121.647943973621 0 0
49.6540152417832 121.746650485282 0 0
49.3708594862945 121.845760491519 0 0
49.0878507318424 121.945289462607 0 0
48.8049949273741 122.045252263699 0 0
48.5222976860382 122.145662592364 0 0
48.2397651049158 122.246535297338 0 0
47.9574026675296 122.347883281006 0 0
47.6752165919833 122.449721280082 0 0
47.3932121652677 122.552061216818 0 0
47.111395751805 122.654917770607 0 0
46.8297728025508 122.758302877417 0 0
46.5485110769054 122.86265270773 0 0
46.2693469116655 122.972504284168 0 0
45.9918429362217 123.086483707738 0 0
45.7129973359371 123.197130869574 0 0
45.4329621699342 123.304732609633 0 0
45.152910516833 123.412300335383 0 0
44.8724862914025 123.518889330296 0 0
44.5914185587757 123.623771067407 0 0
44.3108497692172 123.729968539963 0 0
44.0311691339067 123.83849457613 0 0
43.7516915897371 123.947545809192 0 0
43.4719742611621 124.05598061233 0 0
43.1920299743714 124.163828228625 0 0
42.9118715583523 124.271118460193 0 0
42.6315118910901 124.377881780631 0 0
42.3509643082748 124.484150389334 0 0
42.0702409584387 124.589953865734 0 0
41.7893549823032 124.695324883209 0 0
41.5083184546764 124.800293731101 0 0
41.2271440993748 124.904892845171 0 0
40.9458433475629 125.009151572934 0 0
40.664428435593 125.113101772705 0 0
40.3829103663244 125.216772280489 0 0
40.101300300949 125.320192631347 0 0
39.8196085517805 125.423390288975 0 0
39.537845046988 125.526391869661 0 0
39.2560196833815 125.62922407683 0 0
38.9741412803347 125.731910806792 0 0
38.6922183672343 125.83447527372 0 0
38.4102582311518 125.936937368067 0 0
38.1282686476476 126.039318392219 0 0
37.8462553952042 126.141634202448 0 0
37.5641995940015 126.243832545306 0 0
37.2819654470052 126.345536690366 0 0
36.9994670925377 126.446505225918 1 0
36.7163894002757 126.545826767661 1 0
36.4263530675912 126.620354938153 1 0
36.1313207935508 126.674580595253 1 0
35.8355111429105 126.724542046648 1 0
35.539107403188 126.77084850301 1 0
35.2421463320412 126.813430948028 1 0
34.94467680872 126.852297812583 1 0
34.6467450376529 126.887441187099 1 0
34.348397828032 126.918857985606 1 0
34.0496815341751 126.946541232315 1 0
33.7506428960574 126.97048757271 1 0
33.4513286191131 126.990693452263 1 0
33.151785388687 127.007155034481 1 0
32.8520600030292 127.019870128502 1 0
32.5521992637989 127.028836892721 1 0
32.2522499950567 127.034054228823 1 0
31.9522590200628 127.035521023175 1 0
31.6522731774868 127.033236691408 1 0
31.3523393073011 127.027201789492 1 0
31.0525042602601 127.017416834318 1 0
30.7528148076911 127.003884368972 1 0
30.4533177616383 126.986606165621 1 0
30.1540599128934 126.965584350512 1 0
29.8549051823723 126.943081004863 0 0
29.5557604750965 126.92044377648 0 0
29.2566162093145 126.897800714824 0 0
28.9574738848087 126.875132023456 0 0
28.6583518611366 126.852197247601 0 0
28.3592450317983 126.829064993683 0 0
28.0601614558126 126.805634161248 0 0
27.7610879736288 126.782074642032 0 0
27.4620022727543 126.758670839362 0 0
27.1629047068723 126.735419103924 0 0
26.8638039642114 126.712208208113 0 0
26.5646930718533 126.689128540638 0 0
26.2655803074515 126.666073082026 0 0
25.9664915176971 126.642708947749 0 0
25.6674064015418 126.619297555423 0 0
25.3683213467133 126.595885379569 0 0
25.0692362873152 126.572473262091 0 0
24.7701512324644 126.549061086521 0 0
24.4710661730886 126.525648968758 0 0
24.1719811182155 126.502236793472 0 0
23.8728961262412 126.478823814687 0 0
23.5738110817707 126.455411506514 0 0
23.2747260224394 126.431999388183 0 0
22.9756409675218 126.408587213466 0 0
22.6765559134426 126.38517502804 0 0
22.3774708541446 126.361762909282 0 0
22.0783857991937 126.338350734992 0 0
21.779300739918 126.314938615949 0 0
21.4802156849448 126.291526441943 0 0
21.1811306256914 126.268114322617 0 0
20.882045570696 126.244702148895 0 0
20.5829605114648 126.221290029284 0 0
20.2838754564471 126.197877855846 0 0
19.9847903972382 126.174465735951 0 0
19.6857053421983 126.151053562798 0 0
19.3866202830116 126.127641442618 0 0
19.0875303461586 126.104291733461 0 0
18.7884369443612 126.080986437898 0 0
18.4893439862105 126.057675445667 0 0
18.1902532355513 126.034336149461 0 0
17.8911666066966 126.010944098838 0 0
17.5950021786919 125.964154734496 0 0
17.2993493333173 125.913268635999 0 0
17.0037742802508 125.8619329298 0 0
16.7099947221749 125.801263491124 1 0
16.4186263948391 125.729896505992 1 0
16.1300676117128 125.647892027857 1 0
15.8447078036141 125.555355205139 1 0
15.5629314704373 125.45240921076 1 0
15.2851602070778 125.339093934932 1 0
15.0117963325333 125.215528627082 1 0
14.7431540133429 125.082018400926 1 0
14.4795936010151 124.938745253386 1 0
14.2214708482828 124.785899972468 1 0
13.9691322287363 124.6236898043 1 0
13.7229169522005 124.452333558622 1 0
13.4831570595183 124.272060782935 1 0
13.2501740761376 124.083115603885 1 0
13.0242825092321 123.885751038148 1 0
12.8057853850375 123.680233836304 1 0
12.5949772043363 123.466840051332 1 0
12.3921410834997 123.245857425202 1 0
12.1975498850671 123.01758342657 1 0
12.0114657927684 122.782324950786 1 0
11.8341390737956 122.540398769202 1 0
11.6657856637343 122.29214509494 1 0
11.5065937073214 122.037918529075 1 0
11.3567607293475 121.778067373921 1 0
11.2364899664462 121.504523143143 1 0
11.1432221564783 121.219404429876 1 0
11.0524331176012 120.933472008648 1 0
10.9638397043219 120.646857926509 1 0
10.881866872227 120.358305725837 1 0
10.8084510961778 120.067458029118 1 0
10.7436759598254 119.774564003143 1 0
10.6875935953363 119.479881190387 1 0
10.6402528095131 119.183667466666 1 0
10.601695632472 118.886181935028 1 0
10.5719555062557 118.587684924815 1 0
10.5510579813477 118.288437649888 1 0
10.5390215617393 117.988701907561 1 0
10.5358610954486 117.688739913276 1 0
10.5751534469818 117.392007210917 1 0
10.6245173761324 117.096096416799 1 0
10.6741178930685 116.800225196049 1 0
10.7238525651734 116.504376483348 1 0
10.7735870505075 116.208527736659 1 0
10.8233274058346 115.912679976753 1 0
10.8730345330296 115.616826632386 0 0
10.9226936077053 115.320965218673 0 0
10.9723337042851 115.025100619924 0 0
11.0219710003173 114.729235551283 0 0
11.0716071179609 114.433370284945 0 0
11.1212442037339 114.137505181028 0 0
11.1708812222229 113.841640065822 0 0
11.2205183797748 113.545774973947 0 0
11.2701544975927 113.249909707639 0 0
11.3197915831913 112.954044603692 0 0
11.3694286017054 112.658179488491 0 0
11.4190648586592 112.362314245525 0 0
11.4687018051346 112.066449118238 0 0
11.5183389626489 111.770584026356 0 0
11.567975981188 111.474718911159 0 0
11.6176122382661 111.178853668214 0 0
11.6672491846172 110.882988540906 0 0
11.7168863421064 110.58712344902 0 0
11.7665233606706 110.291258333828 0 0
11.8161596178729 109.995393090903 0 0
11.8657965640998 109.699527963574 0 0
11.9154337215639 109.403662871685 0 0
11.9650698399919 109.107797605478 0 0
12.0147069249805 108.81193250143 0 0
12.0643439435822 108.516067386243 0 0
12.1139811010214 108.220202294349 0 0
12.1636172196237 107.924337028172 0 0
12.213254304438 107.628471924094 0 0
12.2628913230647 107.332606808912 0 0
12.3125275805775 107.036741566039 0 0
12.3621645264939 106.740876438658 0 0
12.4118016838955 106.445011346758 0 0
12.4614387025473 106.14914623158 0 0
12.5110749601843 105.853280988728 0 0
12.5607119059765 105.557415861327 0 0
12.610349063353 105.261550769422 0 0
12.6599851823909 104.965685503318 0 0
12.7096222667696 104.669820399167 0 0
12.7592594363784 104.373955309315 0 0
12.8088964550738 104.078090194144 0 0
12.8585327129268 103.782224951329 0 0
12.9081696585029 103.486359823891 0 0
12.9578068158359 103.190494731979 0 0
13.0074438345564 102.894629616813 0 0
13.0570800925337 102.598764374018 0 0
13.1067170379855 102.302899246559 0 0
13.1563541952935 102.007034154643 0 0
13.2059903148089 101.71116888862 0 0
13.2556273987101 101.415303784388 0 0
13.305264417468 101.119438669228 0 0
13.3549015747509 100.823573577308 0 0
13.4045376944407 100.527708311314 0 0
13.4541747781675 100.231843207053 0 0
13.5038117969505 99.935978091897 0 0
13.5534480552383 99.6401128491544 0 0
13.6030850003797 99.3442477216436 0 0
13.652722157625 99.0483826297173 0 0
13.7023591764331 98.7525175145653 0 0
13.7519954348451 98.4566522718436 0 0
13.8016323798622 98.1607871443119 0 0
13.8512695370826 97.8649220523813 0 0
13.9009065559157 97.5690569372337 0 0
13.9505428144519 97.2731916945327 0 0
14.0001797593448 96.9773265669802 0 0
14.0498169165401 96.6814614750455 0 0
14.0994530368398 96.3855962091532 0 0
14.1490901199567 96.0897311047905 0 0
14.1987271388273 95.7938659896491 0 0
14.2483642959975 95.4980008977101 0 0
14.2980004164716 95.2021356318471 0 0
14.3476374994141 94.9062705274551 0 0
14.3972745183098 94.6104054123179 0 0
14.4469107771565 94.3145401696691 0 0
14.496547721739 94.0186750420645 0 0
14.5461848788717 93.7228099501193 0 0
14.5958218977924 93.4269448349862 0 0
14.6454581567634 93.1310795923583 0 0
14.6950951012215 92.8352144647328 0 0
14.7447322583292 92.5393493727833 0 0
14.7943683792389 92.2434841069934 0 0
14.8440054617458 91.9476190025284 0 0
14.893642480704 91.6517538874017 0 0
14.9432796377866 91.355888795448 0 0
14.9929157588707 91.0600235296873 0 0
15.0425528412032 90.7641584251931 0 0
15.0921898601865 90.4682933100705 0 0
15.1418270172441 90.1724282181127 0 0
15.1914631385025 89.8765629523812 0 0
15.2411002206607 89.5806978478577 0 0
15.290737239669 89.2848327327394 0 0
15.3403734990747 88.9889674901843 0 0
15.3900104430982 88.693102362486 0 0
15.4396476001182 88.3972372705218 0 0
15.4892846191516 88.1013721554077 0 0
15.5389208786816 87.8055069128735 0 0
15.5885578225808 87.5096417851543 0 0
15.6381949795757 87.2137766931859 0 0
15.6878311012697 86.9179114275276 0 0
15.7374681829923 86.6220463229309 0 0
15.7871053526011 86.3261812330788 0 0
15.8367423716781 86.030316117972 0 0
15.886378631424 85.734450875474 0 0
15.9360155751072 85.4385857477186 0 0
15.9856527320586 85.1427206557429 0 0
16.0352897511606 84.8468555406403 0 0
16.0849260110309 84.5509902981632 0 0
16.1345629545898 84.2551251703869 0 0
16.1842001115162 83.959260078407 0 0
16.2338362336877 83.6633948128287 0 0
16.2834733149327 83.367529708152 0 0
16.3331103340723 83.0716645930557 0 0
16.3827474909736 82.7757995010717 0 0
16.4323836133195 82.4799342355227 0 0
16.4820206943902 82.1840691308167 0 0
16.5316577135548 81.8882040157246 0 0
16.5812939737355 81.5923387732995 0 0
16.6309309169839 81.2964736454712 0 0
16.6805680738477 81.0006085534808 0 0
16.7302050930374 80.7047434383929 0 0
16.7798413533423 80.4088781959887 0 0
16.8294782964665 80.1130130681395 0 0
16.8791154533052 79.8171479761449 0 0
16.9287515760867 79.521282710669 0 0
16.9783886567218 79.2254176058899 0 0
17.028025675949 78.9295524908083 0 0
17.0776628327627 78.6336873988095 0 0
17.1272989557185 78.3378221333629 0 0
17.1769360361793 78.0419570285545 0 0
17.2265730554315 77.7460919134771 0 0
17.2762102122201 77.4502268214742 0 0
17.3258463353503 77.1543615560568 0 0
17.3754834156367 76.8584964512192 0 0
17.425120434914 76.562631336146 0 0
17.4747566956537 76.2667660938148 0 0
17.5243936383431 75.9709009658926 0 0
17.5740307950942 75.6750358738833 0 0
17.6236678143966 75.3791707588144 0 0
17.6733040752605 75.0833055165039 0 0
17.7229410178257 74.7874403885609 0 0
17.7725781745518 74.4915752965474 0 0
17.8222142981176 74.1957100312031 0 0
17.8718513779684 73.8998449262925 0 0
17.9214883973082 73.6039798112298 0 0
17.9711255540092 73.3081147192121 0 0
18.0207616777494 73.012249453897 0 0
18.0703987574258 72.7163843489571 0 0
18.1200357767907 72.4205192338986 0 0
18.1696729334667 72.1246541418767 0 0
18.2193090573812 71.8287888765909 0 0
18.2689461368832 71.5329237716218 0 0
18.3185831562732 71.2370586565675 0 0
18.3682194175718 70.94119341433 0 0
18.4178563597024 70.6453282863141 0 0
18.4674935163408 70.3494631942859 0 0
18.5171305357558 70.0535980792358 0 0
18.5667667971787 69.7577328370191 0 0
18.6164037391849 69.4618677089824 0 0
18.6660408957983 69.16600261695 0 0
18.7156770201485 68.8701373517373 0 0
18.7653140992149 68.574272246695 0 0
18.8149512688237 68.2784071568429 0 0
18.8645882882822 67.9825420418001 0 0
18.9142245499212 67.6866767996197 0 0
18.9638614917114 67.3908116715467 0 0
19.0134986482812 67.094946579507 0 0
19.0631347729345 66.7990813143451 0 0
19.1127718516978 66.503216209252 0 0
19.1624088711939 66.2073510942156 0 0
19.2120460277387 65.9114860021717 0 0
19.2616821525663 65.615620737039 0 0
19.3113192311552 65.3197556319166 0 0
19.3609562506764 65.0238905168844 0 0
19.4105934071961 64.7280254248363 0 0
19.4602295321981 64.4321601597329 0 0
19.5098666106127 64.1362950545813 0 0
19.5595036301589 63.8404299395533 0 0
19.6091398922325 63.5445646974458 0 0
19.658776833588 63.2486995692999 0 0
19.7084139900702 62.9528344772455 0 0
19.7580510096414 62.6569693622216 0 0
19.8076872718393 62.361104120135 0 0
19.8573242130706 62.0652389919683 0 0
19.9069613695277 61.7693738999096 0 0
19.9565974949653 61.4735086348793 0 0
20.0062345729443 61.1776435296546 0 0
20.0558715925531 60.8817784146371 0 0
20.1055087489852 60.5859133225743 0 0
20.1551448745972 60.2900480575732 0 0
20.2047819524018 59.9941829523193 0 0
20.2544189720356 59.6983178373059 0 0
20.3040561284426 59.4024527452389 0 0
20.3536922542289 59.1065874802672 0 0
20.4033293318592 58.8107223749839 0 0
20.4529663515181 58.5148572599748 0 0
20.5026026141507 58.2189920179611 0 0
20.5522395549472 57.9231268897214 0 0
20.6018767113167 57.6272617976481 0 0
20.6515137310006 57.3313966826431 0 0
20.7011499937575 57.0355314406503 0 0
20.7507869344298 56.7396663123898 0 0
20.8004240907742 56.4438012203122 0 0
20.8500602169962 56.1479359554135 0 0
20.8996972941908 55.8520708500572 0 0
20.9493343139123 55.5562057350586 0 0
20.9989918312344 55.2603440597185 0 0
21.0486884729088 54.9644889538076 0 0
21.0983758169285 54.6686323197188 0 0
21.1540304377789 54.373843355302 0 0
21.2170983125561 54.080547526543 0 0
21.2801584444639 53.7872500329235 0 0
21.3432162740031 53.4939520442982 0 0
21.4065016547621 53.2007038264897 0 0
21.4730014739272 52.9081852585854 0 0
21.5487771057628 52.6179371643476 1 0
21.6337845161787 52.3302622748151 1 0
21.7279014372665 52.0454406974662 1 0
21.831034039255 51.7637593042442 1 0
21.9430782009551 51.4855014042653 1 0
22.0639211053358 51.2109469662535 1 0
22.1934415975718 50.9403724396633 1 0
22.3315099341475 50.6740503770861 1 0
22.4781996331361 50.4123722494249 1 0
22.6335904061406 50.1557678628132 1 0
22.797063562003 49.9042444413248 1 0
22.9684537514413 49.6580545035834 1 0
23.1475894142202 49.4174463637587 1 0
23.3342896972971 49.182661723079 1 0
23.5283665304144 48.9539366364175 1 0
23.7296250974463 48.7315016881195 1 0
23.937862331333 48.5155801460628 1 0
24.1528694571439 48.3063900215675 1 0
24.3744304710166 48.1041421514104 1 0
24.6027848733692 47.9095966366178 1 0
24.8372292872775 47.7224466132346 1 0
25.0774249838525 47.5427436317134 1 0
25.3226836570042 47.3700072726885 1 0
25.5779067280422 47.2127609594323 1 0
25.8549290759845 47.0991659650346 1 0
26.1411616620593 47.0093453466174 1 0
26.429013216627 46.9248850527845 1 0
26.7186860854374 46.8469140764015 1 0
27.0100990016906 46.7757259464567 1 0
27.303099446483 46.7113840091666 1 0
27.5975271242708 46.6539229944286 1 0
27.8932212673777 46.6033754398063 1 0
28.1900200803328 46.5597682148923 1 0
28.4877613295358 46.5231255171509 1 0
28.7862821960314 46.4934669988398 1 0
29.0854194952125 46.4708090193314 1 0
29.3850215086271 46.4554536896541 1 0
29.6849027181597 46.4472674669348 1 0
29.9848938517259 46.4457508356544 1 0
30.2848854158756 46.4480005945028 1 0
30.5848764557387 46.4503175379854 1 0
30.8848661707226 46.4528012478827 1 0
31.1848543833373 46.4554571405839 1 0
31.4848401718922 46.4583751411457 0 0
31.7848259379535 46.4612941901791 0 0
32.0848137429461 46.4639984185923 0 0
32.3848001712349 46.466844857208 0 0
32.6847835080381 46.4700048788613 0 0
32.9847637516901 46.4734441100493 0 0
33.2847355894706 46.4775311173555 0 0
33.5847006315651 46.4821097568308 0 0
33.8846643642611 46.4867744183477 0 0
34.1846280970864 46.4914390715522 0 0
34.484591829895 46.4961037258345 0 0
34.784555562591 46.5007683873513 0 0
35.084519295287 46.5054330488682 0 0
35.3844830356966 46.5100972143071 0 0
35.6844467764661 46.5147613565968 0 0
35.9844105091621 46.5194260181137 0 0
36.2843742418581 46.5240906796306 0 0
36.5843379745541 46.5287553411474 0 0
36.8843017073544 46.5334199959632 0 0
37.184265440188 46.5380846486342 0 0
37.4842291792264 46.5427489022586 0 0
37.7841929211254 46.5474129719098 0 0
38.0841566539145 46.5520776274417 0 0
38.3841203867592 46.5567422793965 0 0
38.6840841194553 46.5614069409134 0 0
38.9840478521513 46.5660716024303 0 0
39.2840115849292 46.5707362586784 0 0
39.5839753228744 46.5754005826155 0 0
39.8839390660265 46.5800645716757 0 0
40.1839027987225 46.5847292331926 0 0
40.4838665314186 46.5893938947095 0 0
40.7838302641826 46.5940585518527 0 0
41.0837939970524 46.5987232021963 0 0
41.3837577297484 46.6033878637132 0 0
41.6837214624445 46.6080525252301 0 0
41.9836851988545 46.6127169478882 0 0
42.2836489436236 46.6173808329586 0 0
42.5836126763196 46.6220454944755 0 0
42.8835764090156 46.6267101559924 0 0
43.1835401417574 46.6313748145679 0 0
43.4835038746495 46.6360394634792 0 0
43.7834676073455 46.6407041249961 0 0
44.0834313424456 46.6453686319018 0 0
44.3833950883175 46.6500324460463 0 0
44.6833588212207 46.6546970942415 0 0
44.9833225539168 46.6593617557584 0 0
45.2832862866127 46.6640264172753 0 0
45.5832500193088 46.6686910787922 0 0
45.8832137520255 46.6733557389789 0 0
46.1831774860936 46.6780203122587 0 0
46.483141233184 46.6826840480376 0 0
46.78310496588 46.6873487095545 0 0
47.0830686985856 46.6920133704574 0 0
47.3830324315139 46.6966780170413 0 0
47.6829961642099 46.7013426785582 0 0
47.9829598969059 46.7060073400751 0 0
48.2829236296019 46.710672001592 0 0
48.5828873625354 46.715336647843 0 0
48.882851110321 46.7200003389151 0 0
49.1828148434772 46.7246649708374 0 0
49.4827785761732 46.7293296323543 0 0
49.7827423088692 46.7339942938712 0 0
50.0827060417887 46.7386589410174 0 0
50.3826697745031 46.743323601358 0 0
50.6826335071991 46.7479882628748 0 0
50.9825972537272 46.7526520348156 0 0
51.2825609883488 46.7573165724959 0 0
51.5825247210743 46.7619812321203 0 0
51.8824884537703 46.7666458936371 0 0
52.1824521864664 46.771310555154 0 0
52.4824159193636 46.7759752037325 0 0
52.7823796521002 46.7806398626408 0 0
53.0823433973752 46.7853037151725 0 0
53.3823071330376 46.7899681859164 0 0
53.6822708659237 46.794632835211 0 0
53.9822345986714 46.7992974934031 0 0
54.2821983313674 46.80396215492 0 0
54.5821620640635 46.8086268164369 0 0
54.8821257967595 46.8132914779538 0 0
55.1820895296317 46.8179561281436 0 0
55.4820532735402 46.8226200685583 0 0
55.7820170106347 46.8272844471992 0 0
56.0819807433307 46.8319491087161 0 0
56.3819444761918 46.8366137596221 0 0
56.6819082089646 46.8412784162029 0 0
56.9818719416606 46.8459430777198 0 0
57.2818356743566 46.8506077392367 0 0
57.5817994171002 46.8552717545661 0 0
57.8817631555357 46.8599360469652 0 0
58.1817268882318 46.8646007084821 0 0
58.4816906209278 46.869265369999 0 0
58.7816543536238 46.8739300315159 0 0
59.0816180864598 46.8785946840331 0 0
59.3815818192576 46.8832593390027 0 0
59.6815455605944 46.8879234448157 0 0
59.981506660343 46.8927521514339 0 0
60.2814542264292 46.8983311009375 0 0
60.5814035057337 46.9038079412042 0 0
60.8813782065717 46.9051473628648 0 0
61.1812671631226 46.8979547908229 0 0
61.4808551207428 46.8825734196939 0 0
61.779954243087 46.8593635115288 1 0
62.0793517443336 46.8404319141661 1 0
62.3788667356822 46.8233799502782 1 0
62.6783798431357 46.8062949151917 1 0
62.9777853769817 46.7875640698798 1 0
63.2766541482735 46.7617226960449 1 0
63.5746231582511 46.7270287028518 1 0
63.8714341223972 46.683513560098 1 0
64.1669723510699 46.6320524038185 1 0
64.460760483288 46.571401139739 1 0
64.7527259380863 46.5025089753673 1 0
65.0427248729945 46.4257476911508 1 0
65.3300953158568 46.339665497267 1 0
65.6150505457849 46.2459076710706 1 0
65.8972110654789 46.1440495367911 1 0
66.1761077882217 46.0335621971394 1 0
66.4519401254568 45.9156341904487 1 0
66.7240976526957 45.7894614900404 1 0
66.9924525109461 45.6553874642271 1 0
67.2571161498054 45.5141623147945 1 0
67.5171831247396 45.3646439509345 1 0
67.7730064442331 45.2079775469323 1 0
68.0244324200197 45.0443440551913 1 0
68.2705196707591 44.8727846414984 1 0
68.5119200778991 44.6946947668496 1 0
68.7480174928939 44.5096367359947 1 0
68.9781290085009 44.317193970247 1 0
69.2003420429399 44.1157211517464 1 0
69.4198312308493 43.9112111857148 1 0
69.63697168992 43.7042362208737 1 0
69.8479647683349 43.4910003137005 1 0
70.0519418601058 43.271045807421 1 0
70.2484952299318 43.0444282792834 1 0
70.4383112185387 42.8121354021205 1 0
70.6197457875192 42.5732398676979 1 0
70.7939969283357 42.32905748975 1 0
70.9602144992938 42.0793411779706 1 0
71.118159000334 41.8243076429473 1 0
71.2685234312923 41.5647296918434 1 0
71.4109992920827 41.3007213273351 1 0
71.5528377073672 41.0363695467356 1 0
71.6946300132255 40.77199303326 1 0
71.8363085316295 40.5075555298043 1 0
71.9830048076974 40.2459133216025 1 0
72.1365332371694 39.9881970513265 1 0
72.2781585621341 39.7237638487871 1 0
72.4036993097495 39.4513881571179 1 0
72.5158843861091 39.173166981979 1 0
72.6260918026042 38.8941433111147 1 0
72.7360739485912 38.6150305640233 1 0
72.846043928867 38.3359130198989 1 0
72.9560148836285 38.0567958597158 1 0
73.0659856792157 37.7776786368185 0 0
73.1759564309489 37.4985613966429 0 0
73.2859274596244 37.2194442655814 0 0
73.3958975896953 36.9403267804753 0 0
73.5058681615733 36.661209469438 0 0
73.6158389133065 36.3820922292624 0 0
73.7258099149739 36.1029750875598 0 0
73.8357807578253 35.8238578832844 0 0
73.9457509094738 35.5447404066796 0 0
74.0557216253427 35.2656231523743 0 0
74.1656924884498 34.9865059560796 0 0
74.275663240183 34.707388715904 0 0
74.3856339919162 34.4282714757284 0 0
74.4956044319212 34.1491541127338 0 0
74.6055749708079 33.8700367886981 0 0
74.715545722541 33.5909195485225 0 0
74.8255166566885 33.3118023802173 0 0
74.9354875670599 33.0326852025444 0 0
75.045457890081 32.7535677934593 0 0
75.1554282048987 32.474450381142 0 0
75.265399112038 32.1953332021957 0 0
75.3753700494175 31.916216035164 0 0
75.4853408011507 31.6370987949884 0 0
75.5953113450087 31.3579814729113 0 0
75.7052817800424 31.0788641079581 0 0
75.8152525317756 30.7997468677825 0 0
75.9252232835087 30.5206296276069 0 0
76.0351941433838 30.2415124300387 0 0
76.1451648706882 29.962395180239 0 0
76.2551350141332 29.683277700402 0 0
76.3651058537525 29.4041604948532 0 0
76.475076858652 29.125043354424 0 0
76.5850476103852 28.8459261142484 0 0
76.6950181904666 28.5668088064433 0 0
76.804988309102 28.2876913168316 0 0
76.9149593410097 28.0085741870436 0 0
77.0249300927428 27.729456946868 0 0
77.1349008850979 27.4503397226972 0 0
77.2448718512949 27.1712225670197 0 0
77.3548418233673 26.8921050196631 0 0
77.4648125751005 26.6129877794875 0 0
77.5747833404474 26.3338705446757 0 0
77.6847544196193 26.0547534335095 0 0
77.7947251710734 25.775636193224 0 0
77.9046950743163 25.4965186187491 0 0
78.0146661368504 25.2174015010277 0 0
78.124636901977 24.938284266129 0 0
78.2346076537101 24.6591670259534 0 0
78.3445784054433 24.3800497857779 0 0
78.4545486947437 24.1009323634066 0 0
78.564519384335 23.8218150987475 0 0
78.6744901360682 23.5426978585719 0 0
78.7844611681962 23.2635807288707 0 0
78.894431980587 22.984463512594 0 0
79.0044020549234 22.7053460055287 0 0
79.1143726184258 22.4262286911915 0 0
79.2243436235457 22.1471115508491 0 0
79.3343144629447 21.8679943452135 0 0
79.4442852146778 21.5888771050379 0 0
79.5543753675703 21.3098069506195 0 0
79.6647600679754 21.0308532162963 0 0
79.7751467008777 20.7519002021572 0 0
79.8854488941586 20.4729137766029 0 0
79.9962217990949 20.1941141880475 0 0
80.107659846258 19.9155796997629 0 0
80.2196616799171 19.6372713883176 0 0
80.3327833890348 19.3594171366338 0 0
80.4472049256237 19.0820953121365 0 0
80.5621312039108 18.8049817237633 0 0
80.6772128525449 18.5279326083357 0 0
80.7923569018037 18.2509094182358 0 0
80.9086403307659 17.9743763644716 0 0
81.0328393699096 17.7013239869537 0 0
81.1663271037213 17.4326963471564 0 0
81.3089477583267 17.1688072184553 0 0
81.4605346256003 16.909964657339 0 0
81.6209109492372 16.6564711510645 0 0
81.7898890450379 16.408622430825 0 0
81.9672728674918 16.1667088576735 0 0
82.1529480748651 15.931088810179 1 0
82.3471768517735 15.7024696240401 1 0
82.5491262142887 15.4806538311799 1 0
82.7585587846607 15.2658990951337 1 0
82.9752301728063 15.0584563973325 1 0
83.1988872996758 14.8585679089692 1 0
83.4292681705594 14.6664661693136 1 0
83.6661045793422 14.48237648085 1 0
83.9091201728179 14.3065141258579 1 0
84.1580312591566 14.1390846412103 1 0
84.4127829126697 13.9806762322546 1 0
84.6730090750684 13.8314383058601 1 0
84.9375230656646 13.6899073825445 1 0
85.2031804944272 13.5505297362914 1 0
85.468811889364 13.411102476705 1 0
85.7422407101834 13.2895444066327 1 0
86.0259338783912 13.1920088331607 1 0
86.3111246384809 13.0989352647649 1 0
86.5977894198026 13.0105079803936 1 0
86.8859083689415 12.9269387163926 1 0
87.1754143247324 12.8483038745552 1 0
87.466223011456 12.7746265820038 1 0
87.7582577310948 12.7059637626604 1 0
88.0514658424397 12.642499315593 1 0
88.3457138941335 12.584054151479 1 0
88.6409161949254 12.5306454357013 1 0
88.9369866451337 12.4822881774154 1 0
89.2338391782764 12.4389975939909 1 0
89.5313871558845 12.4007852940762 1 0
89.8295438906598 12.3676623161798 1 0
90.1282225640394 12.339638677698 1 0
90.4273361768794 12.3167226990154 1 0
90.7267975320131 12.2989202055827 1 0
91.0265194222707 12.2862370211262 1 0
91.3264145582132 12.2786775097614 1 0
91.6263955407076 12.2762426426737 1 0
91.9263749767986 12.2789338775336 1 0
92.2262654792187 12.2867504028872 1 0
92.5259797142327 12.2996890604219 1 0
92.8254302012152 12.3177490979281 1 0
93.1245284247643 12.3409402362865 1 0
93.423320260687 12.3678219298778 1 0
93.7220901889008 12.3949610159923 1 0
94.0208605015087 12.4220958700227 1 0
94.3196342909886 12.4491924134747 1 0
94.6183554381864 12.476753257672 1 0
94.915683780096 12.5167014378089 1 0
95.2130104155961 12.5566622950271 1 0
95.510317668312 12.5967670271581 1 0
95.807597415664 12.6370752371369 1 0
96.1048757132911 12.6773941379153 1 0
96.4021540353614 12.7177128584667 1 0
96.6994324597825 12.7580308243571 1 0
96.9967107574096 12.7983497251355 0 0
97.2939890550366 12.8386686259138 0 0
97.5912673526636 12.8789875266922 0 0
97.8885456531738 12.9193064062124 0 0
98.1858239659801 12.9596251950719 0 0
98.4831022636071 12.9999440958503 0 0
98.7803805612341 13.0402629966287 0 0
99.0776588588612 13.0805818974071 0 0
99.3749371593353 13.1209007771935 0 0
99.6722154721776 13.1612195657868 0 0
99.9694937698046 13.2015384665651 0 0
100.266772067432 13.2418573673435 0 0
100.564050365059 13.2821762681219 0 0
100.861328665497 13.3224951481745 0 0
101.158606999047 13.3628137840818 0 0
101.455885409178 13.4031318553421 0 0
101.753163706805 13.4434507561205 0 0
102.050442004432 13.4837696568989 0 0
102.347720304834 13.5240885372177 0 0
102.644998617748 13.5644073252786 0 0
102.942276915375 13.6047262260569 0 0
103.239555213002 13.6450451268353 0 0
103.536833513375 13.6853640073672 0 0
103.834111826318 13.725682795215 0 0
104.131390123946 13.7660016959934 0 0
104.428668421573 13.8063205967718 0 0
104.7259467192 13.8466394975501 0 0
105.023225019536 13.8869583783482 0 0
105.320503332516 13.9272771659298 0 0
105.617781630143 13.9675960667082 0 0
105.91505994759 14.0079148213469 0 0
106.212338358572 14.0482328863271 0 0
106.509616658873 14.0885517673914 0 0
106.806894971889 14.1288705547068 0 0
107.104173269516 14.1691894554852 0 0
107.401451567143 14.2095083562636 0 0
107.69872986477 14.2498272570419 0 0
107.996008165035 14.2901461383724 0 0
108.293286478086 14.3304649254216 0 0
108.590564775713 14.3707838262 0 0
108.887843073341 14.4111027269784 0 0
109.185121370968 14.4514216277568 0 0
109.482399671196 14.4917405093534 0 0
109.779677984284 14.5320592961364 0 0
110.076956281911 14.5723781969148 0 0
110.374234579538 14.6126970976932 0 0
110.671512896133 14.653015858612 0 0
110.968791310533 14.6933338983966 0 0
111.266069623657 14.7336526849134 0 0
111.563347921284 14.7739715856918 0 0
111.860626218911 14.8142904864702 0 0
112.157904516538 14.8546093872486 0 0
112.455182816694 14.8949282693776 0 0
112.752461129854 14.9352470556282 0 0
113.049739427481 14.9755659564066 0 0
113.347017725108 15.015884857185 0 0
113.644296022735 15.0562037579634 0 0
113.941574322856 15.0965226403587 0 0
114.238852636052 15.1368414263431 0 0
114.536130933679 15.1771603271215 0 0
114.833409231306 15.2174792278998 0 0
115.130687528933 15.2577981286782 0 0
115.427965829017 15.2981170113397 0 0
115.725244160313 15.3384356638737 0 0
116.022522573052 15.3787537158984 0 0
116.319800870679 15.4190726166768 0 0
116.617079168306 15.4593915174552 0 0
116.914357468354 15.4997104003828 0 0
117.211635781622 15.5400291858349 0 0
117.508914079249 15.5803480866133 0 0
117.806192376876 15.6206669873916 0 0
118.103470674503 15.66098588817 0 0
118.400748974515 15.7013047713639 0 0
118.69802728782 15.7416235565497 0 0
118.995305585447 15.7819424573281 0 0
119.292583883074 15.8222613581065 0 0
119.589862183057 15.8625802415134 0 0
119.88714049639 15.9028990264862 0 0
120.184418794017 15.9432179272645 0 0
120.481697108856 15.9835367011388 0 0
120.778975522447 16.0238547468834 0 0
121.076253822394 16.0641736305565 0 0
121.373532204208 16.1044919105825 0 0
121.670811185779 16.1448057680963 0 0
121.96809118613 16.1851121124002 0 0
122.265371173769 16.2254185504673 0 0
122.562333812162 16.2676910011325 0 0
122.857196205291 16.3229736305783 0 0
123.152032207953 16.3783956894845 0 0
123.44652667166 16.4355646089039 0 0
123.739608958666 16.4995052736355 0 0
124.030223343886 16.5738569091512 0 0
124.317997980299 16.6585316732406 0 0
124.60256693389 16.7534195877573 0 0
124.883568514558 16.8583981183537 0 0
125.16064507192 16.9733336031889 0 0
125.433443942192 17.098079758327 0 0
125.701618212563 17.2324771169737 0 0
125.964826153115 17.3763554583615 0 0
126.222733215794 17.5295307479721 1 0
126.475010711149 17.6918087787048 1 0
126.72133821588 17.8629819324684 1 0
126.96140197232 18.0428327206172 1 0
127.194896238231 18.2311324845472 1 0
127.421524012032 18.4276413104815 1 0
127.640999005008 18.6321068462316 1 0
127.853045744839 18.8442655432786 1 0
128.057402982284 19.06384004124 1 0
128.249936370629 19.2936213145602 1 0
128.421180646894 19.5395044810903 1 0
128.574849689321 19.7971346358765 1 0
128.721369129498 20.0588796349506 1 0
128.859458085227 20.32516692507 1 0
128.988904872729 20.5957604713586 1 0
129.109568862733 20.8703828739407 1 0
129.221325524062 21.1487489175923 1 0
129.270513604579 21.4384533097747 1 0
129.257249873893 21.738157603932 1 0
129.241789857541 22.0377572273247 1 0
129.224374068496 22.3372500009438 1 0
129.205256850074 22.6366393519249 1 0
129.184697476205 22.9359334089819 1 0
129.162954575249 23.2351440373402 1 0
129.140279905445 23.5342856629595 1 0
129.116907537471 23.8333737017955 1 0
129.093048629385 24.1324233944571 1 0
129.068883368673 24.4314485254179 1 0
129.044554629438 24.7304604149981 1 0
129.020479405088 25.0294928115843 1 0
128.995979143514 25.3284906866541 1 0
128.971488316533 25.6274893478445 1 0
128.946994332251 25.9264877503711 1 0
128.921777047556 26.2254187360679 1 0
128.888816154098 26.5235745539316 0 0
128.845833472101 26.8204794020181 0 0
128.802878066768 27.1173881979572 0 0
128.759903901196 27.414294279006 0 0
128.716909850253 27.711197481386 0 0
128.673915930753 28.0081007027996 0 0
128.630922547868 28.305004001919 0 0
128.587928496934 28.6019072043003 0 0
128.544934338729 28.8988103911478 0 0
128.501940215078 29.1957135829992 0 0
128.458946402756 29.4926168199331 0 0
128.415953019958 29.7895201190651 0 0
128.372958969039 30.0864233214485 0 0
128.329964810834 30.383326508296 0 0
128.286970687169 30.6802297001453 0 0
128.243976874759 30.9771329370666 0 0
128.200983457514 31.2740362312104 0 0
128.157989333841 31.5709394230584 0 0
128.114995282939 31.8678426254443 0 0
128.072001159259 32.1647458172914 0 0
128.029007108363 32.4616490196783 0 0
127.986013188538 32.7585522410449 0 0
127.943019805931 33.0554555402045 0 0
127.900025755044 33.3523587425925 0 0
127.857031631349 33.6492619344375 0 0
127.814037580468 33.9461651368265 0 0
127.771043660541 34.2430683581784 0 0
127.728050278021 34.5399716573507 0 0
127.685056227149 34.8368748597409 0 0
127.642062068943 35.1337780465884 0 0
127.599067945231 35.4306812384309 0 0
127.556074132544 35.7275844753119 0 0
127.513080750111 36.0244877744968 0 0
127.470086699253 36.3213909768892 0 0
127.427092541048 36.6182941637367 0 0
127.384098417322 36.915197355577 0 0
127.341104604547 37.2121005924455 0 0
127.298111187729 37.5090038866511 0 0
127.255117063994 37.8059070784901 0 0
127.212123013153 38.102810280885 0 0
127.169128889412 38.3997134727232 0 0
127.12613507655 38.696616709579 0 0
127.083141659834 38.9935200037994 0 0
127.040147536084 39.2904231956362 0 0
126.997153485258 39.5873263980333 0 0
126.954159361502 39.8842295898693 0 0
126.911165310683 40.1811327922673 0 0
126.868171390329 40.4780360135574 0 0
126.825178008174 40.7749393127824 0 0
126.782183957363 41.0718425151816 0 0
126.739189799158 41.3687457020291 0 0
126.696195675384 41.6656488938627 0 0
126.653201862332 41.9625521306909 0 0
126.610208480264 42.2594554299286 0 0
126.567214429468 42.5563586323299 0 0
126.524220271263 42.8532618191774 0 0
126.481226147475 43.1501650110088 0 0
126.438232334335 43.4470682478244 0 0
126.395238952354 43.7439715470747 0 0
126.352244901573 44.0408747494781 0 0
126.309250743368 44.3377779363257 0 0
126.266256619565 44.634681128155 0 0
126.223262806338 44.931584364958 0 0
126.180269390049 45.2284876592401 0 0
126.137275266237 45.525390851068 0 0
126.094281215473 45.8222940534741 0 0
126.051287091655 46.1191972453011 0 0
126.008293278341 46.4161004820915 0 0
125.965299862154 46.7130037763883 0 0
125.922305738327 47.0099069682142 0 0
125.879311687578 47.3068101706223 0 0
125.836317529373 47.6037133574699 0 0
125.793323405537 47.9006165492944 0 0
125.75032959212 48.1975197860698 0 0
125.707336210417 48.4944230853603 0 0
125.664342159683 48.7913262877706 0 0
125.621348001478 49.0882294746182 0 0
125.578353877628 49.3851326664406 0 0
125.535360064123 49.6820359032033 0 0
125.492366682507 49.9789392025065 0 0
125.449372631788 50.2758424049189 0 0
125.406378473583 50.5727455917665 0 0
125.363384349718 50.8696487835868 0 0
125.320390536126 51.1665520203369 0 0
125.277397120263 51.4634553146808 0 0
125.23440299639 51.7603585064998 0 0
125.191408945688 52.0572617089148 0 0
125.148414821808 52.3541649007329 0 0
125.105421008129 52.6510681374704 0 0
125.062427592368 52.9479714318291 0 0
125.01943346848 53.244874623646 0 0
124.976439417793 53.541777826063 0 0
124.933445259588 53.8386810129106 0 0
124.89045113569 54.1355842047262 0 0
124.847457321908 54.4324874414487 0 0
124.80446394057 54.7293907407921 0 0
124.761469889898 55.0262939432113 0 0
124.718475731693 55.3231971300589 0 0
124.67548160778 55.6201003218723 0 0
124.632487793911 55.9170035585822 0 0
124.58949441266 56.2139068579383 0 0
124.546500362003 56.5108100603596 0 0
124.503506203798 56.8077132472072 0 0
124.460512079871 57.1046164390184 0 0
124.417518265914 57.4015196757157 0 0
124.37452488475 57.6984229750844 0 0
124.331530834108 57.9953261775079 0 0
124.288536675903 58.2922293643554 0 0
124.245542551961 58.5891325561646 0 0
124.202548737917 58.8860357928493 0 0
124.159555322583 59.1829390872697 0 0
124.116561198633 59.4798422790777 0 0
124.073567148007 59.7767454815037 0 0
124.030573024051 60.0736486733107 0 0
123.98757920992 60.3705519099828 0 0
123.944585794688 60.667455204418 0 0
123.901591670723 60.9643583962238 0 0
123.858597620112 61.261261598652 0 0
123.815603461907 61.5581647854995 0 0
123.772609337933 61.8550679773041 0 0
123.729615523699 62.1519712139612 0 0
123.686622142813 62.44887451337 0 0
123.643628092217 62.7457777158003 0 0
123.600633934012 63.0426809026479 0 0
123.557639810024 63.3395840944503 0 0
123.514645995702 63.6364873310947 0 0
123.471652614903 63.9333906305162 0 0
123.428658564322 64.2302938329486 0 0
123.385664406117 64.5271970197961 0 0
123.342670282114 64.8241002115964 0 0
123.299676467705 65.1210034482283 0 0
123.256683052798 65.4179067427105 0 0
123.213688928786 65.7148099345095 0 0
123.170694878222 66.0117131369445 0 0
123.127700754204 66.3086163287426 0 0
123.084706939708 66.6055195653618 0 0
123.041713524903 66.9024228598588 0 0
122.998719400876 67.1993260516557 0 0
122.955725350327 67.4962292540928 0 0
122.912731192122 67.7931324409403 0 0
122.869737068086 68.0900356327359 0 0
122.826743253487 68.3869388693402 0 0
122.783749872966 68.6838421688019 0 0
122.740755822432 68.9807453712411 0 0
122.697761664227 69.2776485580886 0 0
122.654767540177 69.5745517498821 0 0
122.61177372549 69.8714549864737 0 0
122.568780345056 70.168358285948 0 0