125.074	70.859	0	1
125.02800462963	71.1559398148148	0	1
124.982009259259	71.4528796296296	0	1
124.936013888889	71.7498194444444	0	1
124.890018518519	72.0467592592593	0	1
124.844023148148	72.3436990740741	0	1
124.798027777778	72.6406388888889	0	1
124.752032407407	72.9375787037037	0	1
124.706037037037	73.2345185185185	0	1
124.660041666667	73.5314583333333	0	1
124.614046296296	73.8283981481481	0	1
124.568050925926	74.125337962963	0	1
124.522055555556	74.4222777777778	0	1
124.476060185185	74.7192175925926	0	1
124.430064814815	75.0161574074074	0	1
124.384069444444	75.3130972222222	0	1
124.338074074074	75.610037037037	0	1
124.292078703704	75.9069768518519	0	1
124.246083333333	76.2039166666667	0	1
124.200087962963	76.5008564814815	0	1
124.154092592593	76.7977962962963	0	1
124.108097222222	77.0947361111111	0	1
124.062101851852	77.3916759259259	0	1
124.016106481481	77.6886157407407	0	1
123.970111111111	77.9855555555555	0	1
123.924115740741	78.2824953703704	0	1
123.87812037037	78.5794351851852	0	1
123.832125	78.876375	0	1
123.78612962963	79.1733148148148	0	1
123.740134259259	79.4702546296296	0	1
123.694138888889	79.7671944444444	0	1
123.648143518519	80.0641342592592	0	1
123.602148148148	80.3610740740741	0	1
123.556152777778	80.6580138888889	0	1
123.510157407407	80.9549537037037	0	1
123.464162037037	81.2518935185185	0	1
123.418166666667	81.5488333333333	0	1
123.372171296296	81.8457731481481	0	1
123.326175925926	82.1427129629629	0	1
123.280180555556	82.4396527777778	0	1
123.234185185185	82.7365925925926	0	1
123.188189814815	83.0335324074074	0	1
123.142194444444	83.3304722222222	0	1
123.096199074074	83.627412037037	0	1
123.050203703704	83.9243518518518	0	1
123.004208333333	84.2212916666667	0	1
122.958212962963	84.5182314814815	0	1
122.912217592593	84.8151712962963	0	1
122.866222222222	85.1121111111111	0	1
122.820226851852	85.4090509259259	0	1
122.774231481481	85.7059907407407	0	1
122.728236111111	86.0029305555556	0	1
122.682240740741	86.2998703703704	0	1
122.63624537037	86.5968101851852	0	1
122.59025	86.89375	0	1
122.54425462963	87.1906898148148	0	1
122.498259259259	87.4876296296296	0	1
122.452263888889	87.7845694444444	0	1
122.406268518519	88.0815092592592	0	1
122.360273148148	88.3784490740741	0	1
122.314277777778	88.6753888888889	0	1
122.268282407407	88.9723287037037	0	1
122.222287037037	89.2692685185185	0	1
122.176291666667	89.5662083333333	0	1
122.130296296296	89.8631481481481	0	1
122.084300925926	90.160087962963	0	1
122.038305555556	90.4570277777778	0	1
121.992310185185	90.7539675925926	0	1
121.946314814815	91.0509074074074	0	1
121.900319444444	91.3478472222222	0	1
121.854324074074	91.644787037037	0	1
121.808328703704	91.9417268518519	0	1
121.762333333333	92.2386666666667	0	1
121.716337962963	92.5356064814815	0	1
121.670342592593	92.8325462962963	0	1
121.624347222222	93.1294861111111	0	1
121.578351851852	93.4264259259259	0	1
121.532356481481	93.7233657407407	0	1
121.486361111111	94.0203055555555	0	1
121.440365740741	94.3172453703704	0	1
121.39437037037	94.6141851851852	0	1
121.348375	94.911125	0	1
121.30237962963	95.2080648148148	0	1
121.256384259259	95.5050046296296	0	1
121.210388888889	95.8019444444444	0	1
121.164393518519	96.0988842592593	0	1
121.118398148148	96.3958240740741	0	1
121.072402777778	96.6927638888889	0	1
121.026407407407	96.9897037037037	0	1
120.980412037037	97.2866435185185	0	1
120.934416666667	97.5835833333333	0	1
120.888421296296	97.8805231481481	0	1
120.842425925926	98.1774629629629	0	1
120.796430555556	98.4744027777778	0	1
120.750435185185	98.7713425925926	0	1
120.704439814815	99.0682824074074	0	1
120.658444444444	99.3652222222222	0	1
120.612449074074	99.662162037037	0	1
120.566453703704	99.9591018518518	0	1
120.520458333333	100.256041666667	0	1
120.474462962963	100.552981481481	0	1
120.428467592593	100.849921296296	0	1
120.382472222222	101.146861111111	0	1
120.336476851852	101.443800925926	0	1
120.290481481481	101.740740740741	0	1
120.244486111111	102.037680555556	0	1
120.198490740741	102.33462037037	0	1
120.15249537037	102.631560185185	0	1
120.1065	102.9285	0	1
120.06050462963	103.225439814815	0	1
120.014509259259	103.52237962963	0	1
119.968513888889	103.819319444444	0	1
119.922518518519	104.116259259259	0	1
119.876523148148	104.413199074074	0	1
119.830527777778	104.710138888889	0	1
119.784532407407	105.007078703704	0	1
119.738537037037	105.304018518519	0	1
119.692541666667	105.600958333333	0	1
119.646546296296	105.897898148148	0	1
119.600550925926	106.194837962963	0	1
119.554555555556	106.491777777778	0	1
119.508560185185	106.788717592593	0	1
119.462564814815	107.085657407407	0	1
119.416569444444	107.382597222222	0	1
119.370574074074	107.679537037037	0	1
119.324578703704	107.976476851852	0	1
119.278583333333	108.273416666667	0	1
119.232587962963	108.570356481481	0	1
119.186592592593	108.867296296296	0	1
119.140597222222	109.164236111111	0	1
119.094601851852	109.461175925926	0	1
119.048606481481	109.758115740741	0	1
119.002611111111	110.055055555556	0	1
118.956615740741	110.35199537037	0	1
118.91062037037	110.648935185185	0	1
118.864625	110.945875	0	1
118.81862962963	111.242814814815	0	1
118.772634259259	111.53975462963	0	1
118.726638888889	111.836694444444	0	1
118.680643518519	112.133634259259	0	1
118.634648148148	112.430574074074	0	1
118.588652777778	112.727513888889	0	1
118.542657407407	113.024453703704	0	1
118.496662037037	113.321393518519	0	1
118.450666666667	113.618333333333	0	1
118.404671296296	113.915273148148	0	1
118.358675925926	114.212212962963	0	1
118.312680555556	114.509152777778	0	1
118.266685185185	114.806092592593	0	1
118.220689814815	115.103032407407	0	1
118.174694444444	115.399972222222	0	1
118.128699074074	115.696912037037	0	1
118.082703703704	115.993851851852	0	1
118.036708333333	116.290791666667	0	1
117.990712962963	116.587731481481	0	1
117.944717592593	116.884671296296	0	1
117.898722222222	117.181611111111	0	1
117.852726851852	117.478550925926	0	1
117.806731481481	117.775490740741	0	1
117.760736111111	118.072430555556	0	1
117.714740740741	118.36937037037	0	1
117.66874537037	118.666310185185	0	1
117.62275	118.96325	0	1
117.57675462963	119.260189814815	0	1
117.530759259259	119.55712962963	0	1
117.484763888889	119.854069444444	0	1
117.438768518519	120.151009259259	0	1
117.392773148148	120.447949074074	0	1
117.346777777778	120.744888888889	0	1
117.300782407407	121.041828703704	0	1
117.254787037037	121.338768518519	0	1
117.208791666667	121.635708333333	0	1
117.162796296296	121.932648148148	0	1
117.116800925926	122.229587962963	0	1
117.070805555556	122.526527777778	0	1
117.024810185185	122.823467592593	0	1
116.978814814815	123.120407407407	0	1
116.932819444444	123.417347222222	0	1
116.886824074074	123.714287037037	0	1
116.840828703704	124.011226851852	0	1
116.794833333333	124.308166666667	0	1
116.748837962963	124.605106481481	0	1
116.702842592593	124.902046296296	0	1
116.656847222222	125.198986111111	0	1
116.610851851852	125.495925925926	0	1
116.564856481481	125.792865740741	1	1
116.518861111111	126.089805555556	1	1
116.472865740741	126.38674537037	1	1
116.42687037037	126.683685185185	1	1
116.380875	126.980625	1	1
116.33487962963	127.277564814815	1	1
116.288884259259	127.57450462963	1	1
116.242888888889	127.871444444444	1	1
116.196893518519	128.168384259259	1	1
116.150898148148	128.465324074074	1	1
116.104902777778	128.762263888889	1	1
116.058907407407	129.059203703704	1	1
116.012912037037	129.356143518519	1	1
115.966916666667	129.653083333333	1	1
115.920921296296	129.950023148148	1	1
115.874925925926	130.246962962963	1	1
115.828930555556	130.543902777778	1	1
115.782935185185	130.840842592593	1	1
115.733617362918	131.136940563931	1	1
115.652579131276	131.426181615461	1	1
115.565117025348	131.713545428256	1	1
115.471274462501	131.998889351051	1	1
115.371098027447	132.282071735279	1	1
115.264637449118	132.562952005393	1	1
115.151945575978	132.841390728644	1	1
115.03307834979	133.117249684301	1	1
114.908094777846	133.390391932263	1	1
114.777056903674	133.66068188104	1	1
114.640029776239	133.927985355062	1	1
114.497081417653	134.192169661286	1	1
114.348282789405	134.453103655065	1	1
114.193707757139	134.710657805249	1	1
114.033433053981	134.964704258492	1	1
113.867538242453	135.215116902713	1	1
113.696105674973	135.461771429703	1	1
113.519220452975	135.704545396834	1	1
113.336970384666	135.943318287839	1	1
113.149445941434	136.17797157264	1	1
112.956740212938	136.408388766187	1	1
112.758948860895	136.634455486283	1	1
112.556170071597	136.856059510362	1	1
112.348504507165	137.073090831205	1	1
112.136055255582	137.28544171154	1	1
111.918927779516	137.493006737532	1	1
111.697229863971	137.695682871106	1	1
111.471071562777	137.893369501101	1	1
111.240565143961	138.085968493211	1	1
111.005825034011	138.273384238703	1	1
110.766967761081	138.455523701878	1	1
110.524111897136	138.632296466254	1	1
110.277377999097	138.80361477945	1	1
110.026888548995	138.969393596748	1	1
109.772767893164	139.129550623312	1	1
109.51514218052	139.284006355036	1	1
109.254139299937	139.432684118015	1	1
108.989888816758	139.575510106607	1	1
108.722521908482	139.712413420067	1	1
108.452171299641	139.843326097747	1	1
108.17897119592	139.96818315283	1	1
107.903057217528	140.086922604594	1	1
107.624566331879	140.199485509176	1	1
107.343636785598	140.305815988834	1	1
107.060408035896	140.405861259686	1	1
106.775020681338	140.499571657913	1	1
106.487616392049	140.58690066441	1	1
106.198337839389	140.667804927885	1	1
105.907328625126	140.742244286369	1	1
105.614733210153	140.810181787165	1	1
105.320696842774	140.87158370518	1	1
105.025365486601	140.926419559678	1	1
104.728885748096	140.9746621294	1	1
104.431404803793	141.016287466086	1	1
104.133070327239	141.051274906358	1	1
103.834030415685	141.079607081979	1	1
103.53443351657	141.101269928477	1	1
103.23442835383	141.116252692122	1	1
102.934163854065	141.12454793527	1	1
102.633789072619	141.126151540048	1	1
102.333453119575	141.121062710407	1	1
102.137	141.109333333333	0	1
101.8358125	141.064104166667	0	1
101.534625	141.018875	0	1
101.2334375	140.973645833333	0	1
100.93225	140.928416666667	0	1
100.6310625	140.8831875	0	1
100.329875	140.837958333333	0	1
100.0286875	140.792729166667	0	1
99.7275	140.7475	0	1
99.4263125	140.702270833333	0	1
99.125125	140.657041666667	0	1
98.8239375	140.6118125	0	1
98.52275	140.566583333333	0	1
98.2215625	140.521354166667	0	1
97.920375	140.476125	0	1
97.6191875	140.430895833333	0	1
97.318	140.385666666667	0	1
97.0168125	140.3404375	0	1
96.715625	140.295208333333	0	1
96.4144375	140.249979166667	0	1
96.11325	140.20475	0	1
95.8120625	140.159520833333	0	1
95.510875	140.114291666667	0	1
95.2096875	140.0690625	0	1
94.9085	140.023833333333	0	1
94.6073125	139.978604166667	0	1
94.306125	139.933375	0	1
94.0049375	139.888145833333	0	1
93.70375	139.842916666667	0	1
93.4025625	139.7976875	0	1
93.101375	139.752458333333	0	1
92.8001875	139.707229166667	0	1
92.5015	139.6893	0	1
92.2027137789926	139.671401838831	0	1
91.9044636432076	139.635520290187	1	1
91.6059211218661	139.60215875575	1	1
91.3071075070184	139.571319614866	1	1
91.0080441100489	139.543005066981	1	1
90.7087522601567	139.517217131488	1	1
90.409253302834	139.493957647584	1	1
90.109568598344	139.473228274134	1	1
89.8097195201975	139.455030489556	1	1
89.5097274536281	139.439365591718	1	1
89.2096137940676	139.426234697838	1	1
88.9093999456197	139.415638744413	1	1
88.6091073195336	139.407578487146	1	1
88.308757332677	139.402054500894	1	1
88.0083714060085	139.399067179628	1	1
87.7079709630498	139.398616736404	1	1
87.4075774283581	139.400703203346	1	1
87.1072122259978	139.405326431649	1	1
86.8068967780127	139.412486091584	1	1
86.5066525028981	139.422181672524	1	1
86.2065008140732	139.43441248298	1	1
85.9064631183539	139.449177650651	1	1
85.6065608144263	139.466476122485	1	1
85.3068152913202	139.486306664755	1	1
85.0072479268839	139.508667863148	1	1
84.7078800862594	139.533558122862	1	1
84.4087331203584	139.560975668725	1	1
84.1098283643403	139.590918545317	1	1
83.8111871360898	139.623384617113	1	1
83.5128307346967	139.658371568633	1	1
83.2147804389373	139.695876904608	1	1
82.9170575057561	139.735897950157	1	1
82.6196831687502	139.77843185098	1	1
82.3226786366551	139.823475573559	1	1
82.0260650918313	139.871025905377	1	1
81.7298636887546	139.921079455144	1	1
81.4340955525066	139.973632653041	1	1
81.1387817772682	140.028681750975	1	1
80.8439434248156	140.086222822845	1	1
80.581022007925	140.201503067824	1	1
80.2942994511876	140.292261102049	1	1
80.009647284148	140.389317730458	1	1
79.7272038529063	140.492625781775	1	1
79.4471064300768	140.602135046418	1	1
79.1694911480716	140.717792300906	1	1
78.8944929329373	140.839541333721	1	1
78.6222454387786	140.967322972632	1	1
78.3528809828002	141.101075113452	1	1
78.0865304809981	141.240732750223	1	1
77.8233233845321	141.386228006806	1	1
77.5633876168102	141.537490169879	1	1
77.3068495113152	141.694445723293	1	1
77.053833750205	141.857018383812	1	1
76.8044633037142	142.025129138184	1	1
76.5588593703888	142.198696281542	1	1
76.317141318181	142.377635457117	1	1
76.0794266264348	142.561859697233	1	1
75.8458308287884	142.75127946558	1	1
75.6164674570232	142.945802700724	1	1
75.2633337807401	143.205128873475	1	1
75.0546016952927	143.420692792659	1	1
74.8451163341313	143.635524750729	1	1
74.6348802640088	143.849622115422	1	1
74.4238960608763	144.062982263476	1	1
74.2121663098515	144.275602580661	1	1
73.9996936051871	144.487480461814	1	1
73.786480550239	144.698613310866	1	1
73.5725297574343	144.908998540878	1	1
73.3578438482393	145.118633574072	1	1
73.1424254531275	145.327515841861	1	1
72.9262772115472	145.535642784881	1	1
72.7094017718895	145.743011853023	1	1
72.4918017914553	145.949620505466	1	1
72.2734799364234	146.155466210703	1	1
72.0544388818171	146.360546446577	1	1
71.8346813114721	146.564858700309	1	1
71.6142099180032	146.768400468531	1	1
71.3930274027715	146.971169257315	1	1
71.1711364758511	147.173162582203	1	1
70.9485398559961	147.374377968241	1	1
70.7252402706074	147.574812950004	1	1
70.5012404556987	147.77446507163	1	1
70.2765431558638	147.973331886851	1	1
70.0511511242423	148.171410959018	1	1
69.7098243459991	148.409366533174	1	1
69.4767873548644	148.599343265852	1	1
69.240186343879	148.784862428735	1	1
69.0001065655784	148.965857175198	1	1
68.7566345259743	149.142262288863	1	1
68.5098579533845	149.314014207096	1	1
68.2598657668228	149.481051043914	1	1
68.0067480439588	149.643312612279	1	1
67.7505959886619	149.800740445787	1	1
67.4915018981378	149.953277819737	1	1
67.2295591296721	150.100869771566	1	1
66.9648620669914	150.243463120654	1	1
66.6975060862553	150.38100648749	1	1
66.4275875216895	150.513450312181	1	1
66.1552036308753	150.640746872311	1	1
65.8804525597048	150.762850300137	1	1
65.6034333070171	150.879716599113	1	1
65.3242456889273	150.991303659749	1	1
65.0429903028596	151.097571274778	1	1
64.7597684913007	151.198481153647	1	1
64.4746823052835	151.293996936312	1	1
64.1878344676157	151.384084206342	1	1
63.8993283358672	151.468710503316	1	1
63.6092678651271	151.547845334522	1	1
63.3177575705474	151.621460185945	1	1
63.0249024896831	151.689528532539	1	1
62.7308081446455	151.752025847785	1	1
62.4355805040797	151.808929612529	1	1
62.1393259449822	151.860219323095	1	1
61.8421512143708	151.905876498676	1	1
61.5441633908212	151.945884687991	1	1
61.2454698458843	151.980229475209	1	1
60.946178205398	152.008898485151	1	1
60.6463963107072	152.031881387744	1	1
60.3462321798059	152.049169901744	1	1
60.0457939684164	152.060757797719	1	1
59.7451899310182	152.066640900296	1	1
59.4445283818415	152.066817089665	1	1
59.1600123665784	152.055728577079	1	1
58.8597425088639	152.051751932804	1	1
58.5596016771961	152.042093655662	1	1
58.2596973684127	152.026757204809	1	1
57.9601369946397	152.005748073068	1	1
57.6610278448209	151.979073784956	1	1
57.3624770462924	151.946743893994	1	1
57.0645915264142	151.908769979284	1	1
56.7674779742733	151.865165641359	1	1
56.4712428024733	151.815946497317	1	1
56.1759921090216	151.761130175224	1	1
55.88183163933	151.7007363078	1	1
55.5888667483416	151.634786525391	1	1
55.2972023627977	151.563304448219	1	1
55.006942943657	151.486315677923	1	1
54.7181924486835	151.403847788389	1	1
54.4310542952125	151.315930315878	1	1
54.145631323112	151.22259474844	1	1
53.8620257579497	151.123874514645	1	1
53.5803391743804	151.019804971605	1	1
53.3006724597669	150.910423392311	1	1
52.9061849142466	150.738726437214	1	1
52.6320120267201	150.616203076186	1	1
52.3597163236502	150.489562654748	1	1
52.0893596237839	150.358833923822	1	1
51.8210033056602	150.224046562488	1	1
51.5547082936755	150.085231171251	1	1
51.290535044252	149.94241926509	1	1
51.0285435321122	149.795643266306	1	1
50.7687932366635	149.64493649716	1	1
50.511343128494	149.490333172306	1	1
50.2562516559853	149.331868391028	1	1
50.0035767320425	149.169578129266	1	1
49.7533757209463	149.003499231453	1	1
49.5057054253302	148.833669402148	1	1
49.2606220732845	148.660127197476	1	1
49.0181813055907	148.482912016376	1	1
48.7784381630898	148.302064091655	1	1
48.5414470741862	148.117624480854	1	1
48.3072618424913	147.929635056927	1	1
48.0759356346083	147.738138498737	1	1
47.8475209680618	147.543178281362	1	1
47.6220696993753	147.34479866623	1	1
47.3996330122979	147.143044691067	1	1
47.1802614061842	146.937962159672	1	1
46.9640046845297	146.729597631521	1	1
46.750911943664	146.517998411195	1	1
46.5410315616043	146.30321253764	1	1
46.3344111870726	146.085288773262	1	1
46.1310977286779	145.864276592856	1	1
45.9311373442666	145.640226172374	1	1
45.7345754304435	145.413188377532	1	1
45.5414566122654	145.183214752267	1	1
45.3518247331102	144.950357507028	1	1
45.1657228447226	144.714669506928	1	1
44.9831931974411	144.476204259742	1	1
44.804277230605	144.235015903756	1	1
44.6290155631473	143.991159195478	1	1
44.4574479843727	143.744689497207	1	1
44.2896134449242	143.495662764464	1	1
44.1255500479405	143.24413553329	1	1
43.9652950404054	142.990164907405	1	1
43.8088848046916	142.733808545252	1	1
43.6563548503011	142.475124646902	1	1
43.5077398058033	142.21417194084	1	1
43.3868983123637	141.986753315905	1	1
43.2453583806041	141.722002365823	1	1
43.1013044775963	141.458610849482	1	1
42.9547496588435	141.196602637869	1	1
42.805707206505	140.936001476603	1	1
42.6541906281927	140.676830983783	1	1
42.5002136557468	140.419114647846	1	1
42.3437902439913	140.162875825443	1	1
42.184934569469	139.908137739314	1	1
42.0236610291575	139.654923476194	1	1
41.8599842391632	139.403255984711	1	1
41.6939190333978	139.153158073312	1	1
41.5254804622332	138.904652408193	1	1
41.3546837911378	138.657761511247	1	1
41.181544499293	138.41250775802	1	1
41.0060782781901	138.168913375688	1	1
40.8283010302084	137.927000441035	1	1
40.6482288671741	137.686790878461	1	1
40.4658781088996	137.448306457986	1	1
40.281265281705	137.211568793287	1	1
40.0944071169202	136.976599339729	1	1
39.9053205493681	136.743419392427	1	1
39.7140227158306	136.512050084316	1	1
39.5205309534947	136.282512384231	1	1
39.3248627983818	136.054827095011	1	1
39.0282053960048	135.758364470611	1	1
38.8292544214445	135.533205099679	1	1
38.6262360348216	135.31170618932	1	1
38.4192175717641	135.093941204645	1	1
38.2082676946154	134.879982372324	1	1
37.9934563696613	134.669900656631	1	1
37.7748548439239	134.463765735905	1	1
37.5525356215307	134.261645979445	1	1
37.3265724396674	134.063608424826	1	1
37.0970402441208	133.869718755672	1	1
36.8640151644218	133.680041279865	1	1
36.6275744885952	133.494638908219	1	1
36.387796637525	133.313573133614	1	1
36.144761138945	133.136904010599	1	1
35.898548601061	132.964690135473	1	1
35.6492406858158	132.796988626853	1	1
35.3969200818037	132.633855106729	1	1
35.1416704768454	132.475343682012	1	1
34.8835765302308	132.321506926592	1	1
34.6227238446397	132.172395863901	1	1
34.3591989377502	132.028059949984	1	1
34.0930892135426	131.888547057106	1	1
33.8244829333104	131.753903457863	1	1
33.5534691863861	131.624173809844	1	1
33.2801378605929	131.499401140812	1	1
33.0045796124313	131.379626834439	1	1
32.7268858370108	131.264890616574	1	1
32.4471486377367	131.155230542074	1	1
32.165460795762	131.050682982175	1	1
31.8819157392144	130.951282612434	1	1
31.5966075122084	130.857062401227	1	1
31.3096307436541	130.768053598813	1	1
31.021080615871	130.684285726967	1	1
30.691	130.599	1	1
30.3906888888889	130.543377777778	1	1
30.0903777777778	130.487755555556	1	1
29.7900666666667	130.432133333333	1	1
29.4897555555556	130.376511111111	1	1
29.1894444444444	130.320888888889	1	1
28.8891333333333	130.265266666667	1	1
28.5888222222222	130.209644444444	1	1
28.2885111111111	130.154022222222	1	1
27.9882	130.0984	1	1
27.6878888888889	130.042777777778	1	1
27.3875777777778	129.987155555556	1	1
27.0872666666667	129.931533333333	1	1
26.7869555555556	129.875911111111	1	1
26.4866444444444	129.820288888889	1	1
26.1863333333333	129.764666666667	1	1
25.8860222222222	129.709044444444	1	1
25.5857111111111	129.653422222222	1	1
25.2854	129.5978	1	1
24.9850888888889	129.542177777778	1	1
24.6847777777778	129.486555555556	1	1
24.3844666666667	129.430933333333	1	1
24.0841555555556	129.375311111111	1	1
23.7838444444444	129.319688888889	1	1
23.4835333333333	129.264066666667	1	1
23.1832222222222	129.208444444444	1	1
22.8829111111111	129.152822222222	1	1
22.5826	129.0972	1	1
22.2822888888889	129.041577777778	1	1
21.9819777777778	128.985955555556	1	1
21.6816666666667	128.930333333333	1	1
21.3813555555556	128.874711111111	1	1
21.0810444444444	128.819088888889	1	1
20.7807333333333	128.763466666667	1	1
20.5265446594056	128.707596657504	1	1
20.2368890405849	128.627841338468	1	1
19.948775398946	128.542683732052	1	1
19.6623044815411	128.452153616012	1	1
19.3775764609978	128.356282646755	1	1
19.0946909004905	128.255104348264	1	1
18.8137467189256	128.148654100384	1	1
18.5348421563516	128.036969126442	1	1
18.2580747396068	127.920088480237	1	1
17.9835412482162	127.798053032379	1	1
17.7113376805501	127.670905456001	1	1
17.441559220255	127.538690211836	1	1
17.1743002029704	127.401453532668	1	1
16.9096540833417	127.259243407169	1	1
16.6477134023407	127.112109563116	1	1
16.3885697549068	126.960103450004	1	1
16.1323137579174	126.803278221052	1	1
15.8790350185018	126.641688714619	1	1
15.6288221027073	126.475391435031	1	1
15.3817625045294	126.304444532815	1	1
15.1379426153174	126.128907784373	1	1
14.8974476935652	125.948842571074	1	1
14.6603618350979	125.764311857794	1	1
14.4267679436657	125.575380170895	1	1
14.1967477019542	125.382113575665	1	1
13.9703815430216	125.184579653213	1	1
13.747748622173	124.982847476842	1	1
13.528926789282	124.776987587891	1	1
13.3139925615674	124.567071971069	1	1
13.1030210968377	124.353174029286	1	1
12.8960861672097	124.135368557985	1	1
12.6932601333116	123.913731718985	1	1
12.4946139189807	123.68834101385	1	1
12.3002169864628	123.459275256792	1	1
12.1101373121222	123.226614547106	1	1
11.9244413626725	122.990440241165	1	1
11.7431940719344	122.750834923968	1	1
11.5664588181295	122.507882380266	1	1
11.3942974017188	122.26166756526	1	1
11.2267700237922	122.012276574897	1	1
11.0639352650172	121.759796615764	1	1
10.9058500651552	121.504315974593	1	1
10.7525697031501	121.245923987386	1	1
10.6041477777992	120.984711008183	1	1
10.4606361890104	120.720768377462	1	1
10.3220851196541	120.454188390198	1	1
10.1885430180153	120.185064263597	1	1
10.0600565808523	119.913490104491	1	1
9.93667073706788	119.639560876437	1	1
9.81842863199869	119.363372366506	1	1
9.70537161232818	119.085021151793	1	1
9.59753921162858	118.804604565643	1	1
9.49496913653694	118.522220663615	0	1
9.39769725356987	118.237968189196	0	1
9.30575757658183	117.951946539274	0	1
9.21918225487124	117.664255729376	0	1
9.13800156193856	117.3749963587	0	1
9.0622438849003	117.084269574934	0	1
8.99193571456265	116.79217703889	0	1
8.92710163615829	116.498820888952	0	1
8.8677643207494	116.204303705363	0	1
8.8139445173001	115.908728474355	0	1
8.76566104542102	115.612198552134	0	1
8.72293078878846	115.314817628743	0	1
8.68576868924057	115.0166896918	0	1
8.65418774155246	114.717918990137	0	1
8.62819898889228	114.418609997348	0	1
8.60781151895962	114.118867375256	0	1
8.59303246080774	113.818795937313	0	1
8.58386698235073	113.518500611952	0	1
8.58031828855634	113.218086405895	0	1
8.58238762032536	112.917658367431	0	1
8.59007425405763	112.61732154969	0	1
8.6033755019051	112.317180973902	0	1
8.62228671271169	112.017341592674	0	1
8.64680127363975	111.717908253296	0	1
8.69316521739131	111.379104347826	0	1
8.74213043478261	111.083108695652	0	1
8.79109565217391	110.787113043478	0	1
8.84006086956522	110.491117391304	0	1
8.88902608695652	110.19512173913	0	1
8.93799130434783	109.899126086957	0	1
8.98695652173913	109.603130434783	0	1
9.03592173913043	109.307134782609	0	1
9.08488695652174	109.011139130435	0	1
9.13385217391304	108.715143478261	0	1
9.18281739130435	108.419147826087	0	1
9.23178260869565	108.123152173913	0	1
9.28074782608696	107.827156521739	0	1
9.32971304347826	107.531160869565	0	1
9.37867826086956	107.235165217391	0	1
9.42764347826087	106.939169565217	0	1
9.47660869565217	106.643173913043	0	1
9.52557391304348	106.34717826087	0	1
9.57453913043478	106.051182608696	0	1
9.62350434782609	105.755186956522	0	1
9.67246956521739	105.459191304348	0	1
9.7214347826087	105.163195652174	0	1
9.7704	104.8672	0	1
9.8193652173913	104.571204347826	0	1
9.86833043478261	104.275208695652	0	1
9.91729565217391	103.979213043478	0	1
9.96626086956522	103.683217391304	0	1
10.0152260869565	103.38722173913	0	1
10.0641913043478	103.091226086957	0	1
10.1131565217391	102.795230434783	0	1
10.1621217391304	102.499234782609	0	1
10.2110869565217	102.203239130435	0	1
10.260052173913	101.907243478261	0	1
10.3090173913043	101.611247826087	0	1
10.3579826086957	101.315252173913	0	1
10.406947826087	101.019256521739	0	1
10.4559130434783	100.723260869565	0	1
10.5048782608696	100.427265217391	0	1
10.5538434782609	100.131269565217	0	1
10.6028086956522	99.8352739130435	0	1
10.6517739130435	99.5392782608696	0	1
10.7007391304348	99.2432826086957	0	1
10.7497043478261	98.9472869565217	0	1
10.7986695652174	98.6512913043478	0	1
10.8476347826087	98.3552956521739	0	1
10.8966	98.0593	0	1
10.9455652173913	97.7633043478261	0	1
10.9945304347826	97.4673086956522	0	1
11.0434956521739	97.1713130434783	0	1
11.0924608695652	96.8753173913044	0	1
11.1414260869565	96.5793217391304	0	1
11.1903913043478	96.2833260869565	0	1
11.2393565217391	95.9873304347826	0	1
11.2883217391304	95.6913347826087	0	1
11.3372869565217	95.3953391304348	0	1
11.386252173913	95.0993434782609	0	1
11.4352173913043	94.803347826087	0	1
11.4841826086957	94.507352173913	0	1
11.533147826087	94.2113565217391	0	1
11.5821130434783	93.9153608695652	0	1
11.6310782608696	93.6193652173913	0	1
11.6800434782609	93.3233695652174	0	1
11.7290086956522	93.0273739130435	0	1
11.7779739130435	92.7313782608696	0	1
11.8269391304348	92.4353826086957	0	1
11.8759043478261	92.1393869565217	0	1
11.9248695652174	91.8433913043478	0	1
11.9738347826087	91.5473956521739	0	1
12.0228	91.2514	0	1
12.0717652173913	90.9554043478261	0	1
12.1207304347826	90.6594086956522	0	1
12.1696956521739	90.3634130434782	0	1
12.2186608695652	90.0674173913044	0	1
12.2676260869565	89.7714217391304	0	1
12.3165913043478	89.4754260869565	0	1
12.3655565217391	89.1794304347826	0	1
12.4145217391304	88.8834347826087	0	1
12.4634869565217	88.5874391304348	0	1
12.512452173913	88.2914434782609	0	1
12.5614173913043	87.9954478260869	0	1
12.6103826086957	87.699452173913	0	1
12.659347826087	87.4034565217391	0	1
12.7083130434783	87.1074608695652	0	1
12.7572782608696	86.8114652173913	0	1
12.8062434782609	86.5154695652174	0	1
12.8552086956522	86.2194739130435	0	1
12.9041739130435	85.9234782608696	0	1
12.9531391304348	85.6274826086957	0	1
13.0021043478261	85.3314869565217	0	1
13.0510695652174	85.0354913043478	0	1
13.1000347826087	84.7394956521739	0	1
13.149	84.4435	0	1
13.1979652173913	84.1475043478261	0	1
13.2469304347826	83.8515086956522	0	1
13.2958956521739	83.5555130434783	0	1
13.3448608695652	83.2595173913044	0	1
13.3938260869565	82.9635217391304	0	1
13.4427913043478	82.6675260869565	0	1
13.4917565217391	82.3715304347826	0	1
13.5407217391304	82.0755347826087	0	1
13.5896869565217	81.7795391304348	0	1
13.638652173913	81.4835434782609	0	1
13.6876173913043	81.187547826087	0	1
13.7365826086957	80.891552173913	0	1
13.785547826087	80.5955565217391	0	1
13.8345130434783	80.2995608695652	0	1
13.8834782608696	80.0035652173913	0	1
13.9324434782609	79.7075695652174	0	1
13.9814086956522	79.4115739130435	0	1
14.0303739130435	79.1155782608696	0	1
14.0793391304348	78.8195826086957	0	1
14.1283043478261	78.5235869565217	0	1
14.1772695652174	78.2275913043478	0	1
14.2262347826087	77.9315956521739	0	1
14.2752	77.6356	0	1
14.3241652173913	77.3396043478261	0	1
14.3731304347826	77.0436086956522	0	1
14.4220956521739	76.7476130434783	0	1
14.4710608695652	76.4516173913044	0	1
14.5200260869565	76.1556217391304	0	1
14.5689913043478	75.8596260869565	0	1
14.6179565217391	75.5636304347826	0	1
14.6669217391304	75.2676347826087	0	1
14.7158869565217	74.9716391304348	0	1
14.764852173913	74.6756434782609	0	1
14.8138173913043	74.379647826087	0	1
14.8627826086957	74.083652173913	0	1
14.911747826087	73.7876565217391	0	1
14.9607130434783	73.4916608695652	0	1
15.0096782608696	73.1956652173913	0	1
15.0586434782609	72.8996695652174	0	1
15.1076086956522	72.6036739130435	0	1
15.1565739130435	72.3076782608696	0	1
15.2055391304348	72.0116826086957	0	1
15.2545043478261	71.7156869565218	0	1
15.3034695652174	71.4196913043478	0	1
15.3524347826087	71.1236956521739	0	1
15.4014	70.8277	0	1
15.4503652173913	70.5317043478261	0	1
15.4993304347826	70.2357086956522	0	1
15.5482956521739	69.9397130434783	0	1
15.5972608695652	69.6437173913044	0	1
15.6462260869565	69.3477217391304	0	1
15.6951913043478	69.0517260869565	0	1
15.7441565217391	68.7557304347826	0	1
15.7931217391304	68.4597347826087	0	1
15.8420869565217	68.1637391304348	0	1
15.891052173913	67.8677434782609	0	1
15.9400173913043	67.571747826087	0	1
15.9889826086957	67.275752173913	0	1
16.037947826087	66.9797565217391	0	1
16.0869130434783	66.6837608695652	0	1
16.1358782608696	66.3877652173913	0	1
16.1848434782609	66.0917695652174	0	1
16.2338086956522	65.7957739130435	0	1
16.2827739130435	65.4997782608696	0	1
16.3317391304348	65.2037826086957	0	1
16.3807043478261	64.9077869565217	0	1
16.4296695652174	64.6117913043478	0	1
16.4786347826087	64.3157956521739	0	1
16.5276	64.0198	0	1
16.5765652173913	63.7238043478261	0	1
16.6255304347826	63.4278086956522	0	1
16.6744956521739	63.1318130434783	0	1
16.7234608695652	62.8358173913043	0	1
16.7724260869565	62.5398217391304	0	1
16.8213913043478	62.2438260869565	0	1
16.8703565217391	61.9478304347826	0	1
16.9193217391304	61.6518347826087	0	1
16.9682869565217	61.3558391304348	0	1
17.017252173913	61.0598434782609	0	1
17.0662173913043	60.763847826087	0	1
17.1151826086957	60.467852173913	0	1
17.164147826087	60.1718565217391	0	1
17.2131130434783	59.8758608695652	0	1
17.2620782608696	59.5798652173913	0	1
17.3110434782609	59.2838695652174	0	1
17.3600086956522	58.9878739130435	0	1
17.4089739130435	58.6918782608696	0	1
17.4579391304348	58.3958826086957	0	1
17.5069043478261	58.0998869565217	0	1
17.5558695652174	57.8038913043478	0	1
17.6048347826087	57.5078956521739	0	1
17.6538	57.2119	0	1
17.7027652173913	56.9159043478261	0	1
17.7517304347826	56.6199086956522	0	1
17.8006956521739	56.3239130434783	0	1
17.8496608695652	56.0279173913043	0	1
17.8986260869565	55.7319217391304	1	1
17.9475913043478	55.4359260869565	1	1
17.9965565217391	55.1399304347826	1	1
18.0455217391304	54.8439347826087	1	1
18.0944869565217	54.5479391304348	1	1
18.143452173913	54.2519434782609	1	1
18.1924173913043	53.955947826087	1	1
18.2413826086957	53.659952173913	1	1
18.290347826087	53.3639565217391	1	1
18.3629730299479	53.0719152784174	1	1
18.4532651083269	52.7855991215753	1	1
18.5513780133701	52.5018678068587	1	1
18.657237888758	52.2209349183076	1	1
18.7707650464947	51.9430119333944	1	1
18.8918740268943	51.6683080638304	1	1
19.0204736629128	51.397030098078	1	1
19.1564671487751	51.1293822456864	1	1
19.2997521128478	50.8655659835692	1	1
19.4502206947015	50.605779904339	1	1
19.6077596263042	50.3502195668132	1	1
19.7722503172863	50.099077348803	1	1
19.9435689442119	49.8525423022981	1	1
20.1215865437885	49.6108000111536	1	1
20.3061691099474	49.3740324513886	1	1
20.4971776947186	49.1424178542007	1	1
20.6944685128267	48.9161305717983	1	1
20.8978930499282	48.6953409461546	1	1
21.107298174408	48.4802151807789	1	1
21.3225262526522	48.2709152156043	1	1
21.5434152677101	48.0675986050837	1	1
21.7697989412551	47.8704183995885	1	1
22.0015068587538	47.6795230301967	1	1
22.238364597749	47.4950561969585	1	1
22.4801938591593	47.3171567607239	1	1
22.7268126014969	47.145958638612	1	1
22.9780351779031	46.9815907032028	1	1
23.2336724758971	46.824176685526	1	1
23.4935320597341	46.6738350819197	1	1
23.7574183152648	46.5306790648305	1	1
24.0251325971878	46.3948163976209	1	1
24.2964733785832	46.266349353448	1	1
24.5712364026164	46.1453746382758	1	1
24.8492148362953	46.0319833180777	1	1
25.1301994261685	45.9262607502854	1	1
25.4139786558445	45.828286519534	1	1
25.7003389052144	45.7381343777531	0	1
25.9890646112585	45.6558721886494	0	1
26.2799384303158	45.5815618766202	0	1
26.5727414016928	45.5152593801391	0	1
26.8672531124908	45.4570146096472	0	1
27.1632518635256	45.4068714099819	0	1
27.4605148362157	45.3648675273721	0	1
27.7588182603132	45.3310345810242	0	1
28.0579375823508	45.3053980393195	0	1
28.3576476346791	45.2879772006432	0	1
28.6577228049654	45.2787851788563	0	1
28.9579372060274	45.2778288934249	0	1
29.1897104539483	45.2891595125708	0	1
29.4899256439412	45.3171963966474	0	1
29.7901408339341	45.345233280724	0	1
30.0903560239271	45.3732701648007	0	1
30.39057121392	45.4013070488773	0	1
30.6907864039129	45.4293439329539	0	1
30.9910015939058	45.4573808170305	0	1
31.2912167838987	45.4854177011071	0	1
31.5914319738917	45.5134545851838	0	1
31.8916471638846	45.5414914692604	0	1
32.1918623538775	45.569528353337	0	1
32.4920775438704	45.5975652374136	0	1
32.7922927338633	45.6256021214902	0	1
33.0925079238563	45.6536390055669	0	1
33.3927231138492	45.6816758896435	0	1
33.6929383038421	45.7097127737201	0	1
33.993153493835	45.7377496577967	0	1
34.2933686838279	45.7657865418734	0	1
34.5935838738209	45.79382342595	0	1
34.8937990638138	45.8218603100266	0	1
35.1940142538067	45.8498971941032	0	1
35.4942294437996	45.8779340781798	0	1
35.7944446337926	45.9059709622565	0	1
36.0946598237855	45.9340078463331	0	1
36.3948750137784	45.9620447304097	0	1
36.6950902037713	45.9900816144863	0	1
36.9953053937642	46.0181184985629	0	1
37.2955205837572	46.0461553826396	0	1
37.5957357737501	46.0741922667162	0	1
37.895950963743	46.1022291507928	0	1
38.1961661537359	46.1302660348694	0	1
38.4963813437288	46.158302918946	0	1
38.7965965337218	46.1863398030227	0	1
39.0968117237147	46.2143766870993	0	1
39.3970269137076	46.2424135711759	0	1
39.6972421037005	46.2704504552525	0	1
39.9974572936935	46.2984873393292	0	1
40.2976724836864	46.3265242234058	0	1
40.5978876736793	46.3545611074824	0	1
40.8981028636722	46.382597991559	0	1
41.1983180536651	46.4106348756356	0	1
41.4985332436581	46.4386717597123	0	1
41.798748433651	46.4667086437889	0	1
42.0989636236439	46.4947455278655	0	1
42.3991788136368	46.5227824119421	0	1
42.6993940036297	46.5508192960187	0	1
42.9996091936227	46.5788561800954	0	1
43.2998243836156	46.606893064172	0	1
43.6000395736085	46.6349299482486	0	1
43.9002547636014	46.6629668323252	0	1
44.2004699535944	46.6910037164019	0	1
44.5006851435873	46.7190406004785	0	1
44.8009003335802	46.7470774845551	0	1
45.1011155235731	46.7751143686317	0	1
45.401330713566	46.8031512527083	0	1
45.701545903559	46.831188136785	0	1
46.0017610935519	46.8592250208616	0	1
46.3019762835448	46.8872619049382	0	1
46.6021914735377	46.9152987890148	0	1
46.9024066635306	46.9433356730914	0	1
47.2026218535236	46.9713725571681	0	1
47.5028370435165	46.9994094412447	0	1
47.8030522335094	47.0274463253213	0	1
48.1032674235023	47.0554832093979	0	1
48.4034826134952	47.0835200934746	0	1
48.7036978034882	47.1115569775512	0	1
49.0039129934811	47.1395938616278	0	1
49.304128183474	47.1676307457044	0	1
49.6043433734669	47.195667629781	0	1
49.9045585634599	47.2237045138577	0	1
50.2047737534528	47.2517413979343	0	1
50.5049889434457	47.2797782820109	0	1
50.8052041334386	47.3078151660875	0	1
51.1054193234315	47.3358520501641	0	1
51.4056345134245	47.3638889342408	0	1
51.7058497034174	47.3919258183174	0	1
52.0060648934103	47.419962702394	0	1
52.3062800834032	47.4479995864706	0	1
52.6064952733961	47.4760364705472	0	1
52.9067104633891	47.5040733546239	0	1
53.206925653382	47.5321102387005	0	1
53.5071408433749	47.5601471227771	0	1
53.8073560333678	47.5881840068537	0	1
54.1075712233608	47.6162208909304	0	1
54.4077864133537	47.644257775007	0	1
54.7080016033466	47.6722946590836	0	1
55.0082167933395	47.7003315431602	0	1
55.3084319833324	47.7283684272368	0	1
55.6086471733254	47.7564053113135	0	1
55.9088623633183	47.7844421953901	0	1
56.2090775533112	47.8124790794667	0	1
56.5092927433041	47.8405159635433	0	1
56.809507933297	47.8685528476199	0	1
57.10972312329	47.8965897316966	0	1
57.4099383132829	47.9246266157732	0	1
57.7101535032758	47.9526634998498	1	1
58.0103686932687	47.9807003839264	1	1
58.3105838832616	48.0087372680031	1	1
58.6107990732546	48.0367741520797	1	1
58.9110142632475	48.0648110361563	1	1
59.2112294532404	48.0928479202329	1	1
59.5114446432333	48.1208848043095	1	1
59.8117179085177	48.1484051354252	1	1
60.1103305465121	48.1789935837053	1	1
60.4094892386242	48.2036763240701	1	1
60.7090771982597	48.2224437207869	1	1
61.0089774712456	48.2352884473751	1	1
61.3090729814866	48.2422054894664	1	1
61.6092465766703	48.2431921467623	1	1
61.9093810740011	48.238248034088	1	1
62.2093593059465	48.2273750815433	1	1
62.5090641659775	48.2105775337484	1	1
62.8083786542849	48.1878619481878	1	1
63.1071859234544	48.1592371926493	1	1
63.4053693240812	48.1247144417631	1	1
63.7028124503088	48.0843071726388	1	1
63.9993991852714	48.0380311596044	1	1
64.2950137464241	47.9859044680484	1	1
64.5895407307428	47.927947447367	1	1
64.8828651597751	47.8641827230202	1	1
65.1748725245263	47.7946351876996	1	1
65.4654488301618	47.7193319916099	1	1
65.7544806405089	47.6383025318707	1	1
66.04185512234	47.5515784410398	1	1
66.3274600894211	47.4591935747645	1	1
66.6111840463077	47.3611839985654	1	1
66.8929162318702	47.2575879737561	1	1
67.1725466625338	47.1484459425076	1	1
67.4499661752135	47.0338005120594	1	1
67.7250664699306	46.9136964380873	1	1
67.9977401520903	46.7881806072307	1	1
68.2678807744071	46.6573020187893	1	1
68.5353828784602	46.5211117655945	1	1
68.8001420358626	46.3796630140635	1	1
69.0620548890282	46.233010983444	1	1
69.3210191915207	46.0812129242579	1	1
69.5769338479694	45.9243280959511	1	1
69.8296989535346	45.7624177437597	1	1
70.0792158329093	45.5955450748015	1	1
70.3253870788399	45.4237752334	1	1
70.5681165901529	45.247175275654	1	1
70.8073096092707	45.0658141432594	1	1
71.0428727592037	44.8797626365959	1	1
71.2747140800032	44.6890933870876	1	1
71.5027430646607	44.4938808288487	1	1
71.7268706944407	44.2942011696259	1	1
71.9470094736319	44.0901323610481	1	1
72.163073463704	43.8817540681953	1	1
72.3749783168571	43.6691476384989	1	1
72.5826413089492	43.4523960699845	1	1
72.7859813717907	43.2315839788713	1	1
72.9849191247918	43.0067975665395	1	1
73.1793769059515	42.7781245858781	1	1
73.3692788021755	42.545654307028	1	1
73.5545506789116	42.3094774825324	1	1
73.7351202090903	42.0696863119086	1	1
73.9109169013604	41.8263744056544	1	1
74.0818721276073	41.5796367487048	1	1
74.2479191497448	41.3295696633509	1	1
74.4089931457678	41.0762707716373	1	1
74.5650312350584	40.8198389572526	1	1
74.7159725029333	40.5603743269262	1	1
74.8617580244236	40.2979781713485	1	1
75.0023308872784	40.0327529256291	1	1
75.1376362141823	39.7648021293072	0	1
75.2676211841787	39.4942303859318	0	1
75.39223505329	39.2211433222264	0	1
75.5114291743274	38.9456475468537	0	1
75.625157015882	38.6678506087974	0	1
75.7333741804896	38.3878609553771	0	1
75.8360384219633	38.1057878899122	0	1
75.9331096618848	37.8217415290515	0	1
76.0245500052514	37.5358327597856	0	1
76.1103237552687	37.2481731961586	0	1
76.1903974272867	36.9588751356955	0	1
76.2647397618711	36.6680515155636	0	1
76.3333217370069	36.375815868483	0	1
76.396116579428	36.0822822784061	0	1
76.4530997750686	35.7875653359805	0	1
76.504249078634	35.491780093815	0	1
76.5495445222839	35.1950420215649	0	1
76.5889684234279	34.8974669608547	0	1
76.6225053916285	34.599171080055	0	1
76.6501423346094	34.300270828933	0	1
76.6718684633662	34.0008828931919	0	1
76.686509469465	33.7027164838836	0	1
76.6976088737962	33.3987561877192	0	1
76.7087082781273	33.0947958915549	0	1
76.7198076824584	32.7908355953906	0	1
76.7309070867895	32.4868752992262	0	1
76.7420064911207	32.1829150030619	0	1
76.7531058954518	31.8789547068975	0	1
76.7642052997829	31.5749944107332	0	1
76.775304704114	31.2710341145689	0	1
76.7864041084452	30.9670738184045	0	1
76.7975035127763	30.6631135222402	0	1
76.8086029171074	30.3591532260759	0	1
76.8197023214385	30.0551929299115	0	1
76.8308017257696	29.7512326337472	0	1
76.8419011301008	29.4472723375828	0	1
76.8530005344319	29.1433120414185	0	1
76.864099938763	28.8393517452542	0	1
76.8751993430942	28.5353914490898	0	1
76.8862987474253	28.2314311529255	0	1
76.8973981517564	27.9274708567611	0	1
76.9084975560875	27.6235105605968	0	1
76.9195969604186	27.3195502644325	0	1
76.9306963647498	27.0155899682681	0	1
76.9417957690809	26.7116296721038	0	1
76.952895173412	26.4076693759395	0	1
76.9639945777431	26.1037090797751	0	1
76.9750939820743	25.7997487836108	1	1
76.9861933864054	25.4957884874464	1	1
77.0009280016733	25.1951772683107	1	1
77.0359669568672	24.8965075510943	1	1
77.0761418288771	24.5984852230344	1	1
77.1214407130215	24.3011985945788	1	1
77.1718501862634	24.0047357581714	1	1
77.2273553111879	23.7091845621489	1	1
77.2879396404286	23.4146325847091	1	1
77.3535852215413	23.1211671079599	1	1
77.4242726023235	22.8288750920557	1	1
77.4999808365787	22.5378431494287	1	1
77.5806874903231	22.2481575191248	1	1
77.6663686484336	21.959904041248	1	1
77.7569989217338	21.6731681315248	1	1
77.8525514545178	21.3880347559936	1	1
77.9529979325079	21.1045884058273	1	1
78.0583085912448	20.8229130722966	1	1
78.1684522249076	20.5430922218819	1	1
78.2833961955606	20.2652087715403	1	1
78.4031064428245	19.9893450641353	1	1
78.5275474939695	19.7155828440369	1	1
78.6566824744265	19.4440032328994	1	1
78.7904731187139	19.1746867056227	1	1
78.9288797817763	18.9077130665061	1	1
79.0718614507323	18.6431614256006	1	1
79.2193757570277	18.381110175267	1	1
79.3713789889899	18.1216369669462	1	1
79.5278261047808	17.8648186881497	1	1
79.6886707457435	17.6107314396763	1	1
79.8538652501396	17.3594505130611	1	1
80.0233606672722	17.111050368266	1	1
80.1971067719914	16.8656046116146	1	1
80.3750520795764	16.6231859739819	1	1
80.5571438609923	16.383866289242	1	1
80.7433281585144	16.1477164729824	1	1
80.9335498017172	15.9148065014902	1	1
81.1277524238223	15.6852053910166	1	1
81.3258784784018	15.4589811773258	1	1
81.5278692564296	15.2362008955347	1	1
81.733664903679	15.0169305602487	1	1
81.9432044384583	14.8012351460004	1	1
82.1564257696809	14.5891785679961	1	1
82.3732657152649	14.3808236631765	1	1
82.5936600208545	14.1762321715966	1	1
82.8175433788605	13.9754647181307	1	1
83.0448494478121	13.7785807945082	1	1
83.2755108720155	13.5856387416848	1	1
83.5094593015125	13.3966957325547	1	1
83.7466254123345	13.2118077550093	1	1
83.9869389270443	13.0310295953466	1	1
84.2303286355612	12.8544148220368	1	1
84.4767224162618	12.6820157698488	1	1
84.7260472573512	12.5138835243425	1	1
84.9782292784981	12.3500679067309	1	1
85.2331937527272	12.1906174591168	1	1
85.4908651285621	12.0355794301091	1	1
85.7511670524132	11.8849997608219	1	1
86.0140223912026	11.7389230712608	1	1
86.2793532552207	11.5973926471016	1	1
86.547081021206	11.4604504268635	1	1
86.8171263556435	11.3281369894818	1	1
87.0894092382725	11.2004915422835	1	1
87.3638489857986	11.0775519093694	1	1
87.6403642758017	10.959354520406	1	1
87.9188731708336	10.8459343998306	0	1
88.1992931426981	10.7373251564728	0	1
88.4815410969055	10.6335589735952	0	1
88.7655333972955	10.5346665993575	0	1
89.0511858908206	10.4406773377042	0	1
89.338413932482	10.3516190396821	0	1
89.6271324104121	10.2675180951869	0	1
89.9172557710948	10.1883994251436	0	1
90.2086980447169	10.1142864741215	0	1
90.501372870643	10.0452012033876	0	1
90.7951935230057	9.98116408439861	0	1
91.0900729364044	9.92219409273484	0	1
91.3859237317051	9.86830870247753	0	1
91.6826582419321	9.81952388103076	0	1
91.9801885382459	9.77585408438998	0	1
92.2784264559986	9.73731225285841	0	1
92.5772836208585	9.70390980721253	0	1
92.8766714749979	9.67565664531787	0	1
93.1765013033342	9.65256113919605	0	1
93.4766842598186	9.63463013254399	0	1
93.7771313937624	9.62186893870592	0	1
94.0777536761958	9.61428133909901	0	1
94.3784620262484	9.61186958209275	0	1
94.6791673375464	9.61463438234282	0	1
94.9797805046162	9.62257492057921	0	1
95.2802124492887	9.63568884384909	0	1
95.5803741470948	9.65397226621396	0	1
95.8801766536455	9.67741976990119	0	1
96.1795311309878	9.7060244069094	0	1
96.4783488739294	9.7397777010673	0	1
96.7765413363241	9.77866965054538	0	1
97.0740201573098	9.82268873081965	0	1
97.3211844660194	9.86543689320388	0	1
97.6181165048544	9.91422330097087	0	1
97.9150485436893	9.96300970873786	0	1
98.2119805825243	10.0117961165049	0	1
98.5089126213592	10.0605825242718	0	1
98.8058446601942	10.1093689320388	0	1
99.1027766990291	10.1581553398058	0	1
99.3997087378641	10.2069417475728	0	1
99.696640776699	10.2557281553398	0	1
99.993572815534	10.3045145631068	0	1
100.290504854369	10.3533009708738	0	1
100.587436893204	10.4020873786408	0	1
100.884368932039	10.4508737864078	0	1
101.181300970874	10.4996601941748	0	1
101.478233009709	10.5484466019417	0	1
101.775165048544	10.5972330097087	0	1
102.072097087379	10.6460194174757	0	1
102.369029126214	10.6948058252427	0	1
102.665961165049	10.7435922330097	0	1
102.962893203883	10.7923786407767	0	1
103.259825242718	10.8411650485437	0	1
103.556757281553	10.8899514563107	0	1
103.853689320388	10.9387378640777	0	1
104.150621359223	10.9875242718447	0	1
104.447553398058	11.0363106796116	0	1
104.744485436893	11.0850970873786	0	1
105.041417475728	11.1338834951456	0	1
105.338349514563	11.1826699029126	0	1
105.635281553398	11.2314563106796	0	1
105.932213592233	11.2802427184466	0	1
106.229145631068	11.3290291262136	0	1
106.526077669903	11.3778155339806	0	1
106.823009708738	11.4266019417476	0	1
107.119941747573	11.4753883495146	0	1
107.416873786408	11.5241747572816	0	1
107.713805825243	11.5729611650485	0	1
108.010737864078	11.6217475728155	0	1
108.307669902913	11.6705339805825	0	1
108.604601941748	11.7193203883495	0	1
108.901533980583	11.7681067961165	0	1
109.198466019417	11.8168932038835	0	1
109.495398058252	11.8656796116505	0	1
109.792330097087	11.9144660194175	0	1
110.089262135922	11.9632524271845	0	1
110.386194174757	12.0120388349515	0	1
110.683126213592	12.0608252427184	0	1
110.980058252427	12.1096116504854	0	1
111.276990291262	12.1583980582524	0	1
111.573922330097	12.2071844660194	0	1
111.870854368932	12.2559708737864	0	1
112.167786407767	12.3047572815534	0	1
112.464718446602	12.3535436893204	0	1
112.761650485437	12.4023300970874	0	1
113.058582524272	12.4511165048544	0	1
113.355514563107	12.4999029126214	0	1
113.652446601942	12.5486893203884	0	1
113.949378640777	12.5974757281553	0	1
114.246310679612	12.6462621359223	0	1
114.543242718447	12.6950485436893	0	1
114.840174757282	12.7438349514563	0	1
115.137106796117	12.7926213592233	0	1
115.434038834951	12.8414077669903	0	1
115.730970873786	12.8901941747573	0	1
116.027902912621	12.9389805825243	0	1
116.324834951456	12.9877669902913	0	1
116.621766990291	13.0365533980583	0	1
116.918699029126	13.0853398058252	0	1
117.215631067961	13.1341262135922	0	1
117.512563106796	13.1829126213592	0	1
117.809495145631	13.2316990291262	0	1
118.106427184466	13.2804854368932	1	1
118.403771645365	13.3262350336118	1	1
118.701052308469	13.3696126582225	1	1
118.997414856395	13.4188737093631	1	1
119.292742863053	13.4739988348193	1	1
119.58692030877	13.5349663786737	1	1
119.879831625876	13.6017523898136	1	1
120.171361744097	13.6743306313403	1	1
120.461396135762	13.752672590876	1	1
120.7498208608	13.8367474917652	1	1
121.036522611496	13.9265223051651	1	1
121.321388757004	14.0219617630211	1	1
121.6043073876	14.1230283719216	1	1
121.885167358638	14.2296824278277	1	1
122.163858334219	14.3418820316708	1	1
122.440270830533	14.4595831058125	1	1
122.714296258872	14.5827394113607	1	1
122.985826968288	14.7113025663342	1	1
123.254756287884	14.8452220646703	1	1
123.520978568718	14.9844452960652	1	1
123.784389225311	15.1289175666428	1	1
124.04488477673	15.2785821204407	1	1
124.302362887243	15.4333801617068	1	1
124.556722406517	15.5932508779976	1	1
124.807863409361	15.7581314640679	1	1
125.05568723498	15.9279571465442	1	1
125.300096525729	16.1026612093708	1	1
125.540995265367	16.2821750200192	1	1
125.778288816773	16.4664280564506	1	1
126.011883959123	16.6553479348201	1	1
126.241688924516	16.848860437913	1	1
126.467613434023	17.0468895443012	1	1
126.689568733151	17.2493574582077	1	1
126.907467626714	17.4561846400694	1	1
127.121224513084	17.6672898377835	1	1
127.330755417824	17.882590118628	1	1
127.535978026672	18.1020009018414	1	1
127.736811717883	18.3254359918507	1	1
127.933177593897	18.5528076121328	1	1
128.12499851234	18.7840264396981	1	1
128.312199116321	19.0190016401808	1	1
128.494705864043	19.2576409035229	1	1
128.672447057692	19.499850480239	1	1
128.845352871602	19.7455352182448	1	1
129.013355379686	19.9945986002386	1	1
129.176388582123	20.2469427816174	1	1
129.334388431285	20.5024686289155	1	1
129.487292856898	20.7610757587491	1	1
129.635041790425	21.0226625772521	1	1
129.777577188665	21.2871263199866	1	1
129.914843056558	21.5543630923149	1	1
130.046785469177	21.8242679102137	1	1
130.173352592917	22.0967347415176	1	1
130.294494705858	22.3716565475735	1	1
130.410164217293	22.6489253252911	1	1
130.520315686431	22.9284321495718	0	1
130.624905840243	23.2100672160999	0	1
130.723893590466	23.4937198844791	0	1
130.817240049739	23.779278721698	0	1
130.904908546887	24.0666315459064	0	1
130.986864641322	24.3556654704856	0	1
131.063076136575	24.6462669483967	0	1
131.133513092943	24.9383218167868	0	1
131.198147839253	25.2317153418384	0	1
131.256954983731	25.5263322638423	0	1
131.309911423977	25.8220568424778	0	1
131.356996356044	26.1187729022808	0	1
131.398191282605	26.4163638782837	0	1
131.433480020224	26.714712861808	0	1
131.462848705714	27.0137026463915	0	1
131.48628580158	27.3132157738336	0	1
131.503782100553	27.6131345803378	0	1
131.51533072921	27.9133412427371	0	1
131.520927150669	28.2137178247796	0	1
131.520569166374	28.5141463234611	0	1
131.51425691696	28.8145087153813	0	1
131.501992882195	29.1146870031105	0	1
131.491848101266	29.2745696202532	0	1
131.446006329114	29.5716012658228	0	1
131.400164556962	29.8686329113924	0	1
131.35432278481	30.165664556962	0	1
131.308481012658	30.4626962025316	0	1
131.262639240506	30.7597278481013	0	1
131.216797468354	31.0567594936709	0	1
131.170955696203	31.3537911392405	0	1
131.125113924051	31.6508227848101	0	1
131.079272151899	31.9478544303797	0	1
131.033430379747	32.2448860759494	0	1
130.987588607595	32.541917721519	0	1
130.941746835443	32.8389493670886	0	1
130.895905063291	33.1359810126582	0	1
130.850063291139	33.4330126582278	0	1
130.804221518987	33.7300443037975	0	1
130.758379746835	34.0270759493671	0	1
130.712537974684	34.3241075949367	0	1
130.666696202532	34.6211392405063	0	1
130.62085443038	34.9181708860759	0	1
130.575012658228	35.2152025316456	0	1
130.529170886076	35.5122341772152	0	1
130.483329113924	35.8092658227848	0	1
130.437487341772	36.1062974683544	0	1
130.39164556962	36.403329113924	0	1
130.345803797468	36.7003607594937	0	1
130.299962025316	36.9973924050633	0	1
130.254120253165	37.2944240506329	0	1
130.208278481013	37.5914556962025	0	1
130.162436708861	37.8884873417722	0	1
130.116594936709	38.1855189873418	0	1
130.070753164557	38.4825506329114	0	1
130.024911392405	38.779582278481	0	1
129.979069620253	39.0766139240506	0	1
129.933227848101	39.3736455696203	0	1
129.887386075949	39.6706772151899	0	1
129.841544303797	39.9677088607595	0	1
129.795702531646	40.2647405063291	0	1
129.749860759494	40.5617721518987	0	1
129.704018987342	40.8588037974684	0	1
129.65817721519	41.155835443038	0	1
129.612335443038	41.4528670886076	0	1
129.566493670886	41.7498987341772	0	1
129.520651898734	42.0469303797468	0	1
129.474810126582	42.3439620253165	0	1
129.42896835443	42.6409936708861	0	1
129.383126582278	42.9380253164557	0	1
129.337284810127	43.2350569620253	0	1
129.291443037975	43.5320886075949	0	1
129.245601265823	43.8291202531646	0	1
129.199759493671	44.1261518987342	0	1
129.153917721519	44.4231835443038	0	1
129.108075949367	44.7202151898734	0	1
129.062234177215	45.017246835443	0	1
129.016392405063	45.3142784810127	0	1
128.970550632911	45.6113101265823	0	1
128.924708860759	45.9083417721519	0	1
128.878867088608	46.2053734177215	0	1
128.833025316456	46.5024050632911	0	1
128.787183544304	46.7994367088608	0	1
128.741341772152	47.0964683544304	0	1
128.6955	47.3935	0	1
128.649658227848	47.6905316455696	0	1
128.603816455696	47.9875632911392	0	1
128.557974683544	48.2845949367089	0	1
128.512132911392	48.5816265822785	0	1
128.46629113924	48.8786582278481	0	1
128.420449367089	49.1756898734177	0	1
128.374607594937	49.4727215189873	0	1
128.328765822785	49.769753164557	0	1
128.282924050633	50.0667848101266	0	1
128.237082278481	50.3638164556962	0	1
128.191240506329	50.6608481012658	0	1
128.145398734177	50.9578797468354	0	1
128.099556962025	51.2549113924051	0	1
128.053715189873	51.5519430379747	0	1
128.007873417722	51.8489746835443	0	1
127.96203164557	52.1460063291139	0	1
127.916189873418	52.4430379746835	0	1
127.870348101266	52.7400696202532	0	1
127.824506329114	53.0371012658228	0	1
127.778664556962	53.3341329113924	0	1
127.73282278481	53.631164556962	0	1
127.686981012658	53.9281962025317	0	1
127.641139240506	54.2252278481013	0	1
127.595297468354	54.5222594936709	0	1
127.549455696203	54.8192911392405	0	1
127.503613924051	55.1163227848101	0	1
127.457772151899	55.4133544303797	0	1
127.411930379747	55.7103860759494	0	1
127.366088607595	56.007417721519	0	1
127.320246835443	56.3044493670886	0	1
127.274405063291	56.6014810126582	0	1
127.228563291139	56.8985126582278	0	1
127.182721518987	57.1955443037975	0	1
127.136879746835	57.4925759493671	0	1
127.091037974684	57.7896075949367	0	1
127.045196202532	58.0866392405063	0	1
126.99935443038	58.3836708860759	0	1
126.953512658228	58.6807025316456	0	1
126.907670886076	58.9777341772152	0	1
126.861829113924	59.2747658227848	0	1
126.815987341772	59.5717974683544	0	1
126.77014556962	59.868829113924	0	1
126.724303797468	60.1658607594937	0	1
126.678462025316	60.4628924050633	0	1
126.632620253165	60.7599240506329	0	1
126.586778481013	61.0569556962025	0	1
126.540936708861	61.3539873417722	0	1
126.495094936709	61.6510189873418	0	1
126.449253164557	61.9480506329114	0	1
126.403411392405	62.245082278481	0	1
126.357569620253	62.5421139240506	0	1
126.311727848101	62.8391455696202	0	1
126.265886075949	63.1361772151899	0	1
126.220044303797	63.4332088607595	0	1
126.174202531646	63.7302405063291	0	1
126.128360759494	64.0272721518987	0	1
126.082518987342	64.3243037974683	0	1
126.03667721519	64.621335443038	0	1
125.990835443038	64.9183670886076	0	1
125.944993670886	65.2153987341772	0	1
125.899151898734	65.5124303797468	0	1
125.853310126582	65.8094620253164	0	1
125.80746835443	66.1064936708861	0	1
125.761626582278	66.4035253164557	0	1
125.715784810127	66.7005569620253	0	1
125.669943037975	66.9975886075949	0	1
125.624101265823	67.2946202531646	0	1
125.578259493671	67.5916518987342	0	1
125.532417721519	67.8886835443038	0	1
125.486575949367	68.1857151898734	0	1
125.440734177215	68.482746835443	0	1
125.394892405063	68.7797784810126	0	1
125.349050632911	69.0768101265823	0	1
125.303208860759	69.3738417721519	0	1
125.257367088608	69.6708734177215	0	1
125.211525316456	69.9679050632911	0	1
125.165683544304	70.2649367088608	0	1
125.119841772152	70.5619683544304	0	1
125.074	70.859	0	1
